0.01, 90.0, 140.0
0.01, 90.0, 140.0
0.02, 89.08197886292295, 140.2173411877205
0.03, 88.25538127465911, 140.61496000243167
0.04, 87.5385902783204, 141.1577568905265
0.05, 86.94011534821682, 141.81536324208338
0.060000000000000005, 86.46234802948752, 142.56287498217588
0.07, 86.82040003120554, 141.7452948132249
0.08, 87.04941535021226, 140.89387315851965
0.09, 87.15188403400431, 140.03269628238164
0.09999999999999999, 87.13456904058901, 139.18316161314277
0.10999999999999999, 87.0074938955442, 138.36340831983514
0.11999999999999998, 86.78293424239158, 137.58803580003277
0.12999999999999998, 86.47447769194872, 136.86806974984125
0.13999999999999999, 86.09619738464778, 136.21112634070698
0.15, 85.6619664710635, 135.62172191123716
0.16, 85.18492464066176, 135.10167730842153
0.17, 84.6770947181093, 134.6505712626289
0.18000000000000002, 84.14913756592306, 134.26620465189188
0.19000000000000003, 83.61022706300977, 133.94504602963355
0.20000000000000004, 83.06802346429181, 133.68263738650887
0.21000000000000005, 82.52872249349161, 133.47394706426056
0.22000000000000006, 81.99715849247434, 133.31366355863588
0.23000000000000007, 81.47694224617493, 133.19642938924554
0.24000000000000007, 80.97061716919266, 133.11701821753263
0.25000000000000006, 80.47982091287726, 133.0704610445804
0.26000000000000006, 80.00544277159062, 133.05212879829958
0.2700000000000001, 79.54777028577857, 133.05777915476526
0.2800000000000001, 79.10662101091074, 133.0835752743304
0.2900000000000001, 78.68145748306894, 133.1260834984979
0.3000000000000001, 78.27148496565813, 133.18225614546859
0.3100000000000001, 77.87573265216523, 133.2494045175168
0.3200000000000001, 77.49311969650584, 133.32516620667877
0.3300000000000001, 77.12250782445399, 133.40746983289768
0.34000000000000014, 76.76274242511676, 133.49449951460068
0.35000000000000014, 76.41268400069904, 133.58466067451238
0.36000000000000015, 76.07123172473536, 133.6765482244093
0.37000000000000016, 75.73734066979961, 133.7689177411998
0.38000000000000017, 75.41003404967266, 133.8606599266583
0.3900000000000002, 75.0884116017911, 133.95077841539737
0.4000000000000002, 74.77165502873136, 134.03837084140287
0.4100000000000002, 74.4590312311794, 134.12261297552152
0.4200000000000002, 74.14989390327007, 134.20274568996305
0.4300000000000002, 73.84368392513605, 134.2780644791163
0.4400000000000002, 73.53992887577157, 134.3479112593186
0.45000000000000023, 73.23824189956825, 134.41166817648798
0.46000000000000024, 72.93832008929574, 134.4687531644801
0.47000000000000025, 72.63994249396029, 134.5186170149653
0.48000000000000026, 72.34296781911237, 134.56074173903153
0.49000000000000027, 72.04733185729812, 134.59464002000382
0.5000000000000002, 71.75304466530187, 134.61985557517764
0.5100000000000002, 71.46018749078954, 134.63596426080196
0.5200000000000002, 71.16890944243066, 134.6425757695382
0.5300000000000002, 70.8794238933285, 134.6393357827898
0.5400000000000003, 70.59200460663419, 134.62592845188973
0.5500000000000003, 70.30698157377584, 134.60207909237218
0.5600000000000003, 70.02473655916225, 134.56755698468322
0.5700000000000003, 69.74569835002072, 134.52217818296202
0.5800000000000003, 69.470337715789, 134.4658082411896
0.5900000000000003, 69.19916208786968, 134.39836477327827
0.6000000000000003, 68.9327099772946, 134.31981977075853
0.6100000000000003, 68.67154515470318, 134.2302016087717
0.6200000000000003, 68.41625062380866, 134.12959667823407
0.6300000000000003, 68.1674224260349, 134.0181505893979
0.6400000000000003, 67.92566332009288, 133.8960688996685
0.6500000000000004, 67.69157638579121, 133.76361732648527
0.6600000000000004, 67.46575860620864, 133.62112141434443
0.6700000000000004, 67.24879448638585, 133.46896563362162
0.6800000000000004, 67.0412497698185, 133.30759189769606
0.6900000000000004, 66.84366531616723, 133.13749749392278
0.7000000000000004, 66.65655120467392, 132.95923243316037
0.7100000000000004, 66.4803811277356, 132.77339623173145
0.7200000000000004, 66.31558713790402, 132.58063414875886
0.7300000000000004, 66.16255480923857, 132.3816329106464
0.7400000000000004, 66.02161887045301, 132.17711596292597
0.7500000000000004, 65.89305936269356, 131.96783829762745
0.7600000000000005, 65.77709836912484, 131.75458091160314
0.7700000000000005, 65.67389735685846, 131.5381449577159
0.7800000000000005, 65.58355516423944, 131.3193456563495
0.7900000000000005, 65.5061066582309, 131.09900603920127
0.8000000000000005, 65.44152207775026, 130.8779506006706
0.8100000000000005, 65.38970706946992, 130.65699893427714
0.8200000000000005, 65.35050341297655, 130.43695943236972
0.8300000000000005, 65.32369042246856, 130.21862312688611
0.8400000000000005, 65.30898700255209, 130.00275774708592
0.8500000000000005, 65.30605432636368, 129.7901020670233
0.8600000000000005, 65.31449909539182, 129.58136061110437
0.8700000000000006, 65.33387733217114, 129.37719878045968
0.8800000000000006, 65.36369864965182, 129.17823845616397
0.8900000000000006, 65.40343093465465, 128.98505412768043
0.9000000000000006, 65.45250537754029, 128.7981695864501
0.9100000000000006, 65.51032177615708, 128.61805521545944
0.9200000000000006, 65.57625403936245, 128.4451258960883
0.9300000000000006, 65.64965581398924, 128.27973954376267
0.9400000000000006, 65.72986615906609, 128.12219627411514
0.9500000000000006, 65.81621519238614, 127.9727381916923
0.9600000000000006, 65.90802963710487, 127.83154978393912
0.9700000000000006, 66.00463819985904, 127.6987588944224
0.9800000000000006, 66.10537671682984, 127.57443824119879
0.01, 66.20959301009626, 127.45860743903845
0.02, 66.9464457642321, 126.63804964841378
0.03, 67.65500679315572, 125.84914587622204
0.04, 68.33723231930853, 125.09128024772204
0.05, 68.99491523594412, 124.3638026505803
0.060000000000000005, 69.6296953802797, 123.66603656542472
0.07, 70.24306954324587, 122.99728574318249
0.08, 70.83640116888604, 122.35683985667843
0.09, 71.4109297086086, 121.74397924575516
0.09999999999999999, 71.96777960572598, 121.15797886667286
0.10999999999999999, 72.50796889422185, 120.59811154794876
0.11999999999999998, 73.03241740266473, 120.06365064625618
0.12999999999999998, 73.54195455982058, 119.55387218764363
0.13999999999999999, 74.03732680298748, 119.0680565712455
0.15, 74.51920459354885, 118.60548990490608
0.16, 74.98818904687009, 118.16546503477547
0.17, 75.4448181855887, 117.74728232399056
0.18000000000000002, 75.88957282669394, 117.35025022904384
0.19000000000000003, 76.32288211367116, 116.97368571637628
0.20000000000000004, 76.74512870549617, 116.61691455610668
0.21000000000000005, 77.15665363449104, 116.27927152462215
0.22000000000000006, 77.55776084506756, 115.96010054299302
0.23000000000000007, 77.94872142524997, 115.65875477382575
0.24000000000000007, 78.32977754263442, 115.37459669521397
0.25000000000000006, 78.70114609615192, 115.10699816687355
0.26000000000000006, 79.06302209468605, 114.85534050033496
0.2700000000000001, 79.4155817732822, 114.61901454219623
0.2800000000000001, 79.75898545739076, 114.39742077689658
0.2900000000000001, 80.09338018532443, 114.18996945323356
0.3000000000000001, 80.41890209888857, 113.9960807369004
0.3100000000000001, 80.73567861196646, 113.81518488964618
0.3200000000000001, 81.04383036670876, 113.64672247424318
0.3300000000000001, 81.3434729868858, 113.49014458326573
0.34000000000000014, 81.6347186379083, 113.34491308872758
0.35000000000000014, 81.91767740299974, 113.2105009088726
0.36000000000000015, 82.19245848500458, 113.08639228785087
0.37000000000000016, 82.45917124333307, 112.97208308362245
0.38000000000000017, 82.71792607556674, 112.86708105919824
0.3900000000000002, 82.96883515327008, 112.77090617223554
0.4000000000000002, 83.212013021567, 112.68309085803902
0.4100000000000002, 83.44757707203536, 112.60318030116083
0.4200000000000002, 83.6756478984457, 112.5307326910306
0.4300000000000002, 83.89634954481318, 112.46531945736302
0.4400000000000002, 84.10980965514113, 112.40652548147247
0.45000000000000023, 84.3161595341076, 112.35394928005721
0.46000000000000024, 84.51553412777878, 112.30720315848733
0.47000000000000025, 84.7080719332266, 112.2659133311278
0.48000000000000026, 84.8939148456789, 112.2297200067396
0.49000000000000027, 85.07320795154335, 112.19827743751715
0.5000000000000002, 85.24609927532029, 112.17125393083029
0.5100000000000002, 85.412739488059, 112.14833182323379
0.5200000000000002, 85.5732815846191, 112.12920741678103
0.01, 85.72788053657841, 112.11359087812369
0.02, 86.96411291579112, 111.84590675051648
0.03, 88.14306399287052, 111.45216664884397
0.04, 89.251364258109, 110.94652565046243
0.05, 90.27870276621684, 110.34404218828824
0.060000000000000005, 91.21770325796238, 109.66011807258816
0.07, 92.0637190740585, 108.91001402810689
0.08, 92.81456866671071, 108.1084468840645
0.09, 93.47023216526551, 107.26926993231774
0.09999999999999999, 94.03252740761444, 106.4052341341381
0.10999999999999999, 94.50478133693376, 105.5278248461695
0.11999999999999998, 94.89150989375348, 104.6471665418714
0.12999999999999998, 95.19811669044813, 103.77198657801873
0.13999999999999999, 95.43061799275812, 102.90962831858216
0.15, 95.59539897145342, 102.06610378176599
0.16, 95.69900391360055, 101.24617630954464
0.17, 95.74796115165367, 100.4534644585255
0.18000000000000002, 95.74864190508148, 99.69055926564542
0.19000000000000003, 95.70715103379466, 98.95914815043407
0.20000000000000004, 95.62924685559565, 98.26013988881792
0.21000000000000005, 95.5202866468712, 97.5937862587306
0.22000000000000006, 95.38519418287466, 96.9597970587281
0.23000000000000007, 95.22844563243915, 96.3574461972361
0.24000000000000007, 95.05407025221491, 95.78566741684803
0.25000000000000006, 94.86566258025245, 95.24313894314776
0.26000000000000006, 94.66640316528789, 94.72835692943512
0.2700000000000001, 94.45908524982501, 94.23969801423364
0.2800000000000001, 94.2461452222013, 93.77547163003926
0.2900000000000001, 94.02969504225966, 93.33396291542948
0.3000000000000001, 93.81155521044293, 92.91346720604282
0.3100000000000001, 93.593287180225, 92.51231713086796
0.3200000000000001, 93.37622440273968, 92.12890333561025
0.3300000000000001, 93.16150143806364, 91.76168980981527
0.34000000000000014, 92.95008077053723, 91.4092247220052
0.35000000000000014, 92.74277712847571, 91.07014757814642
0.36000000000000015, 92.54027923562079, 90.74319342190304
0.37000000000000016, 92.343169017365, 90.42719469686541
0.38000000000000017, 92.15193835400925, 90.12108129597604
0.3900000000000002, 91.96700352081372, 89.82387923487822
0.4000000000000002, 91.78871748474296, 89.53470830581091
0.4100000000000002, 91.61738024446585, 89.25277899793012
0.4200000000000002, 91.45324740668103, 88.97738890879779
0.4300000000000002, 91.29653719097067, 88.70791881998187
0.4400000000000002, 91.14743604938614, 88.44382856666108
0.45000000000000023, 91.00610307760498, 88.18465279602907
0.46000000000000024, 90.87267338312077, 87.92999668125181
0.47000000000000025, 90.74726056353688, 87.67953163583283
0.48000000000000026, 90.6299584353427, 87.4329910565889
0.49000000000000027, 90.52084214104285, 87.19016611120071
0.5000000000000002, 90.41996875048983, 86.95090157771625
0.5100000000000002, 90.32737746091284, 86.71509173777234
0.5200000000000002, 90.24308948951573, 86.48267632206587
0.5300000000000002, 90.16710774264405, 86.25363650523701
0.5400000000000003, 90.09941633635981, 86.02799094737941
0.5500000000000003, 90.03998003475213, 85.80579188049339
0.5600000000000003, 89.98874366438022, 85.58712124003027
0.5700000000000003, 89.94563155581491, 85.37208684397403
0.5800000000000003, 89.91054705624762, 85.1608186244493
0.5900000000000003, 89.88337215050755, 84.95346491945031
0.6000000000000003, 89.86396722152011, 84.75018883480188
0.6100000000000003, 89.85217097521473, 84.55116468877246
0.6200000000000003, 89.8478005491253, 84.35657455376173
0.6300000000000003, 89.85065181840972, 84.16660491110966
0.6400000000000003, 89.8604999077497, 83.9814434362651
0.6500000000000004, 89.87709991258612, 83.80127593227428
0.6600000000000004, 89.90018782842206, 83.62628342978276
0.6700000000000004, 89.92948168250823, 83.45663947148489
0.6800000000000004, 89.96468285814579, 83.29250759821005
0.6900000000000004, 90.00547759813179, 83.13403905262699
0.01, 90.05153867056464, 82.98137071490902
0.02, 90.28930319154998, 82.29423521198284
0.03, 90.54761533682314, 81.63521408861652
0.04, 90.82489944213317, 81.00462388301509
0.05, 91.11955333678885, 80.40269836376045
0.060000000000000005, 91.42995764019751, 79.82958455466958
0.07, 91.75448516308352, 79.285339932323
0.08, 92.09151030064534, 78.76993077881468
0.09, 92.43941830623844, 78.28323165931442
0.09999999999999999, 92.7966143375351, 77.82502598148373
0.10999999999999999, 93.16153217237506, 77.39500758191402
0.11999999999999998, 93.53264249851168, 76.99278327380783
0.12999999999999998, 93.90846068997969, 76.61787628031927
0.13999999999999999, 94.28755399263619, 76.26973046949476
0.15, 94.66854805231434, 75.94771529976123
0.16, 95.05013273072096, 75.65113137950598
0.17, 95.4310671664391, 75.37921654055367
0.18000000000000002, 95.8101840508989, 75.13115232329868
0.19000000000000003, 96.18639310169188, 74.9060707708874
0.20000000000000004, 96.55868372787594, 74.70306143111357
0.21000000000000005, 96.92612689371516, 74.52117846750699
0.22000000000000006, 97.2878761984097, 74.3594477853434
0.23000000000000007, 97.64316819960929, 74.21687408383724
0.24000000000000007, 97.99132201771258, 74.09244775243005
0.25000000000000006, 98.33173826600957, 73.98515153667272
0.26000000000000006, 98.66389735853336, 73.8939669075206
0.2700000000000001, 98.98735725299275, 73.81788007671695
0.2800000000000001, 99.30175069033446, 73.7558876101275
0.2900000000000001, 99.60678199533963, 73.70700160021204
0.3000000000000001, 99.90222350422995, 73.67025436808709
0.3100000000000001, 100.18791168560807, 73.64470267467674
0.3200000000000001, 100.46374302027, 73.62943142910764
0.3300000000000001, 100.72966970360916, 73.6235568906445
0.34000000000000014, 100.98569523160272, 73.62622936797025
0.35000000000000014, 101.23186992786093, 73.63663542640003
0.36000000000000015, 101.46828646506624, 73.65399961961289
0.37000000000000016, 101.69507542947004, 73.67758576764882
0.38000000000000017, 101.9124009720881, 73.70669780722734
0.3900000000000002, 102.12045658497502, 73.74068024390023
0.4000000000000002, 102.3194610355861, 73.77891823817333
0.4100000000000002, 102.50965448686856, 73.82083735955536
0.4200000000000002, 102.69129482546444, 73.86590304356595
0.4300000000000002, 102.86465421534443, 73.91361978712108
0.4400000000000002, 103.03001588939975, 73.96353011747968
0.45000000000000023, 103.18767118705937, 74.0152133691575
0.01, 103.33791684191759, 74.06828430196883
0.02, 103.58820138740194, 74.17438192935032
0.03, 103.82326550737132, 74.29098253659099
0.04, 104.04312378004718, 74.41631463980502
0.05, 104.2479593244485, 74.54872300118156
0.060000000000000005, 104.4380986645239, 74.68667786128154
0.07, 104.61398756418394, 74.82878045189346
0.08, 104.77616822135448, 74.97376523796792
0.09, 104.9252581125896, 75.12049934957082
0.09999999999999999, 105.06193069036287, 75.2679796619536
0.10999999999999999, 105.186898054615, 75.41532796628148
0.11999999999999998, 105.3008956496033, 75.56178464788357
0.12999999999999998, 105.40466897716212, 75.70670125562728
0.13999999999999999, 105.49896226825285, 75.84953230755572
0.15, 105.58450901586325, 75.98982663642236
0.01, 105.66202424328931, 76.12721853609959
0.02, 105.86406380563042, 76.41219749177658
0.03, 106.09222345486396, 76.6738401232138
0.04, 106.3426889944682, 76.90986303592997
0.05, 106.61155653884778, 77.11861011479519
0.060000000000000005, 106.89492553384531, 77.29902357355893
0.07, 107.18898067796941, 77.4506037927879
0.08, 107.49006200233495, 77.573360472083
0.09, 107.79472279652265, 77.66775751778307
0.09999999999999999, 108.09977544614364, 77.73465393154184
0.10999999999999999, 108.4023255733069, 77.77524276840481
0.11999999999999998, 108.69979514192457, 77.79099000530456
0.12999999999999998, 108.98993540550542, 77.7835749119712
0.13999999999999999, 109.27083073667498, 77.75483325548281
0.15, 109.54089448726938, 77.70670440586827
0.16, 109.79885808881774, 77.64118315136894
0.17, 110.04375461995191, 77.5602767852606
0.18000000000000002, 110.27489804503139, 77.46596779750159
0.19000000000000003, 110.49185927295059, 77.36018229863852
0.20000000000000004, 110.69444010300127, 77.24476412379381
0.21000000000000005, 110.88264602221098, 77.12145441330158
0.22000000000000006, 111.0566587020669, 76.99187634451926
0.23000000000000007, 111.21680891790771, 76.85752459624841
0.24000000000000007, 111.36355048693629, 76.71975906177099
0.25000000000000006, 111.49743569549766, 76.57980228665278
0.26000000000000006, 111.61909256692698, 76.43874009045419
0.2700000000000001, 111.72920421101394, 76.29752483416529
0.2800000000000001, 111.82849039722862, 76.1569808141529
0.2900000000000001, 111.91769140778156, 76.01781129521967
0.01, 111.99755415407935, 75.88060673667071
0.02, 112.22742745018492, 75.4508264407066
0.03, 112.4340021203378, 75.03099550048341
0.04, 112.6194053203539, 74.62185594444779
0.05, 112.7856615780346, 74.2239493776429
0.060000000000000005, 112.93468401860122, 73.83764327013193
0.07, 113.06826892100345, 73.46315559110586
0.08, 113.18809308419694, 73.10057759336333
0.09, 113.29571351683187, 72.7498946355658
0.09999999999999999, 113.39256900492104, 72.41100499850182
0.10999999999999999, 113.4799831572042, 72.08373670727471
0.11999999999999998, 113.55916857479318, 71.76786241491212
0.12999999999999998, 113.63123183841003, 71.46311243564926
0.13999999999999999, 113.69717905167953, 71.16918603943004
0.15, 113.75792172145209, 70.88576113440408
0.16, 113.81428279529251, 70.6125024727378
0.17, 113.86700271163643, 70.34906851818782
0.18000000000000002, 113.91674534948764, 70.09511711277554
0.19000000000000003, 113.96410379188582, 69.8503100755914
0.20000000000000004, 114.00960584083667, 69.61431686014213
0.21000000000000005, 114.053719241186, 69.38681738849209
0.22000000000000006, 114.09685658732289, 69.16750417136083
0.23000000000000007, 114.13937989994089, 68.95608381382068
0.24000000000000007, 114.18160487071327, 68.75227799667621
0.25000000000000006, 114.22380478099029, 68.55582401428805
0.26000000000000006, 114.26621410683487, 68.36647494073327
0.2700000000000001, 114.30903182718569, 68.18399948790713
0.2800000000000001, 114.35242445495842, 68.00818161154805
0.2900000000000001, 114.39652881271971, 67.83881991424381
0.3000000000000001, 114.44145457542157, 67.6757268882551
0.3100000000000001, 114.4872866027612, 67.51872803544963
0.01, 114.53408708320204, 67.36766089673701
0.02, 114.58856016590956, 67.1817112467074
0.03, 114.63851030696324, 67.00223230271891
0.04, 114.68453685678168, 66.82906902314174
0.05, 114.72718439305757, 66.66205146536429
0.060000000000000005, 114.76694601386914, 66.50099968986598
0.01, 114.80426667503058, 66.34572789861092
0.02, 114.83191376244525, 66.17159320476308
0.03, 114.84589092794194, 66.00246676832698
0.04, 114.84766935190002, 65.83927219823079
0.01, 114.8387003734828, 65.6826777425003
0.02, 114.8284220416059, 65.51199825080832
0.03, 114.81834692669418, 65.34724233769239
0.01, 114.80877969617825, 65.18811298964252
0.02, 114.79994278915372, 64.92232567081516
0.03, 114.7985615470573, 64.66357727622271
0.04, 114.80449869282683, 64.41186772089786
0.05, 114.81759237779107, 64.1672150061844
0.060000000000000005, 114.83765720936081, 63.929651497731676
0.07, 114.86448533574693, 63.69922034934266
0.08, 114.8978476088401, 63.475972087726525
0.09, 114.9374948404579, 63.259961372906616
0.09999999999999999, 114.98315916165419, 63.051243948565386
0.10999999999999999, 115.03455548969862, 62.8498737959157
0.11999999999999998, 115.09138310268685, 62.65590050374194
0.12999999999999998, 115.15332731754383, 62.469366866039195
0.13999999999999999, 115.22006126344883, 62.29030671719492
0.15, 115.29124773945237, 62.11874301291782
0.16, 115.36654114228267, 61.9546861631474
0.17, 115.44558944805854, 61.79813262100865
0.18000000000000002, 115.52803622984095, 61.64906372954928
0.19000000000000003, 115.61352269166302, 61.50744482555991
0.20000000000000004, 115.70168969887156, 61.373224597278416
0.01, 115.79217978427776, 61.24633469027285
0.02, 115.89245410898155, 61.11267652713993
0.03, 115.99251607316874, 60.985944690216186
0.01, 116.09226082203415, 60.86595562792531
0.02, 116.21298956590648, 60.72256534079651
0.03, 116.33019579947546, 60.58537786610061
0.04, 116.44409843481542, 60.45422419481617
0.05, 116.55489355321352, 60.328936321280594
0.060000000000000005, 116.66275625778178, 60.20934764280543
0.01, 116.76784242833841, 60.09529325826985
0.02, 116.88995505366873, 59.96257972441384
0.03, 117.00741131993995, 59.83501878505454
0.04, 117.12052673019063, 59.71250933254479
0.05, 117.22959058904958, 59.5949448018972
0.01, 117.33486765766223, 59.48221440809318
0.02, 117.44581825596224, 59.363031253562355
0.01, 117.55242144862902, 59.24839514374518
0.02, 117.66326021582472, 59.12851045316972
