0.01, 80.0, 10.0
0.01, 80.0, 10.0
0.02, 77.21134697312326, 9.256081795026384
0.03, 74.77191669953717, 7.910901851015231
0.04, 72.75493025601551, 6.105803509814518
0.05, 71.18946791480862, 3.965066178402767
0.060000000000000005, 70.07706572006693, 1.590317369153913
0.07, 69.40442891323103, -0.9388058966029491
0.08, 69.65702853965138, 1.6834901197276149
0.09, 69.49730204776954, 4.278718939372906
0.09999999999999999, 68.9577832477217, 6.77583135504249
0.10999999999999999, 68.08164386803196, 9.117027199429039
0.11999999999999998, 66.9186703723205, 11.258463707409549
0.12999999999999998, 65.52161057219884, 13.169970959773053
0.13999999999999999, 63.94307064429758, 14.834005230015384
0.15, 62.23305819033094, 16.244079369114928
0.16, 60.4371940655966, 17.402894726690686
0.17, 58.5955586732512, 18.32036865538747
0.18000000000000002, 56.74209856090248, 19.01171223057546
0.19000000000000003, 54.90449572427465, 19.495670396361795
0.20000000000000004, 53.10439285917893, 19.79299601066755
0.21000000000000005, 51.35786991908331, 19.925193478569913
0.22000000000000006, 49.67607744564999, 19.913538727071515
0.23000000000000007, 48.06594708609885, 19.77836087739967
0.24000000000000007, 46.53091676157747, 19.53855686558598
0.25000000000000006, 45.07162496486822, 19.211302557722544
0.26000000000000006, 43.686544149158564, 18.811921352983713
0.2700000000000001, 42.37253623669417, 18.3538724978985
0.2800000000000001, 41.12532355504638, 17.84882504683457
0.2900000000000001, 39.93987601637484, 17.306788476047796
0.3000000000000001, 38.810720367565864, 16.73627651294845
0.3100000000000001, 37.73218027522862, 16.144486151868424
0.3200000000000001, 36.69855733743884, 15.537478696731792
0.3300000000000001, 35.70426328536798, 14.920353793857865
0.34000000000000014, 34.74391304702932, 14.297410731237187
0.35000000000000014, 33.81238731082173, 13.672293816709459
0.36000000000000015, 32.9048719876209, 13.048120495806613
0.37000000000000016, 32.0168806936748, 12.427592145904072
0.38000000000000017, 31.14426516892892, 11.813088306719946
0.3900000000000002, 30.28321746639712, 11.206745589458906
0.4000000000000002, 29.430266823985296, 10.610522743762353
0.4100000000000002, 28.58227336454366, 10.02625343078367
0.4200000000000002, 27.736420153034082, 9.455688212184906
0.4300000000000002, 26.890204654550242, 8.900527163018914
0.4400000000000002, 26.041430263755146, 8.362444382706897
0.45000000000000023, 25.188198295358216, 7.843105533818669
0.46000000000000024, 24.328900618404976, 7.344179396595225
0.47000000000000025, 23.46221296862129, 6.86734429604321
0.48000000000000026, 22.58708886965277, 6.414290142037979
0.49000000000000027, 21.702754025069652, 5.986716722683055
0.5000000000000002, 20.808700999997797, 5.58632880704866
0.5100000000000002, 19.904683987615613, 5.2148285442495395
0.5200000000000002, 18.990713446511535, 4.873905590014019
0.5300000000000002, 18.067050396260072, 4.565225347622032
0.5400000000000003, 17.13420016774994, 4.290415675502494
0.5500000000000003, 16.19290541972973, 4.051052387112756
0.5600000000000003, 15.244138252223763, 3.8486438483448873
0.5700000000000003, 14.28909126981619, 3.6846149621462065
0.5800000000000003, 13.329167472497822, 3.560290818002135
0.5900000000000003, 12.365968878209332, 3.476880274265809
0.6000000000000003, 11.401283808921015, 3.4354597330383294
0.6100000000000003, 10.437072800670117, 3.436957359550508
0.6200000000000003, 9.475453127084378, 3.4821379900412057
0.6300000000000003, 8.518681955227883, 3.5715889633530726
0.6400000000000003, 7.569138181788205, 3.7057071013640326
0.6500000000000004, 6.629303026349521, 3.8846870515317944
0.6600000000000004, 5.701739486418767, 4.108511190933146
0.6700000000000004, 4.7890707856291375, 4.376941275004709
0.6800000000000004, 3.8939579717620942, 4.68951199560062
0.6900000000000004, 3.0190768445207157, 5.045526591924962
0.7000000000000004, 2.1670944139659705, 5.444054634407142
0.7100000000000004, 1.340645108810698, 5.883932075783661
0.7200000000000004, 0.5423069689851618, 6.363763635726668
0.7300000000000004, -0.22542193130116817, 6.881927555591494
0.7400000000000004, -0.9601465756839459, 7.436582728586591
0.7500000000000004, -1.6595973545257574, 8.025678178310407
0.7600000000000005, -2.321651412206519, 8.64696482561862
0.7700000000000005, -2.944352738887645, 9.298009450699107
0.7800000000000005, -3.5259307616335605, 9.976210724596385
0.7900000000000005, -4.064817202985963, 10.678817152823562
0.8000000000000005, -4.559660992594505, 11.402946743723106
0.8100000000000005, -5.009341039125382, 12.145608186481175
0.8200000000000005, -5.412976695119054, 12.903723298741497
0.8300000000000005, -5.769935776382691, 13.674150482149376
0.8400000000000005, -6.079840029428669, 14.453708906383499
0.8500000000000005, -6.342567974875264, 15.239203128740126
0.8600000000000005, -6.558255091006598, 16.027447847482783
0.8700000000000006, -6.727291339184544, 16.815292483235062
0.8800000000000006, -6.850316070808904, 17.59964528384993
0.8900000000000006, -6.92821039329796, 18.37749665450552
0.9000000000000006, -6.9620871093613825, 19.14594142621138
0.9100000000000006, -6.953278378919715, 19.902199792303136
0.9200000000000006, -6.903321285672526, 20.64363666358555
0.9300000000000006, -6.8139415198580275, 21.36777921817208
0.9400000000000006, -6.687035414569799, 22.07233245127873
0.9500000000000006, -6.5246505945693185, 22.75519256268361
0.9600000000000006, -6.328965513418648, 23.41445805460531
0.9700000000000006, -6.102268166624504, 24.048438449663458
0.9800000000000006, -5.846934275118369, 24.65566057660003
0.9900000000000007, -5.565405234705238, 25.234872409770546
1.0000000000000007, -5.260166123129758, 25.78504448626806
1.0100000000000007, -4.9337240472915855, 26.30536896114294
1.0200000000000007, -4.588587099170555, 26.795256395790073
1.0300000000000007, -4.227244170587761, 27.254330406511247
1.0400000000000007, -3.852145854522215, 27.682420328918553
1.0500000000000007, -3.4656866349015445, 28.079552078709927
1.0600000000000007, -3.0701885382350618, 28.445937410009194
1.0700000000000007, -2.6678863898539396, 28.78196178862152
1.0800000000000007, -2.2609147855908915, 29.08817110903083
1.0900000000000007, -1.8512968572039985, 29.365257490698646
1.1000000000000008, -1.4409348774473443, 29.614044391271985
1.1100000000000008, -1.0316027191043096, 29.835471271843087
1.1200000000000008, -0.6249401521673079, 30.030578042700007
1.1300000000000008, -0.22244893524416592, 30.200489507432263
1.1400000000000008, 0.17450936830900382, 30.346400009253315
1.1500000000000008, 0.5647139416801807, 30.469558466478215
1.1600000000000008, 0.9470837448842091, 30.57125396479925
1.1700000000000008, 1.3206751515664596, 30.652802052910946
1.1800000000000008, 1.684678332265015, 30.71553186573145
1.1900000000000008, 2.038412532904384, 30.760774176524848
1.2000000000000008, 2.38132040263441, 30.789850456197872
1.2100000000000009, 2.712961527133101, 30.80406299543545
1.2200000000000009, 3.0330053223921745, 30.804686123612843
1.2300000000000009, 3.3412234400891094, 30.792958537978002
1.2400000000000009, 3.6374818292555715, 30.770076737770182
1.2500000000000009, 3.9217325904479927, 30.737189540992972
1.260000000000001, 4.194005748399753, 30.695393646683673
1.270000000000001, 4.454401057579983, 30.645730192837384
1.280000000000001, 4.7030799425899055, 30.589182249706802
1.290000000000001, 4.94025766226597, 30.52667317999962
1.300000000000001, 5.166195773076689, 30.459065791470383
1.310000000000001, 5.381194954211237, 30.387162203441488
1.320000000000001, 5.585588243938871, 30.311704346737955
1.330000000000001, 5.7797347246038155, 30.2333750162018
1.340000000000001, 5.964013682201776, 30.152799396161576
1.350000000000001, 6.1388192560096595, 30.070546981755285
1.360000000000001, 6.304555584314782, 29.98713382261949
1.370000000000001, 6.461632443979713, 29.903025019944252
1.380000000000001, 6.610461374413016, 29.81863741304111
1.390000000000001, 6.751452270491547, 29.734342397180306
0.01, 6.885010424065835, 29.650468820341125
0.02, 7.474365027973718, 29.32988469653397
0.03, 8.065977404493623, 29.053756450287974
0.04, 8.656309662537794, 28.82053701206342
0.05, 9.242130468875963, 28.628425535946324
0.060000000000000005, 9.820524896868791, 28.47541176501796
0.07, 10.388898825637066, 28.35931904284869
0.08, 10.944978355313811, 28.277845397884075
0.09, 11.486804751889812, 28.22860221871679
0.09999999999999999, 12.012725467858733, 28.209150131302938
0.10999999999999999, 12.521381802876537, 28.217031781694324
0.11999999999999998, 13.011693772826515, 28.249801317625973
0.12999999999999998, 13.482842747201117, 28.305050447383124
0.13999999999999999, 13.934252395005847, 28.380431033136784
0.15, 14.36556845007732, 28.47367424707269
0.16, 14.776637769523324, 28.582606381179293
0.17, 15.167487115723494, 28.705161454882848
0.18000000000000002, 15.538302044746686, 28.839390808528027
0.19000000000000003, 15.88940623384631, 28.983469905012146
0.20000000000000004, 16.221241529469467, 29.13570258697353
0.21000000000000005, 16.534348946383044, 29.294523053325065
0.22000000000000006, 16.829350799317204, 29.458495827315975
0.23000000000000007, 17.106934101986283, 29.626313989542638
0.24000000000000007, 17.367835325288716, 29.79679594435413
0.25000000000000006, 17.612826567519015, 29.968880977902266
0.26000000000000006, 17.842703154950204, 30.14162385167508
0.2700000000000001, 18.058272661380926, 30.314188657709167
0.2800000000000001, 18.26034531023531, 30.48584214173133
0.2900000000000001, 18.44972570245888, 30.655946679090043
0.3000000000000001, 18.627205797553714, 30.823953066266945
0.3100000000000001, 18.793559063330417, 30.989393268671165
0.3200000000000001, 18.949535701944626, 31.15187324386987
0.3300000000000001, 19.095858855107785, 31.31106593884443
0.34000000000000014, 19.2332216895687, 31.466704540626672
0.35000000000000014, 19.36228526460178, 31.6185760420093
0.36000000000000015, 19.483677085867722, 31.766515168096824
0.37000000000000016, 19.59799025421436, 31.910398695348587
0.38000000000000017, 19.70578312337193, 32.050140182478316
0.3900000000000002, 19.807579386720164, 32.18568512207624
0.4000000000000002, 19.90386852005769, 32.31700651302853
0.01, 19.995106514324696, 32.44410084661181
0.02, 20.51944942336436, 33.168985543059726
0.03, 21.027416900561846, 33.86436160750661
0.04, 21.520257706862346, 34.53099099619136
0.05, 21.99909171014529, 35.169634062316604
0.060000000000000005, 22.464919665956554, 35.78104639298565
0.07, 22.918632520280568, 36.365976389080764
0.08, 23.36102023523889, 36.92516347637747
0.09, 23.792780144285867, 37.4593368469876
0.09999999999999999, 24.214524847687255, 37.96921464051179
0.10999999999999999, 24.626789662050115, 38.45550348400253
0.11999999999999998, 25.030039639636165, 38.918898318957744
0.12999999999999998, 25.424676174327573, 39.360082452069314
0.13999999999999999, 25.8110432115943, 39.77972777434156
0.15, 26.189433079784155, 40.17849510048395
0.16, 26.56009195964973, 40.557034587189285
0.17, 26.92322500835069, 40.91598619505821
0.18000000000000002, 27.279001153318553, 41.25598016454958
0.19000000000000003, 27.62755757042117, 41.577637481452996
0.20000000000000004, 27.969003859879304, 41.88157031202225
0.21000000000000005, 28.30342593241739, 42.16838239210464
0.22000000000000006, 28.630889617214567, 42.43866935837713
0.23000000000000007, 28.951444002388314, 42.69301901318051
0.24000000000000007, 29.265124518012193, 42.93201151745055
0.25000000000000006, 29.57195577105318, 43.15621950890191
0.26000000000000006, 29.871954141118824, 43.3662081449459
0.2700000000000001, 30.165130145530398, 43.56253507183618
0.2800000000000001, 30.451490581980778, 43.745750323255045
0.2900000000000001, 30.731040456887154, 43.916396152993265
0.3000000000000001, 31.003784707498, 44.07500680755597
0.3100000000000001, 31.26972972584776, 44.222108245461484
0.3200000000000001, 31.528884692757103, 44.35821781070541
0.3300000000000001, 31.781262730235724, 44.48384386835543
0.34000000000000014, 32.026881880842936, 44.59948541053873
0.35000000000000014, 32.265765922782876, 44.70563164120134
0.36000000000000015, 32.49794502974104, 44.802761547972786
0.37000000000000016, 32.72345628469293, 44.8913434692785
0.38000000000000017, 32.9423440571206, 44.9718346645227
0.3900000000000002, 33.15466025324771, 45.04468089473368
0.4000000000000002, 33.36046444903797, 45.11031602053914
0.4100000000000002, 33.55982391578761, 45.169161623737615
0.4200000000000002, 33.75281354817358, 45.22162665807057
0.4300000000000002, 33.93951570459023, 45.26810713409384
0.4400000000000002, 34.12001996951674, 45.30898584231265
0.45000000000000023, 34.29442284750302, 45.34463211799561
0.46000000000000024, 34.4628273981452, 45.3754016503333
0.47000000000000025, 34.62534282114412, 45.401636337869235
0.01, 34.78208400020564, 45.4236641914153
0.02, 35.180477582532596, 45.453441489028855
0.03, 35.56791501864765, 45.45773665783835
0.04, 35.94283642155146, 45.43862860311251
0.05, 36.30397199634016, 45.39823035581173
0.060000000000000005, 36.65032695418829, 45.33865575264066
0.07, 36.981163584192444, 45.26199020775155
0.08, 37.29598120347302, 45.17026563350629
0.09, 37.59449466000614, 45.0654394669196
0.09999999999999999, 37.87661200572621, 44.94937767161975
0.10999999999999999, 38.14241189243935, 44.82384151306278
0.11999999999999998, 38.39212117286751, 44.69047784746911
0.12999999999999998, 38.62609311637093, 44.550812622182775
0.13999999999999999, 38.84478657598548, 44.406247256131984
0.15, 39.048746372463505, 44.25805755270409
0.16, 39.23858509377507, 44.10739479229068
0.17, 39.41496644639907, 43.955288656486076
0.18000000000000002, 39.57859023873181, 43.802651648817665
0.19000000000000003, 39.730179027734415, 43.65028469630809
0.20000000000000004, 39.87046641787514, 43.49888364051838
0.21000000000000005, 40.0001869665575, 43.34904635448994
0.22000000000000006, 40.12006762237275, 43.201280251820656
0.23000000000000007, 40.230820601293416, 43.0560099847649
0.24000000000000007, 40.33313759079672, 42.91358515871021
0.25000000000000006, 40.42768516223476, 42.774287919810796
0.26000000000000006, 40.51510126684792, 42.63834030029259
0.01, 40.59599268992019, 42.50591123150417
0.02, 40.67832213465135, 42.33789296570019
0.03, 40.74314735575278, 42.16893927577489
0.04, 40.791540113092694, 42.00101438552814
0.05, 40.82473746026737, 41.835773358400544
0.060000000000000005, 40.84408110956827, 41.67456923267179
0.01, 40.850964652299346, 41.51846882073316
0.02, 40.79083054124801, 41.04700897221959
0.03, 40.65626350540756, 40.597650076264394
0.04, 40.45648299483, 40.18245959891354
0.05, 40.20219777402125, 39.81043582405201
0.060000000000000005, 39.904758739841505, 39.4875521885051
0.07, 39.57543741660646, 39.21699150519744
0.08, 39.224857581100196, 38.999510878678755
0.09, 38.86258793212837, 38.83388074623277
0.09999999999999999, 38.52520172179049, 38.650887611409146
0.10999999999999999, 38.21120899661676, 38.454358687768824
0.11999999999999998, 37.91883213685952, 38.24750646591675
0.12999999999999998, 37.64612778773089, 38.03298677276732
0.13999999999999999, 37.391080518918955, 37.81296545880139
0.15, 37.15167204555466, 37.58918751511217
0.16, 36.925930178381115, 37.36304431230059
0.17, 36.71196157295257, 37.13563620877123
0.18000000000000002, 36.507971982284936, 36.907828983399426
0.19000000000000003, 36.31227721371296, 36.680303432627305
0.20000000000000004, 36.12330744195172, 36.453598081701756
0.21000000000000005, 35.939606997833394, 36.22814534869038
0.22000000000000006, 35.75983127164851, 36.0043017217086
0.23000000000000007, 35.58274195834694, 35.78237261186619
0.24000000000000007, 35.40720153311567, 35.56263256574226
0.25000000000000006, 35.232167576232534, 35.34534149187011
0.26000000000000006, 35.05668735758301, 35.13075749788034
0.2700000000000001, 34.87989293413557, 34.919146864019886
0.2800000000000001, 34.7009968982514, 34.71079160486775
0.2900000000000001, 34.51928883203765, 34.50599500041452
0.3000000000000001, 34.334132465375575, 34.305085413687635
0.3100000000000001, 34.144963496462395, 34.10841865633693
0.3200000000000001, 34.338638984232, 34.30045819627803
0.3300000000000001, 34.14113112763878, 34.11179412450615
0.34000000000000014, 33.94011995372175, 33.927748895726715
0.35000000000000014, 33.73513876258595, 33.74872738356049
0.36000000000000015, 33.94448494971819, 33.92229726468138
0.37000000000000016, 33.73123870316918, 33.75275774578096
0.38000000000000017, 33.514734182051484, 33.588573935172526
0.3900000000000002, 33.29459960744296, 33.430185795013415
0.4000000000000002, 33.07053613959268, 33.27804915852118
0.4100000000000002, 32.84231695084595, 33.13263432721294
0.4200000000000002, 33.07484745239978, 33.27084474091316
0.4300000000000002, 32.838474445383966, 33.13841044342771
0.4400000000000002, 32.59916776197567, 33.01289200089562
0.45000000000000023, 32.356777587185334, 32.89476090706733
0.46000000000000024, 32.11122593381105, 32.78449085652484
0.47000000000000025, 31.862505356673317, 32.68255489640389
0.48000000000000026, 31.6106775854367, 32.58942206356579
0.49000000000000027, 31.355872016347057, 32.5055535999421
0.5000000000000002, 31.613460025026956, 32.579708367954616
0.5100000000000002, 31.35305477871956, 32.51363832204282
0.5200000000000002, 31.091509520260818, 32.45653188630553
0.5300000000000002, 30.82898487043458, 32.408793737799165
0.5400000000000003, 30.565704318902434, 32.370806366259664
0.5500000000000003, 30.30195136643149, 32.34292641000692
0.5600000000000003, 30.038066384853813, 32.32548084393689
0.5700000000000003, 29.774443171390104, 32.31876310351191
0.5800000000000003, 29.511525180798674, 32.32302922420333
0.5900000000000003, 29.249801426083184, 32.33849407179795
0.6000000000000003, 28.98980204604089, 32.365327735121326
0.6100000000000003, 28.732093545613836, 32.40365214886088
0.6200000000000003, 28.477273722689358, 32.453538010128234
0.6300000000000003, 28.225966302563876, 32.51500204805126
0.6400000000000003, 27.97881530862062, 32.58800470093087
0.6500000000000004, 27.73647920476601, 32.67244825026202
0.6600000000000004, 27.499624851711005, 32.76817545515635
0.6700000000000004, 27.268921325165394, 32.874968724395096
0.6800000000000004, 27.04503364932939, 32.99254985648992
0.6900000000000004, 26.82861650361814, 33.12058037076438
0.7000000000000004, 26.62030796424633, 33.25866244464025
0.7100000000000004, 26.42072334504668, 33.40634046409398
0.7200000000000004, 26.23044920362336, 33.563103185728345
0.7300000000000004, 26.0500375795882, 33.7283865001937
0.7400000000000004, 25.880000531149392, 33.901576777913405
0.7500000000000004, 25.720805034691853, 34.08201476935611
0.7600000000000005, 25.572868309199624, 34.26900002359759
0.7700000000000005, 25.43655362343832, 34.46179578077709
0.7800000000000005, 25.312166638777704, 34.659634286430276
0.7900000000000005, 25.199952334452693, 34.86172246872344
0.8000000000000005, 25.100092555019973, 35.067247913465565
0.8100000000000005, 25.012704211874816, 35.27538506657196
0.8200000000000005, 24.93783816207737, 35.48530158951519
0.8300000000000005, 24.875478778548377, 35.69616479033005
0.8400000000000005, 24.825544216095786, 35.90714805102075
0.8500000000000005, 24.787887367904936, 36.11743717180908
0.8600000000000005, 24.762297497254046, 36.32623655359323
0.8700000000000006, 24.748502519497293, 36.5327751422613
0.8800000000000006, 24.74617189998431, 36.736312062095394
0.8900000000000006, 24.75492012474779, 36.93614187035575
0.9000000000000006, 24.77431069267135, 37.13159937116385
0.9100000000000006, 24.80386057061592, 37.32206393389717
0.9200000000000006, 24.84304504678356, 37.50696326932718
0.9300000000000006, 24.891302912560082, 37.68577662551649
0.9400000000000006, 24.948041899302975, 37.858037374861155
0.9500000000000006, 25.012644294100422, 38.02333497342759
0.9600000000000006, 25.084472657462022, 38.18131628368749
0.9700000000000006, 25.16287556622007, 38.331686261692965
0.9800000000000006, 25.24719330659807, 38.47420801945285
0.9900000000000007, 25.336763445384374, 38.60870228257253
0.01, 25.43092621134684, 38.73504627191815
0.02, 25.711799522761616, 39.132978811564634
0.03, 25.972160938787408, 39.52140507491584
0.04, 26.21372671182543, 39.8998424425616
0.05, 26.438120481783024, 40.26793819126054
0.060000000000000005, 26.64687062652933, 40.625452442527894
0.07, 26.84140925903983, 40.97224242106286
0.08, 27.023072593427177, 41.3082480578991
0.09, 27.19310242704268, 41.63347894025589
0.09999999999999999, 27.352648511929235, 41.94800258350854
0.10999999999999999, 27.50277161518212, 42.251933979910106
0.11999999999999998, 27.644447093485244, 42.545426363047575
0.12999999999999998, 27.778568831666355, 42.82866311584837
0.13999999999999999, 27.90595341814047, 43.10185074261445
0.15, 28.02734445130598, 43.36521282142567
0.16, 28.143416890157134, 43.61898485173779
0.17, 28.254781379509197, 43.86340991257156
0.18000000000000002, 28.36198849530252, 44.098735048875554
0.19000000000000003, 28.465532868521983, 44.3252083070343
0.20000000000000004, 28.56585715744288, 44.54307634473395
0.21000000000000005, 28.663355847328123, 44.75258254519603
0.22000000000000006, 28.758378864506437, 44.95396557090669
0.23000000000000007, 28.851234998118755, 45.14745829721205
0.24000000000000007, 28.942195127893708, 45.333287071372375
0.25000000000000006, 29.031495260263405, 45.511671247757214
0.26000000000000006, 29.11933937811063, 45.68282295474065
0.2700000000000001, 29.205902111591545, 45.846947053467346
0.2800000000000001, 29.291331238935783, 46.00424125297302
0.2900000000000001, 29.37575002700799, 46.154896350142494
0.3000000000000001, 29.459259421828335, 46.29909656667094
0.3100000000000001, 29.541940099288976, 46.43701995856651
0.01, 29.623854386051566, 46.56883887680851
0.02, 29.74713368339246, 46.74332417492769
0.03, 29.877311654402295, 46.9064288342511
0.04, 30.01335993099377, 47.05799376678395
0.05, 30.154271268873323, 47.197953333896606
0.060000000000000005, 30.29906773742252, 47.32632994266241
0.07, 30.44680803881884, 47.443227975991945
0.08, 30.596593910314752, 47.54882718108499
0.09, 30.747575580987107, 47.64337564231089
0.09999999999999999, 30.89895627130483, 47.72718246374121
0.10999999999999999, 31.049995740176627, 47.8006102833326
0.11999999999999998, 31.20001289940399, 47.864067735385795
