0.01, 90.0, 120.0
0.01, 90.0, 120.0
0.02, 87.75074542367715, 120.37530501047908
0.03, 85.59113239647031, 121.08416397734018
0.04, 87.64057715260985, 120.07820918377591
0.05, 89.51809392419868, 118.81949552267929
0.060000000000000005, 91.19406253888617, 117.34883912440178
0.07, 92.64821027419715, 115.70881102873167
0.08, 93.86903501019049, 113.9418544613779
0.09, 94.85292700630808, 112.0887194148929
0.09999999999999999, 95.60308971759163, 110.18723740404889
0.10999999999999999, 96.12835185369359, 108.27143531182453
0.11999999999999998, 96.4419506902188, 106.37096832833646
0.12999999999999998, 96.56035211134042, 104.51083824277848
0.13999999999999999, 96.5021574322001, 102.71135454620911
0.15, 96.28713190356689, 100.98829143664103
0.16, 95.93537584825795, 99.35319319925985
0.17, 95.46664724949748, 97.81378277558017
0.18000000000000002, 94.89983467399738, 96.37443282239288
0.19000000000000003, 94.25257180371533, 95.0366644176527
0.20000000000000004, 93.54097951601888, 93.7996451030402
0.21000000000000005, 92.77951819444478, 92.66066458393296
0.22000000000000006, 91.98093147713467, 91.61557268995513
0.23000000000000007, 91.15626261125303, 90.65916981921595
0.24000000000000007, 90.31492561970934, 89.78554485708378
0.25000000000000006, 89.46481525867222, 88.98835939370846
0.26000000000000006, 88.61244194647877, 88.26107996759279
0.2700000000000001, 87.76308022380208, 87.59716210274829
0.2800000000000001, 86.92092166527276, 86.99019119295839
0.2900000000000001, 86.08922536405898, 86.43398594861848
0.3000000000000001, 85.27046106386994, 85.92267029537803
0.3100000000000001, 84.46644167099569, 85.45071942898637
0.3200000000000001, 83.67844322956219, 85.01298530281393
0.3300000000000001, 82.90731149788594, 84.60470625045758
0.34000000000000014, 82.15355505046111, 84.22150480261114
0.35000000000000014, 81.41742538550119, 83.85937710255928
0.36000000000000015, 80.69898488231355, 83.51467669841168
0.37000000000000016, 79.99816366574511, 83.18409491805407
0.38000000000000017, 79.31480653290241, 82.86463952864517
0.3900000000000002, 78.64871111199307, 82.55361295149893
0.4000000000000002, 77.99965838079245, 82.24859094440971
0.4100000000000002, 77.36743659391793, 81.94740237199763
0.4200000000000002, 76.75185956989105, 81.64811045332024
0.4300000000000002, 76.15278018270811, 81.34899569667621
0.4400000000000002, 75.57009979659016, 81.04854059597602
0.45000000000000023, 75.00377428218128, 80.74541606349548
0.46000000000000024, 74.45381716096443, 80.43846950326825
0.47000000000000025, 73.92030034371557, 80.12671438175806
0.48000000000000026, 73.4033528589242, 79.80932112268664
0.49000000000000027, 72.9031579080044, 79.48560913679937
0.5000000000000002, 72.41994853505032, 79.15503979156914
0.5100000000000002, 71.95400215881938, 78.81721012771831
0.5200000000000002, 71.50563418239031, 78.47184713692153
0.5300000000000002, 71.07519087034785, 78.11880242655967
0.5400000000000003, 70.66304166323644, 77.75804711173322
0.5500000000000003, 70.26957108332437, 77.3896667910106
0.5600000000000003, 69.89517037345038, 77.01385647990851
0.5700000000000003, 69.54022900102073, 76.63091539436759
0.5800000000000003, 69.2051261513312, 76.24124149510627
0.5900000000000003, 68.89022232766116, 75.84532572240298
0.6000000000000003, 68.59585116948188, 75.44374586932159
0.6100000000000003, 68.32231159419403, 75.03716005944429
0.6200000000000003, 68.06986036170225, 74.62629981262101
0.6300000000000003, 67.83870515457133, 74.2119626989101
0.6400000000000003, 67.62899825928913, 73.79500459660491
0.6500000000000004, 67.44083092615158, 73.37633158485794
0.6600000000000004, 67.27422847641469, 72.95689151477391
0.6700000000000004, 67.12914621561333, 72.53766531480449
0.6800000000000004, 67.0054662013614, 72.11965809670441
0.6900000000000004, 66.90299490260553, 71.70389013708541
0.7000000000000004, 66.82146177532444, 71.29138781662706
0.7100000000000004, 66.76051876720325, 70.88317460419533
0.7200000000000004, 66.7197407510481, 70.48026217642357
0.7300000000000004, 66.69862687384531, 70.08364176470353
0.7400000000000004, 66.69660279562866, 69.6942758210185
0.7500000000000004, 66.7130237799254, 69.31309009166533
0.7600000000000005, 66.74717858573416, 68.94096618372926
0.7700000000000005, 66.79829409996992, 68.5787347032976
0.7800000000000005, 66.86554063930369, 68.2271690369661
0.7900000000000005, 66.94803784152309, 67.88697983937111
0.8000000000000005, 67.0448610591146, 67.55881027946891
0.8100000000000005, 67.15504816186268, 67.24323208730071
0.8200000000000005, 67.2776066509858, 66.94074243126573
0.8300000000000005, 67.41152098475881, 66.65176164373065
0.8400000000000005, 67.55576001474338, 66.3766318003893
0.8500000000000005, 67.70928443265947, 66.11561614641693
0.8600000000000005, 67.8710541305405, 65.86889935039466
0.8700000000000006, 68.04003538104338, 65.63658855545873
0.8800000000000006, 68.21520775051523, 65.41871518638548
0.8900000000000006, 68.39557066450442, 65.2152374615631
0.9000000000000006, 68.58014955366684, 65.02604355020381
0.9100000000000006, 68.76800151725972, 64.85095530786307
0.9200000000000006, 68.95822045141601, 64.68973251746712
0.9300000000000006, 69.14994159992438, 64.54207755868252
0.9400000000000006, 69.34234549606684, 64.40764042562884
0.9500000000000006, 69.53466127495584, 64.28602401163683
0.9600000000000006, 69.72616934653792, 64.17678957995342
0.9700000000000006, 69.91620342977943, 64.07946234092
0.9800000000000006, 70.1041519583256, 63.99353705909909
0.9900000000000007, 70.28945887695592, 63.918483617969095
1.0000000000000007, 70.47162385630044, 63.85375247499452
1.0100000000000007, 70.6502019604162, 63.79877994594342
1.0200000000000007, 70.82480280786503, 63.75299326408452
1.0300000000000007, 70.99508927182825, 63.71581536716836
1.0400000000000007, 71.16077576851711, 63.6866693726941
1.0500000000000007, 71.32162618569515, 63.664982709704816
0.01, 71.47745150455498, 63.650190883067296
0.02, 71.80950624541218, 63.62547199050884
0.03, 72.12907714717716, 63.608099522660446
0.04, 72.43647514874579, 63.597438203440774
0.05, 72.73201914324446, 63.59288596201854
0.060000000000000005, 73.0160345110478, 63.59387344066867
0.07, 73.28885168885138, 63.59986340302877
0.08, 73.55080478538498, 63.61035005100225
0.09, 73.80223025286773, 63.62485825902991
0.09999999999999999, 74.04346562185806, 63.64294273477037
0.10999999999999999, 74.27484830575494, 63.664187115401305
0.11999999999999998, 74.49671447987487, 63.68820300878876
0.12999999999999998, 74.70939803877175, 63.714628988684204
0.13999999999999999, 74.91322963429421, 63.743129552910275
0.15, 75.10853579579272, 63.7733940532018
0.16, 75.29563813290243, 63.805135604991314
0.17, 75.47485262043998, 63.83808998498248
0.18000000000000002, 75.64648896416459, 63.872014523853984
0.19000000000000003, 75.81085004546476, 63.90668700089351
0.20000000000000004, 75.96823144244098, 63.9419045467887
0.01, 76.11892102435779, 63.977482560210646
0.02, 76.55599359623575, 64.11561923999722
0.03, 76.9687947757988, 64.27965429639168
0.04, 77.35626494815736, 64.46597162981317
0.05, 77.71781063935848, 64.67108204721326
0.060000000000000005, 78.05325313591443, 64.89166922825062
0.07, 78.36277549803303, 65.12462507621899
0.08, 78.64686958714454, 65.36707519363749
0.09, 78.90628446618871, 65.6163953915052
0.09999999999999999, 79.14197726785217, 65.87022025336442
0.10999999999999999, 79.35506737098885, 66.12644483574827
0.11999999999999998, 79.54679448648412, 66.3832206017114
0.12999999999999998, 79.71848103665734, 66.63894666108752
0.13999999999999999, 79.87149902094542, 66.89225733732341
0.15, 80.0072413973814, 67.14200700358823
0.16, 80.12709787506995, 67.38725303736469
0.17, 80.23243490696633, 67.62723763929647
0.18000000000000002, 80.32457959324611, 67.8613691543117
0.19000000000000003, 80.40480715108208, 68.08920342569272
0.20000000000000004, 80.4743315738661, 68.31042560961136
0.21000000000000005, 80.53429908866198, 68.52483278156926
0.22000000000000006, 80.58578402168824, 68.7323175791784
0.23000000000000007, 80.62978669470489, 68.93285304901453
0.24000000000000007, 80.66723299731082, 69.12647879942634
0.25000000000000006, 80.69897530862585, 69.31328850618534
0.26000000000000006, 80.72579447425984, 69.49341877328112
0.2700000000000001, 80.74840257885722, 69.66703931625189
0.2800000000000001, 80.76744628922408, 69.83434440922703
0.2900000000000001, 80.78351057683317, 69.99554551826262
0.01, 80.79712266042657, 70.1508650314434
0.02, 80.83246434639061, 70.45324715824329
0.03, 80.87557241763108, 70.74606015186224
0.04, 80.92618471009006, 71.02930154118648
0.05, 80.9840140214067, 71.30296120082714
0.060000000000000005, 81.0487499792815, 71.56702505156764
0.07, 81.12006099469777, 71.82147851743717
0.08, 81.19759630455789, 72.06630972469073
0.09, 81.28098810303693, 72.30151242961121
0.09999999999999999, 81.36985375626672, 72.52708866391824
0.10999999999999999, 81.463798090853, 72.74305108867057
0.11999999999999998, 81.56241574320326, 72.94942504986977
0.12999999999999998, 81.66529355370935, 73.1462503314838
0.13999999999999999, 81.7720129874869, 73.33358260427336
0.15, 81.88215256161713, 73.51149457157642
0.16, 81.99529025765551, 73.68007681603541
0.17, 82.11100589754794, 73.83943835408495
0.18000000000000002, 82.22888346100383, 73.9897069077984
0.19000000000000003, 82.3485133227864, 74.13102890636513
0.20000000000000004, 82.46949438925517, 74.26356923198358
0.21000000000000005, 82.59143611479125, 74.38751072725924
0.22000000000000006, 82.71396038040278, 74.5030534832469
0.23000000000000007, 82.83670321879289, 74.61041392903562
0.01, 82.95931637241823, 74.70982374521108
0.02, 82.79752933209224, 74.49644307966288
0.03, 82.68960213676898, 74.25819606220247
0.04, 82.63364327871813, 74.00649098120715
0.05, 82.62641899884575, 73.749939528754
0.060000000000000005, 82.58854019034558, 74.00496324778983
0.07, 82.50933734475537, 74.24721454124543
0.08, 82.3940735303266, 74.46984899760821
0.09, 82.24887876377964, 74.66779193417769
0.09999999999999999, 82.08025281353609, 74.83771700737607
0.10999999999999999, 81.92419854379209, 75.0102076095946
0.11999999999999998, 81.77916864499375, 75.18422360001982
0.12999999999999998, 81.64367727602682, 75.35896914342045
0.13999999999999999, 81.51631768240968, 75.53384534943471
0.15, 81.39577142176272, 75.70840850926517
0.16, 81.2808115867844, 75.88233409299181
0.17, 81.1703019491726, 76.05538627920505
0.18000000000000002, 81.06319351742458, 76.22739255978357
0.19000000000000003, 80.9585196280056, 76.39822285184712
0.20000000000000004, 80.85539038010941, 76.56777251868836
0.21000000000000005, 80.7529869775692, 76.73594872231459
0.22000000000000006, 80.65055635099407, 76.90265958021767
0.23000000000000007, 80.54740629033596, 77.06780566278539
0.24000000000000007, 80.44290121387624, 77.23127343523514
0.25000000000000006, 80.3364586257181, 77.39293031286647
0.26000000000000006, 80.22754626305203, 77.55262105735598
0.2700000000000001, 80.33941262533466, 77.39507682151667
0.2800000000000001, 80.22519658013438, 77.55119894976215
0.2900000000000001, 80.1085560321206, 77.70510443308449
0.3000000000000001, 80.22808146787685, 77.55362075934305
0.3100000000000001, 80.10614736907753, 77.70356065377317
0.3200000000000001, 79.98188332242782, 77.85103291276256
0.3300000000000001, 79.85485318340224, 77.99580965349733
0.34000000000000014, 79.98503639484127, 77.853978109804
0.35000000000000014, 79.85221853259993, 77.99370197694266
0.36000000000000015, 79.71690742322615, 78.1304604844076
0.37000000000000016, 79.57873675710793, 78.26398633581799
0.38000000000000017, 79.7200833416051, 78.13397911731992
0.3900000000000002, 79.57599775445422, 78.26138540121399
0.4000000000000002, 79.42948040777193, 78.38530256926498
0.4100000000000002, 79.28023276302986, 78.50543290285913
0.4200000000000002, 79.1280072223344, 78.62146448812426
0.4300000000000002, 79.28340791938794, 78.50985698428595
0.4400000000000002, 79.12522020810381, 78.61800446866086
0.45000000000000023, 78.96473913727651, 78.72184815485551
0.46000000000000024, 78.80177820513728, 78.82106192316908
0.47000000000000025, 78.63620214336572, 78.91531252312218
0.48000000000000026, 78.46792622430787, 79.00426113598103
0.49000000000000027, 78.63893685832743, 78.920956887024
0.5000000000000002, 78.46537498260281, 78.9996985265488
0.5100000000000002, 78.29010914078722, 79.07309229441714
0.5200000000000002, 78.1131017662529, 79.14081068817478
0.5300000000000002, 77.93436483892768, 79.20253014185266
0.5400000000000003, 77.75395867775337, 79.25793328126453
0.5500000000000003, 77.57199061915236, 79.30671146945063
0.5600000000000003, 77.38861354690171, 79.34856757794525
0.5700000000000003, 77.20402424250112, 79.38321892360885
0.5800000000000003, 77.0184615294401, 79.41040031392583
0.5900000000000003, 76.83220418955733, 79.42986714617201
0.6000000000000003, 76.64556863481636, 79.44139850792133
0.6100000000000003, 76.45890632319748, 79.44480022817527
0.6200000000000003, 76.27260091294421, 79.43990783012599
0.6300000000000003, 76.08706515503144, 79.42658933834197
0.6400000000000003, 75.90273752937293, 79.4047478951095
0.6500000000000004, 75.72007863589151, 79.37432414287085
0.6600000000000004, 75.53956735706882, 79.33529833224483
0.6700000000000004, 75.36169681390201, 79.2876921180559
0.6800000000000004, 75.18697014225226, 79.23157000917323
0.6900000000000004, 75.01589612129858, 79.16704044179293
0.7000000000000004, 74.84898469013714, 79.09425645009014
0.7100000000000004, 74.68674239241577, 79.01341591291158
0.7200000000000004, 74.52966779219322, 78.92476136034635
0.7300000000000004, 74.37824690689418, 78.82857932955986
0.7400000000000004, 74.23294870523004, 78.72519926514649
0.7500000000000004, 74.09422071921743, 78.61499196537952
0.7600000000000005, 73.96248481990307, 78.49836758202945
0.7700000000000005, 73.8381332060622, 78.37577318779122
0.7800000000000005, 73.72152465395456, 78.2476899317042
0.7900000000000005, 73.6129810741919, 78.11462980915769
0.8000000000000005, 73.51278441890088, 77.97713207903783
0.8100000000000005, 73.42117397868364, 77.83575936617258
0.8200000000000005, 73.33834410442515, 77.69109349236005
0.8300000000000005, 73.26444238383563, 77.54373108381094
0.8400000000000005, 73.1995682968225, 77.39427900669898
0.8500000000000005, 73.14377236745474, 77.24334968560149
0.01, 73.09705582352055, 77.09155636184846
0.02, 72.94156250075208, 76.47933352800297
0.03, 72.81901685012038, 75.87030738158525
0.04, 72.72888929583578, 75.26632271026891
0.05, 72.67051165492411, 74.66918783892525
0.060000000000000005, 72.6430810778839, 74.0806605115498
0.07, 72.64566547770401, 73.50243441185258
0.08, 72.67721036003341, 72.93612647974226
0.09, 72.73654694798564, 72.38326516974512
0.09999999999999999, 72.82240147747883, 71.84527978355526
0.10999999999999999, 72.93340552351872, 71.32349099269501
0.11999999999999998, 73.06810720474239, 70.81910264901158
0.12999999999999998, 73.22498310311943, 70.33319496082721
0.13999999999999999, 73.40245072815816, 69.86671909141295
0.15, 73.59888135042853, 69.42049321451294
0.16, 73.81261302775904, 68.9952000393666
0.17, 74.04196364909225, 68.59138579552038
0.18000000000000002, 74.28524382561919, 68.20946064614736
0.19000000000000003, 74.54076946631591, 67.849700478033
0.20000000000000004, 74.80687388516871, 67.51224999724826
0.21000000000000005, 75.08191929993247, 67.1971270421786
0.22000000000000006, 75.36430759690174, 66.90422801032543
0.23000000000000007, 75.65249025252884, 66.63333428240352
0.24000000000000007, 75.94497732040423, 66.38411951691772
0.25000000000000006, 76.24034541071373, 66.15615768074504
0.26000000000000006, 76.53724460838139, 65.9489316763329
0.2700000000000001, 76.8344042952814, 65.76184242394444
0.2800000000000001, 77.13063786075185, 65.59421825786343
0.2900000000000001, 77.42484630278909, 65.44532449848175
0.3000000000000001, 77.7160207393997, 65.31437306754067
0.3100000000000001, 78.0032438653314, 65.20053202124865
0.3200000000000001, 78.2856904035434, 65.10293488527603
0.3300000000000001, 78.56262661310416, 65.02068968642763
0.34000000000000014, 78.83340892557736, 64.95288758779219
0.35000000000000014, 79.09748179028242, 64.89861104703111
0.36000000000000015, 79.35437481506108, 64.85694143086445
0.37000000000000016, 79.6036992933646, 64.82696603241622
0.38000000000000017, 79.84514421066494, 64.80778445158974
0.3900000000000002, 80.07847182349884, 64.79851431177636
0.4000000000000002, 80.30351290302552, 64.79829629870906
0.4100000000000002, 80.52016173199436, 64.80629851894366
0.4200000000000002, 80.72837093968161, 64.82172018610952
0.4300000000000002, 80.92814625388044, 64.84379465258577
0.4400000000000002, 81.11954124264251, 64.87179181253396
0.45000000000000023, 81.3026521113959, 64.90501990919898
0.46000000000000024, 81.47761261352485, 64.9428267850618
0.47000000000000025, 81.64458912469962, 64.98460061780318
0.48000000000000026, 81.80377592338223, 65.0297701881675
0.01, 81.9553907121813, 65.07780472776825
0.02, 82.25413731619382, 65.20504854975363
0.03, 82.53253119500958, 65.35553441525265
0.04, 82.78907487669694, 65.52565921051928
0.05, 83.02285490370483, 65.71189085911445
0.060000000000000005, 83.23348144929501, 65.91084533795167
0.07, 83.42102198577285, 66.1193470759129
0.08, 83.5859322968819, 66.33447349242148
0.09, 83.72898764134293, 66.55358490588036
0.09999999999999999, 83.85121636052098, 66.77434137682216
0.10999999999999999, 83.95383770867922, 66.99470825814235
0.11999999999999998, 84.03820519237837, 67.21295231922446
0.12999999999999998, 84.10575625420051, 67.42763030922669
0.13999999999999999, 84.15796873775365, 67.637571745843
0.15, 84.19632423350465, 67.84185757828764
0.16, 84.22227813157608, 68.03979619511287
0.17, 84.23723599761051, 68.23089804520255
0.18000000000000002, 84.24253573751375, 68.41484992818357
0.19000000000000003, 84.23943492046662, 68.59148980035947
0.20000000000000004, 84.22910257973622, 68.76078274327133
0.21000000000000005, 84.21261479947043, 68.9227985607358
0.01, 84.19095341464624, 69.07769131093393
0.02, 84.10300263680512, 69.49434174290504
0.03, 83.99256057615777, 69.88809149681076
0.04, 83.86339602088228, 70.25886495075547
0.05, 83.71894273172497, 70.60700916839492
0.060000000000000005, 83.56228511999498, 70.93320582631641
0.07, 83.39615779071895, 71.2383918235674
0.08, 83.22295580272768, 71.52368948195863
0.09, 83.04475279477809, 71.79034660962459
0.09999999999999999, 82.86332448959595, 72.03968621078725
0.10999999999999999, 82.68017547886306, 72.27306527099863
0.11999999999999998, 82.49656758263014, 72.49184181306983
0.12999999999999998, 82.31354844526227, 72.6973492852127
0.13999999999999999, 82.1319793628181, 72.89087728956994
0.15, 81.95256162583058, 73.07365766697986
0.16, 81.77586090379258, 73.24685500502838
0.17, 81.60232939391626, 73.41156071616527
0.18000000000000002, 81.4323256101343, 73.56878992860645
0.19000000000000003, 81.26613180360205, 73.71948053533141
0.20000000000000004, 81.10396908867716, 73.86449384863182
0.21000000000000005, 80.94601040419843, 74.00461640447922
0.22000000000000006, 80.79239147431655, 74.14056254935839
0.23000000000000007, 80.6432199510862, 74.27297752048652
0.24000000000000007, 80.49858292679568, 74.40244079789487
0.25000000000000006, 80.3585530011615, 74.52946956383597
0.26000000000000006, 80.22319307993462, 74.6545221520328
0.2700000000000001, 80.09256006939769, 74.778001407342
0.2800000000000001, 79.96670761736874, 74.9002579065336
0.2900000000000001, 79.84568803688728, 75.02159301420055
0.3000000000000001, 79.7295535345843, 75.1422617653695
0.3100000000000001, 79.61835685236854, 75.26247557916959
0.3200000000000001, 79.51215141881086, 75.38240481680535
0.01, 79.41099109561966, 75.50218120283056
0.02, 79.69017432119934, 75.26342213620867
0.03, 79.98991430867937, 75.07720877859633
0.04, 80.30068103156904, 74.94044399315494
0.05, 80.61515418972687, 74.8488343127621
0.060000000000000005, 80.92803800496951, 74.79756649310787
0.07, 81.23576590214878, 74.78179206224134
0.08, 81.5361683931776, 74.79694002923637
0.09, 81.82815287968633, 74.83889168932788
0.09999999999999999, 82.11142261559488, 74.90405452562015
0.10999999999999999, 82.38624593410833, 74.98936868274366
0.11999999999999998, 82.65327628013024, 75.09227288400362
0.12999999999999998, 82.91341771310061, 75.21064943335861
0.13999999999999999, 82.65910736749592, 75.07853737837145
0.15, 82.41326325983792, 74.9339465808255
0.16, 82.1766726198357, 74.77737489110947
0.17, 81.95009046269992, 74.60938853467981
0.18000000000000002, 81.7342326751775, 74.43061918936091
0.19000000000000003, 81.52976940742457, 74.24176035107249
0.20000000000000004, 81.33731884981721, 74.04356301680617
0.21000000000000005, 81.15744147107364, 73.83683072375986
0.22000000000000006, 80.99063478997714, 73.62241399331718
0.23000000000000007, 80.83732874757382, 73.40120423784731
0.24000000000000007, 80.69788174003025, 73.17412719691016
0.25000000000000006, 80.57257736445736, 72.9421359772042
0.26000000000000006, 80.46162192105143, 72.70620377731802
0.2700000000000001, 80.36514270500984, 72.4673163838865
0.2800000000000001, 80.28318711101277, 72.2264645299698
0.2900000000000001, 80.21572256180832, 71.98463620925654
0.3000000000000001, 80.16263726080217, 71.74280904095286
0.3100000000000001, 80.12374175675284, 71.50194277990279
0.3200000000000001, 80.09877129693804, 71.2629720645671
0.3300000000000001, 80.08738893371853, 71.02679949198259
0.34000000000000014, 80.08918933851373, 70.79428910377614
0.35000000000000014, 80.10370326704127, 70.56626036080306
0.36000000000000015, 80.13040261046946, 70.34348267613437
0.37000000000000016, 80.16870595907857, 70.12667056708109
0.38000000000000017, 80.21798459828854, 69.91647947689557
0.3900000000000002, 80.27756885162559, 69.71350230593188
0.4000000000000002, 80.34675468147063, 69.51826668060312
0.4100000000000002, 80.42481045632725, 69.33123297667996
0.4200000000000002, 80.51098379289542, 69.15279310157646
0.4300000000000002, 80.60450838242937, 68.98327002851306
0.4400000000000002, 80.70461071364677, 68.8229180640732
0.45000000000000023, 80.81051660875458, 68.67192381991032
0.46000000000000024, 80.92145749484554, 68.53040784942603
0.47000000000000025, 81.03667633984455, 68.39842690131935
0.48000000000000026, 81.15543319016916, 68.27597673415919
0.49000000000000027, 81.27701025611152, 68.16299542968822
0.5000000000000002, 81.40071650043517, 68.05936713751878
0.01, 81.52589169558415, 67.96492618028661
0.02, 81.71921293539134, 67.80327165526683
0.03, 81.8974425548866, 67.63903405442663
0.04, 82.06130858396536, 67.4734019681195
0.05, 82.21159002874231, 67.3074226328944
0.060000000000000005, 82.34909903880663, 67.14200825755506
0.07, 82.47466529280486, 66.97794373546499
0.08, 82.58912256052744, 66.81589534991107
0.09, 82.69329735308483, 66.65642012294848
0.09999999999999999, 82.78799953697393, 66.49997550383064
0.10999999999999999, 82.8740147620451, 66.34692913905054
0.11999999999999998, 82.95209853656125, 66.19756851067642
0.12999999999999998, 83.02297177354406, 66.05211027187704
0.01, 83.08731763021639, 65.91070914743192
0.02, 83.17869136462673, 65.72322199515955
0.03, 83.27206545309329, 65.54411893416625
0.04, 83.36725574163643, 65.37325251606492
0.05, 83.46406874720051, 65.21047469115783
0.060000000000000005, 83.56230346632952, 65.05563560871887
0.07, 83.66175312859005, 64.9085825805647
0.08, 83.76220689257164, 64.76915920835954
0.09, 83.86345148098158, 64.63720467338977
0.09999999999999999, 83.96527275034916, 64.51255318591711
0.01, 84.06745719015025, 64.39503358968321
0.02, 84.21416145537806, 64.236549180047
0.03, 84.36079330968825, 64.08777838028607
0.04, 84.50705995074266, 63.94845153591163
0.05, 84.65267697992981, 63.81829098692326
0.060000000000000005, 84.79736992631524, 63.69701145778377
0.07, 84.94087562385062, 63.58432059500709
0.08, 85.082943436905, 63.47991963549674
0.09, 85.22333633049672, 63.383504188171656
0.09999999999999999, 85.36183178303109, 63.2947651110614
0.01, 85.49822254084908, 63.213389465943976
0.02, 85.65821305410977, 63.11819114059702
0.03, 85.8120927036563, 63.02700988969795
0.04, 85.96015633226249, 62.93976542033201
0.05, 86.10268039128398, 62.85637232008002
0.01, 86.23992401560595, 62.77674091437608
0.02, 86.38743733735902, 62.6900403554515
0.03, 86.52868913076371, 62.60609876447692
0.01, 86.66401044012962, 62.52493548892091
0.02, 86.80533091584378, 62.43836152660772
0.01, 86.94030876768358, 62.35408749615768
0.02, 87.08317174272192, 62.26238664786801
0.03, 87.2193059517421, 62.17277058276379
0.01, 87.34909347957108, 62.08535248321889
0.02, 87.48162215478814, 61.993531065786286
