0.01, 80.0, 80.0
0.02, 80.0, 80.0
0.02, 80.0, 80.0
0.03, 80.9, 80.0
0.04, 81.76400000000001, 80.0
0.05, 82.59344000000002, 80.0
0.060000000000000005, 83.38970240000002, 80.0
0.07, 84.15411430400002, 80.0
0.08, 84.88794973184002, 80.0
0.09, 85.59243174256642, 80.0
0.09999999999999999, 86.26873447286376, 80.0
0.10999999999999999, 86.9179850939492, 80.0
0.11999999999999998, 87.54126569019122, 80.0
0.12999999999999998, 88.13961506258357, 80.0
0.13999999999999999, 88.71403046008022, 80.0
0.15, 89.26546924167701, 80.0
0.16, 89.79485047200993, 80.0
0.17, 90.30305645312953, 80.0
0.18000000000000002, 90.79093419500435, 80.0
0.19000000000000003, 91.25929682720418, 80.0
0.20000000000000004, 91.70892495411601, 80.0
0.21000000000000005, 92.14056795595137, 80.0
0.22000000000000006, 92.55494523771331, 80.0
0.23000000000000007, 92.95274742820477, 80.0
0.24000000000000007, 93.33463753107658, 80.0
0.25000000000000006, 93.70125202983351, 80.0
0.26000000000000006, 94.05320194864017, 80.0
0.2700000000000001, 94.39107387069456, 80.0
0.2800000000000001, 94.71543091586678, 80.0
0.2900000000000001, 95.0268136792321, 80.0
0.3000000000000001, 95.32574113206282, 80.0
0.3100000000000001, 95.6127114867803, 80.0
0.3200000000000001, 95.88820302730909, 80.0
0.3300000000000001, 96.15267490621673, 80.0
0.34000000000000014, 96.40656790996806, 80.0
0.35000000000000014, 96.65030519356934, 80.0
0.36000000000000015, 96.88429298582656, 80.0
0.37000000000000016, 97.1089212663935, 80.0
0.38000000000000017, 97.32456441573775, 80.0
0.3900000000000002, 97.53158183910824, 80.0
0.4000000000000002, 97.73031856554391, 80.0
0.4100000000000002, 97.92110582292216, 80.0
0.4200000000000002, 98.10426159000527, 80.0
0.4300000000000002, 98.28009112640505, 80.0
0.4400000000000002, 98.44888748134885, 80.0
0.45000000000000023, 98.6109319820949, 80.0
0.02, 98.7664947028111, 80.0
0.03, 99.58402484548547, 80.00898235576868
0.04, 100.36892575745102, 80.02604085754976
0.05, 101.12239727665354, 80.05032706385293
0.060000000000000005, 101.84560666451222, 80.08104799725442
0.07, 102.53968866945857, 80.11746384090138
0.08, 103.20574562604762, 80.1588856438818
0.09, 103.84484759321067, 80.20467304314725
0.09999999999999999, 104.4580325341836, 80.2542320091693
0.10999999999999999, 105.04630653970807, 80.30701262197786
0.11999999999999998, 105.6106440952659, 80.36250688367923
0.12999999999999998, 106.1519883923639, 80.42024657298902
0.13999999999999999, 106.6712516832365, 80.4798011467479
0.15, 107.1693156777703, 80.54077569282175
0.16, 107.64703198097585, 80.60280893822734
0.17, 108.105222568931, 80.66557131577699
0.18000000000000002, 108.54468030079234, 80.72876309200255
0.19000000000000003, 108.96616946421231, 80.79211255860689
0.20000000000000004, 109.37042635130186, 80.85537428920127
0.21000000000000005, 109.75815986213854, 80.918327462624
0.22000000000000006, 110.13005213273131, 80.98077425369975
0.23000000000000007, 110.48675918431023, 81.042538291893
0.24000000000000007, 110.8289115908074, 81.10346318793462
0.25000000000000006, 111.15711516142893, 81.16341112815626
0.26000000000000006, 111.47195163528244, 81.22226153595548
0.2700000000000001, 111.77397938511457, 81.27990979953428
0.2800000000000001, 112.06373412732647, 81.33626606480387
0.2900000000000001, 112.3417296355647, 81.39125409212961
0.3000000000000001, 112.60845845533032, 81.44481017539995
0.3100000000000001, 112.86439261720402, 81.49688212174087
0.3200000000000001, 113.10998434644867, 81.5474282900623
0.3300000000000001, 113.34566676691885, 81.59641668651192
0.34000000000000014, 113.5718545973778, 81.64382411482474
0.35000000000000014, 113.78894483849359, 81.6896353794912
0.36000000000000015, 113.99731744895655, 81.7338425396207
0.37000000000000016, 114.1973360093263, 81.77644421134987
0.38000000000000017, 114.38934837238021, 81.81744491663343
0.3900000000000002, 114.57368729889131, 81.85685447625909
0.4000000000000002, 114.75067107791534, 81.89468744494384
0.4100000000000002, 114.92060413080947, 81.93096258639731
0.4200000000000002, 115.08377759834185, 81.96570238627473
0.4300000000000002, 115.24046991037908, 81.99893260098857
0.02, 115.39094733775794, 82.03068184040097
0.03, 115.87780515673944, 82.06628062412807
0.04, 116.36287998588962, 82.03838333993748
0.05, 116.83664473577207, 81.95041104925126
0.060000000000000005, 117.29082707666811, 81.80710385215701
0.07, 117.71853163348703, 81.61418501563018
0.08, 118.11428804337264, 81.37803607084423
0.09, 118.4740351430563, 81.1053958661832
0.09999999999999999, 118.79505287609037, 80.80309299970902
0.10999999999999999, 119.07585396143334, 80.47781768480489
0.11999999999999998, 119.3160470978074, 80.1359360677659
0.12999999999999998, 119.51618265110955, 79.78334741203828
0.13999999999999999, 119.67759054062046, 79.42538244485803
0.15, 119.80221855029792, 79.06673954604553
0.16, 119.89247767583151, 78.71145433281819
0.17, 119.951099489247, 78.36289752134509
0.18000000000000002, 119.98100895197148, 78.02379567006642
0.19000000000000003, 119.98521470295663, 77.69626946471487
0.20000000000000004, 119.96671763685009, 77.38188451827405
0.21000000000000005, 119.92843759364841, 77.08171015853661
0.22000000000000006, 119.87315721293115, 76.79638229362705
0.23000000000000007, 119.80348145496707, 76.52616712169471
0.24000000000000007, 119.72181093877914, 76.27102313469932
0.25000000000000006, 119.630327067169, 76.03065951847016
0.26000000000000006, 119.5309868700914, 75.80458964369659
0.2700000000000001, 119.42552556878321, 75.59217885718418
0.2800000000000001, 119.3154650129996, 75.39268621061083
0.2900000000000001, 119.20212634478642, 75.20530010359174
0.3000000000000001, 119.08664547061922, 75.02916807324117
0.3100000000000001, 118.96999016019276, 74.86342114168535
0.3200000000000001, 118.8529778200051, 74.70719324660669
0.3300000000000001, 118.73629320283602, 74.55963633941934
0.34000000000000014, 118.62050550379615, 74.41993175264231
0.35000000000000014, 118.50608445651982, 74.28729842326234
0.36000000000000015, 118.39341517848628, 74.16099852195063
0.37000000000000016, 118.28281162338588, 74.04034098701243
0.02, 118.17452858312619, 73.92468340344037
0.03, 119.1815997087244, 74.93430247788518
0.04, 120.21269685947634, 75.9153015782047
0.05, 119.1605275787892, 74.95551012101528
0.060000000000000005, 118.08788229987418, 74.02194103458659
0.07, 116.99268371240306, 73.11682714809889
0.08, 118.11214197552643, 73.99113778077476
0.09, 116.97186370148661, 73.14089658366908
0.09999999999999999, 115.81364021161723, 72.32082841517423
0.10999999999999999, 114.63585871535773, 71.53330940038043
0.11999999999999998, 113.43728556497857, 70.78078705947159
0.12999999999999998, 114.65750940210533, 71.49580419561524
0.13999999999999999, 113.41733515706306, 70.81043715909584
0.15, 112.16258211782865, 70.16101307382557
0.16, 110.89242792791408, 69.54999036956858
0.17, 109.6064269304187, 68.97983639035627
0.18000000000000002, 108.30450319156841, 68.45301313956462
0.19000000000000003, 106.9869431256549, 67.97196025403375
0.20000000000000004, 105.65438741228695, 67.53907570457298
0.21000000000000005, 104.30782191866076, 67.15669468214038
0.22000000000000006, 102.94856736728079, 66.82706710034051
0.23000000000000007, 104.31886721287181, 67.10180007720541
0.24000000000000007, 102.93673693151787, 66.87333966555464
0.25000000000000006, 101.55253362315568, 66.69488731706655
0.26000000000000006, 100.16761532805513, 66.568292977026
0.2700000000000001, 98.78363982543061, 66.49524987449657
0.2800000000000001, 97.40254637419403, 66.47727540283732
0.2900000000000001, 96.02653584068844, 66.51569192919912
0.3000000000000001, 94.6580491630109, 66.61160794434798
0.3100000000000001, 93.29974413957744, 66.7658999408766
0.3200000000000001, 91.95447056870405, 66.97919538504861
0.3300000000000001, 90.62524380539789, 67.25185712426187
0.34000000000000014, 89.31521684056926, 67.58396954767281
0.35000000000000014, 88.02765104583506, 67.97532679131093
0.36000000000000015, 86.76588576336567, 68.42542325060018
0.37000000000000016, 85.53330695423226, 68.93344663230788
0.38000000000000017, 84.33331514986001, 69.49827374442164
0.3900000000000002, 83.16929297892942, 70.11846918629735
0.4000000000000002, 82.04457256586225, 70.79228706274799
0.4100000000000002, 80.96240311639, 71.51767580479061
0.4200000000000002, 79.92591902018343, 72.29228613688842
0.4300000000000002, 78.93810880973719, 73.11348218616928
0.4400000000000002, 78.00178531833652, 73.97835568381714
0.45000000000000023, 77.11955737775081, 74.88374316324162
0.46000000000000024, 76.29380338816337, 75.82624601442289
0.47000000000000025, 75.52664707872255, 76.80225320974134
0.48000000000000026, 74.81993575706421, 77.80796647440107
0.49000000000000027, 74.17522132040415, 78.83942763502445
0.5000000000000002, 73.59374426964727, 79.8925478439011
0.5100000000000002, 73.07642093184452, 80.96313834446187
0.5200000000000002, 72.62383405580141, 82.04694241650775
0.5300000000000002, 72.23622690136828, 83.13966811817691
0.5400000000000003, 71.91350089568466, 84.23702142611103
0.5500000000000003, 71.65521688025896, 85.33473936620834
0.5600000000000003, 71.46059992216001, 86.42862272502641
0.5700000000000003, 71.32854761174755, 87.5145679364847
0.5800000000000003, 71.2576417192728, 88.58859775003631
0.5900000000000003, 71.24616303434017, 89.64689030479548
0.6000000000000003, 71.29210916661744, 90.68580625893743
0.6100000000000003, 71.39321504425172, 91.70191365459593
0.6200000000000003, 71.54697580905767, 92.69201023489111
0.6300000000000003, 71.75067177546381, 93.65314297091943
0.6400000000000003, 72.00139509409163, 94.58262460170253
0.6500000000000004, 72.29607774122091, 95.47804703830387
0.6600000000000004, 72.63152044263998, 96.33729153358684
0.6700000000000004, 73.00442213470434, 97.15853557036628
0.6800000000000004, 73.41140956687997, 97.94025647193381
0.6900000000000004, 73.8490666585087, 98.6812317890632
0.7000000000000004, 74.31396323771779, 99.38053656560615
0.7100000000000004, 74.80268281186333, 100.03753762971404
0.7200000000000004, 75.31184904606458, 100.6518850987005
0.7300000000000004, 75.83815065854208, 101.22350132183226
0.7400000000000004, 76.37836447780475, 101.75256751627438
0.7500000000000004, 76.929376446342, 102.23950837653403
0.7600000000000005, 77.48820039741892, 102.68497495671346
0.7700000000000005, 78.0519944748676, 103.08982613752721
0.7800000000000005, 78.61807510944016, 103.45510899634833
0.7900000000000005, 79.18392850838985, 103.78203839866806
0.8000000000000005, 79.74721965658136, 104.0719761235722
0.8100000000000005, 80.30579886677933, 104.32640982457727
0.8200000000000005, 80.85770595310225, 104.546932110967
0.8300000000000005, 81.40117213434533, 104.73522001425597
0.8400000000000005, 81.93461980248036, 104.89301508028525
0.8500000000000005, 82.45666031577765, 105.02210430047721
0.8600000000000005, 82.9660899954372, 105.1243020667186
0.8700000000000006, 83.46188451927247, 105.20143330398052
0.8800000000000006, 83.94319191589295, 105.25531790387741
0.8900000000000006, 84.40932436812979, 105.28775655162882
0.9000000000000006, 84.85974903539717, 105.3005180089756
0.9100000000000006, 85.29407810162176, 105.29532788709811
0.9200000000000006, 85.71205824871898, 105.2738589169893
0.9300000000000006, 86.11355974581608, 105.23772270045795
0.9400000000000006, 86.49856533202438, 105.18846290329084
0.9500000000000006, 86.8671590560683, 105.12754983330501
0.9600000000000006, 87.21951522001436, 105.05637633019874
0.9700000000000006, 87.55588755722003, 104.97625488129945
0.9800000000000006, 87.87659875692529, 104.88841586746827
0.9900000000000007, 88.18203043008718, 104.79400683644246
1.0000000000000007, 88.47261359351, 104.69409269660743
1.0100000000000007, 88.74881973239928, 104.58965672237213
1.0200000000000007, 89.01115248545779, 104.48160226272068
1.0300000000000007, 89.26013998178058, 104.3707550468497
1.0400000000000007, 89.49632784526848, 104.25786598478436
1.0500000000000007, 89.72027287018645, 104.14361436620011
1.0600000000000007, 89.93253736091405, 104.0286113670706
1.0700000000000007, 90.13368411989137, 103.9134037809399
1.0800000000000007, 90.32427206023723, 103.79847789931831
1.0900000000000007, 90.50485241345423, 103.68426347369177
1.1000000000000008, 90.6759654979551, 103.5711376997072
1.1100000000000008, 90.83813801074481, 103.45942917206906
1.1200000000000008, 90.9918808023532, 103.3494217664069
1.1300000000000008, 91.13768709390587, 103.2413584117267
1.1400000000000008, 91.27603109491275, 103.13544472394832
1.1500000000000008, 91.40736698080948, 103.03185247738756
1.1600000000000008, 91.53212819037786, 102.93072289682074
0.02, 91.65072700477188, 102.832169757949
0.03, 92.88542857515961, 101.71903348839385
0.04, 94.02943829950189, 100.60477321397228
0.05, 95.08808582749819, 99.49490665907827
0.060000000000000005, 96.06674943612964, 98.39420212531358
0.07, 96.97078649841414, 97.30673228803886
0.08, 97.80547500081818, 96.23593023891706
0.09, 98.57596535375974, 95.18464636341473
0.09999999999999999, 99.28724164472303, 94.15520486629957
0.10999999999999999, 99.94409142713458, 93.14945897228047
0.11999999999999998, 100.5510831149454, 92.16884402872311
0.12999999999999998, 101.11255005735579, 91.21442791976082
0.13999999999999999, 101.63258039497065, 90.28695836417775
0.15, 102.11501184284347, 89.38690681224324
0.16, 102.56343060274239, 88.51450877913352
0.17, 102.98117367244481, 87.66980055527762
0.18000000000000002, 103.37133389038739, 86.85265231801162
0.19000000000000003, 103.73676712657713, 86.06279773579104
0.20000000000000004, 104.08010110288066, 85.29986020760605
0.21000000000000005, 104.40374539574107, 84.56337591800347
0.22000000000000006, 104.70990224059749, 83.85281391411083
0.23000000000000007, 105.00057781879129, 83.16759342710778
0.24000000000000007, 105.27759376389005, 82.50709866842845
0.25000000000000006, 105.54259867480398, 81.87069133219778
0.26000000000000006, 105.79707946771238, 81.2577210314401
0.2700000000000001, 106.04237243775643, 80.66753388770964
0.2800000000000001, 106.2796739349287, 80.09947948306483
0.2900000000000001, 106.51005058694173, 79.55291637065642
0.3000000000000001, 106.73444902549738, 79.02721632637629
0.3100000000000001, 106.95370509175285, 78.52176750962514
0.3200000000000001, 107.16855251234992, 78.0359766867785
0.3300000000000001, 107.37963104960112, 77.56927065672002
0.34000000000000014, 107.58749413875152, 77.12109700413123
0.35000000000000014, 107.7926160320769, 76.690924293258
0.36000000000000015, 107.99539847432222, 76.27824180272792
0.37000000000000016, 108.19617693698235, 75.88255889072947
0.38000000000000017, 108.39522644049255, 75.50340406950224
0.3900000000000002, 108.5927669938118, 75.14032385861344
0.4000000000000002, 108.78896868039169, 74.7928814778759
0.4100000000000002, 108.98395641834006, 74.46065543294579
0.4200000000000002, 109.17781442089593, 74.14323803956692
0.4300000000000002, 109.37059038128665, 73.84023392603754
0.4400000000000002, 109.56229940376961, 73.5512585477039
0.45000000000000023, 109.7529277002808, 73.27593674206832
0.46000000000000024, 109.9424360697096, 73.01390134838199
0.47000000000000025, 110.13076317446858, 72.76479191131988
0.48000000000000026, 110.31782862678405, 72.52825348446248
0.49000000000000027, 110.50353589504671, 72.3039355457931
0.5000000000000002, 110.68777503866188, 72.09149103422772
0.5100000000000002, 110.87042527815187, 71.89057551329819
0.5200000000000002, 111.05135740580322, 71.70084646548345
0.5300000000000002, 111.23043604092594, 71.52196271831207
0.5400000000000003, 111.40752173280262, 71.35358400122533
0.5500000000000003, 111.58247291364677, 71.1953706302843
0.5600000000000003, 111.75514770335367, 71.04698331611674
0.5700000000000003, 111.92540556749954, 70.90808308902491
0.5800000000000003, 112.09310882990935, 70.77833133390747
0.5900000000000003, 112.25812404115175, 70.6573899265822
0.6000000000000003, 112.4203232045093, 70.54492146222819
0.6100000000000003, 112.57958486129189, 70.44058956599008
0.6200000000000003, 112.73579503778662, 70.34405927529686
0.6300000000000003, 112.88884805664648, 70.2549974831386
0.6400000000000003, 113.03864721608761, 70.173073431406
0.6500000000000004, 113.1851053408695, 70.09795924342178
0.02, 113.32814520965252, 70.02933048496881
0.03, 113.70538359839303, 69.83924821762793
0.04, 114.06412894600221, 69.65012412475319
0.05, 114.40531645218061, 69.4625895049462
0.060000000000000005, 114.72985602382693, 69.27719870506385
0.07, 115.03862937170197, 69.09443500118707
0.08, 115.33248769866326, 68.91471629760261
0.09, 115.61224992553002, 68.73840060912657
0.09999999999999999, 115.87870140138463, 68.56579129964332
0.10999999999999999, 116.13259304656707, 68.39714205661483
0.11999999999999998, 116.37464087864225, 68.23266158750565
0.12999999999999998, 116.60552587408876, 68.0725180295631
0.13999999999999999, 116.82589412125822, 67.9168430691996
0.15, 117.03635722318411, 67.76573577136699
0.16, 117.2374929119857, 67.61926612282254
0.17, 117.42984583983929, 67.4774782961039
0.18000000000000002, 117.61392851470796, 67.34039364339989
0.19000000000000003, 117.79022235217748, 67.20801343137404
0.20000000000000004, 117.95917881779569, 67.08032132941896
0.21000000000000005, 118.12122063722188, 66.95728566484131
0.22000000000000006, 118.27674305423426, 66.83886145914875
0.23000000000000007, 118.426115119202, 66.72499225997913
0.24000000000000007, 118.56968099299128, 66.61561178332313
0.25000000000000006, 118.7077612534383, 66.51064538058485
0.26000000000000006, 118.84065419348526, 66.41001134474074
0.2700000000000001, 118.96863710184319, 66.31362206942757
0.02, 119.09196751862362, 66.22138507424769
0.03, 119.24397309934994, 66.12736752841255
0.04, 119.40075309785657, 66.04817887250653
0.05, 119.56053384756333, 65.98371390504752
0.060000000000000005, 119.72165460416878, 65.93366160234255
0.07, 119.88258643013589, 65.89753310487671
0.08, 120.04194593622157, 65.87469021135857
0.02, 120.19850420476811, 65.86437362262053
0.03, 119.86706929606018, 65.8298288005487
0.04, 119.54690115836156, 65.74474084392082
0.05, 119.8522783365669, 65.87482967260861
0.060000000000000005, 120.13469435909774, 66.04436345588142
0.07, 120.38915363679443, 66.2475210130873
0.08, 120.61207080174371, 66.47808101352284
0.09, 120.8012100676898, 66.72972314742216
0.09999999999999999, 120.95557203423742, 66.99628451433884
0.10999999999999999, 121.0752434509472, 67.2719658312257
0.11999999999999998, 121.16122458237898, 67.55148605203304
0.12999999999999998, 121.2152472011182, 67.83018723796548
0.13999999999999999, 121.23959414963296, 68.10409397143539
0.15, 121.23692909182945, 68.36993327915111
0.16, 121.21014272297977, 68.62512198149852
0.17, 121.16221948205575, 68.86772871198171
0.18000000000000002, 121.09612682962852, 69.0964176687124
0.19000000000000003, 121.01472749135812, 69.31038059527773
0.20000000000000004, 120.92071375732272, 69.50926266440676
0.21000000000000005, 120.8165619741307, 69.69308696807126
0.22000000000000006, 120.70450474754497, 69.8621812991728
0.23000000000000007, 120.58651804784121, 70.01710992032228
0.24000000000000007, 120.46432032715516, 70.15861211113537
0.25000000000000006, 120.33938086214339, 70.28754850361307
0.26000000000000006, 120.21293477182363, 70.40485557433186
0.2700000000000001, 120.08600247976433, 70.5115081663458
0.02, 119.95941174953985, 70.60848955568282
0.03, 119.53027707560747, 70.89353373854165
0.04, 119.10174002367867, 71.14089165137568
0.05, 118.67678898703626, 71.35422145181997
0.060000000000000005, 118.25770607856452, 71.53714314817906
0.07, 117.84616382194571, 71.69315702381476
0.08, 117.44331984383798, 71.82558684806658
0.09, 117.04990608070953, 71.93754369008764
0.09999999999999999, 116.66631028131103, 72.03190626610248
0.10999999999999999, 116.29264860861402, 72.11131407200943
0.11999999999999998, 115.92882892927932, 72.17816999689174
0.12999999999999998, 115.57460494640364, 72.23464961144117
0.13999999999999999, 115.22962171361668, 72.28271482870063
0.15, 114.89345330028983, 72.32413010900414
0.16, 114.56563349289196, 72.36047980601391
0.17, 114.24568044748997, 72.39318561627836
0.18000000000000002, 113.93311617960967, 72.42352339835743
0.19000000000000003, 113.6274817116669, 72.45263887201256
0.20000000000000004, 113.328348611547, 72.48156189905153
0.21000000000000005, 113.03532756082156, 72.51121919248676
0.22000000000000006, 112.74807449598767, 72.54244540744598
0.23000000000000007, 112.46629477644991, 72.57599264318391
0.24000000000000007, 112.1897457519191, 72.61253843725271
0.25000000000000006, 111.9182380309971, 72.65269236612357
0.26000000000000006, 111.65163569233333, 72.69700138604566
0.2700000000000001, 111.38985562951336, 72.74595405747117
0.2800000000000001, 111.13286617996793, 72.79998379891757
0.2900000000000001, 110.88068515564153, 72.85947131391221
0.3000000000000001, 110.63337736782168, 72.92474632931915
0.3100000000000001, 110.39105171930555, 72.99608877606228
0.3200000000000001, 110.15385792294244, 73.07372953485178
0.3300000000000001, 109.92198289560956, 73.15785086054038
0.34000000000000014, 109.69564687003475, 73.24858658952805
0.35000000000000014, 109.47509926286192, 73.34602222540626
0.36000000000000015, 109.26061433535511, 73.45019498889341
0.37000000000000016, 109.05248668263629, 73.56109390910727
0.38000000000000017, 108.85102658791395, 73.67866002435672
0.3900000000000002, 108.65655527941676, 73.80278675190056
0.4000000000000002, 108.46940012938792, 73.9333204774977
0.4100000000000002, 108.28988983626523, 74.07006140704398
0.4200000000000002, 108.11834963285129, 74.21276471414782
0.4300000000000002, 107.95509656469004, 74.3611420091436
0.4400000000000002, 107.80043488386394, 74.5148631467949
0.45000000000000023, 107.65465160389283, 74.67355838183026
0.46000000000000024, 107.51801226126103, 74.83682087352784
0.47000000000000025, 107.39075692825767, 75.00420953287635
0.48000000000000026, 107.2730965202434, 75.17525219845919
0.49000000000000027, 107.16520943813585, 75.34944912020822
0.5000000000000002, 107.06723858383573, 75.52627672363703
0.5100000000000002, 106.97928878251894, 75.70519162117371
0.5200000000000002, 106.90142464123738, 75.88563483185345
0.5300000000000002, 106.83366886816351, 76.06703616598293
0.5400000000000003, 106.77600107115641, 76.24881872752528
0.5500000000000003, 106.72835704821473, 76.43040348394238
0.5600000000000003, 106.69062857591805, 76.61121385112337
0.5700000000000003, 106.66266369526178, 76.79068023986473
0.5800000000000003, 106.644267487486, 76.96824451017244
0.5900000000000003, 106.63520332571747, 77.1433642804347
0.6000000000000003, 106.63519458161932, 77.31551704025398
0.6100000000000003, 106.64392675990835, 77.48420401839638
0.6200000000000003, 106.66105002768306, 77.64895376086292
0.6300000000000003, 106.68618210012824, 77.80932537844204
0.02, 106.71891143943482, 77.96491142817642
0.03, 106.38000137206478, 77.0516752476198
0.04, 105.92712243619545, 76.20485653068941
0.05, 105.37707112389792, 75.42641784882382
0.060000000000000005, 104.74334095754773, 74.71563549276657
0.07, 105.45020891726354, 75.36104414517183
0.08, 106.21092008309792, 75.92737633597199
0.09, 107.01374071732289, 76.41130903582848
0.09999999999999999, 107.84717789477511, 76.81126446939975
0.10999999999999999, 108.70020806306496, 77.12725599899089
0.11999999999999998, 109.56246531736134, 77.36071253760244
0.12999999999999998, 110.42438954982548, 77.51428932615589
0.13999999999999999, 111.27733580005535, 77.59167220137068
0.15, 112.113647092521, 77.5973816616953
0.16, 112.92669380113634, 77.53658214662296
0.17, 113.71088313554488, 77.41490101512895
0.18000000000000002, 114.46164270855456, 77.23826077454606
0.19000000000000003, 115.17538233373067, 77.01272720125515
0.20000000000000004, 115.84943823432573, 76.74437513441781
0.21000000000000005, 116.48200374021718, 76.43917293444211
0.22000000000000006, 117.07205033103133, 76.10288589494613
0.23000000000000007, 117.61924257487054, 75.74099829171878
0.24000000000000007, 118.12385013680131, 75.35865325075987
0.25000000000000006, 118.58665961244196, 74.96060922152911
0.26000000000000006, 119.0088885009136, 74.5512115485676
0.2700000000000001, 119.39210318711902, 74.13437743870477
0.2800000000000001, 119.73814237207179, 73.71359251337823
0.2900000000000001, 120.04904698505409, 73.29191710538775
0.3000000000000001, 120.326997242826, 72.87200049461592
0.3100000000000001, 120.57425719592882, 72.45610136523975
0.3200000000000001, 120.7931268243989, 72.04611289516562
0.3300000000000001, 120.98590151641008, 71.6435910448782
0.34000000000000014, 121.15483858274109, 71.24978478666554
0.35000000000000014, 121.30213032496945, 70.86566719665633
0.36000000000000015, 121.42988308202352, 70.49196651318492
0.37000000000000016, 121.5401016233472, 70.1291964391774
0.38000000000000017, 121.63467823208713, 69.77768512859471
0.3900000000000002, 121.71538582285454, 69.43760244402635
0.4000000000000002, 121.78387446029917, 69.10898520218561
0.4100000000000002, 121.84167068184237, 68.79176023535148
0.4200000000000002, 121.89017907581852, 68.48576518972035
0.4300000000000002, 121.93068562092122, 68.1907670568997
0.4400000000000002, 121.96436235083388, 67.90647849366984
0.45000000000000023, 121.99227296647844, 67.6325720292948
0.46000000000000024, 122.01537907528984, 67.3686922909216
0.47000000000000025, 122.03454679073522, 67.11446639788811
0.48000000000000026, 122.05055347486034, 66.8695126869562
0.49000000000000027, 122.06409445130124, 66.63344793438694
0.5000000000000002, 122.07578955563368, 66.40589323901311
0.5100000000000002, 122.08618942410588, 66.18647872448686
0.5200000000000002, 122.09578145087907, 65.97484720993242
0.5300000000000002, 122.10499536819164, 65.77065698735652
0.5400000000000003, 122.11420842377427, 65.57358383221057
0.5500000000000003, 122.12375014582858, 65.38332236112754
0.5600000000000003, 122.13390669841677, 65.1995868385818
0.5700000000000003, 122.14492483966626, 65.0221115224151
0.5800000000000003, 122.15701550221715, 64.85065062709084
0.5900000000000003, 122.17035702024735, 64.6849779733438
0.6000000000000003, 122.18509803057327, 64.52488638366898
0.02, 122.20136007707266, 64.37018687486719
0.03, 122.23045590015447, 64.16081291346633
0.04, 122.26569987271257, 63.95810631937746
0.05, 122.30682917732389, 63.762140031218735
0.060000000000000005, 122.35356459255857, 63.572984096965534
0.07, 122.40561197634335, 63.39070317168384
0.08, 122.46266386086624, 63.21535423599531
0.09, 122.52440114953026, 63.046984545145406
0.09999999999999999, 122.59049490343214, 62.88562981682653
0.10999999999999999, 122.66060820227752, 62.73131266394827
0.11999999999999998, 122.73439806255514, 62.58404127638494
0.12999999999999998, 122.8115173941832, 62.44380835340897
0.02, 122.89161697570835, 62.31059028608766
0.03, 122.99757064590266, 62.14074349808238
0.04, 123.10265415619588, 61.97858274592963
0.05, 123.20689916976518, 61.82389849924593
0.060000000000000005, 123.3103207373161, 61.67648650018472
0.07, 123.41291920157114, 61.536147097093036
0.08, 123.51468198808602, 61.402684607976525
0.09, 123.6155852895252, 61.275906723542526
0.02, 123.71559564949254, 61.1556239576298
0.03, 123.82544197924004, 61.027771487480805
0.04, 123.93342066388719, 60.90629079316485
0.02, 124.03957180317055, 60.79098746057618
0.03, 124.15888482296698, 60.66410300451821
0.04, 124.27515971616691, 60.5432214056056
0.05, 124.38853528706127, 60.428162031788496
0.02, 124.49913420075414, 60.3187465842917
0.03, 124.62329552661397, 60.19803896419741
0.04, 124.7438961827815, 60.082995956937204
0.05, 124.86110571108092, 59.97344959947913
0.02, 124.97507684760552, 59.8692332409836
0.03, 125.10641315832343, 59.750410193971945
0.04, 125.23343479861303, 59.636889976144225
0.05, 125.35636807447551, 59.52853023484445
0.02, 125.47541996450295, 59.4251876771142
0.03, 125.59714028044306, 59.32047210215048
0.02, 125.71471725117051, 59.220383507388455
0.03, 125.83765414667815, 59.116264964093126
0.02, 125.95617914213075, 59.01655918220603
0.03, 126.08057533177626, 58.91190563253778
