0.01, 100.0, 100.0
0.02, 100.0, 100.0
0.02, 100.0, 100.0
0.03, 97.42295623289242, 100.69198657675705
0.04, 95.17243718017505, 101.94248497558932
0.05, 93.31713330959047, 103.61887381388257
0.060000000000000005, 91.88407035309037, 105.6044244584093
0.07, 90.87425711725628, 107.80370180705147
0.08, 90.27471256880122, 110.14200303093904
0.09, 90.48300494959369, 107.7219871323016
0.09999999999999999, 90.30855587435136, 105.33012351158439
0.10999999999999999, 89.78214983166276, 103.03259067872541
0.11999999999999998, 88.9444975667071, 100.88309029262659
0.12999999999999998, 87.84244156778689, 98.92219183141216
0.13999999999999999, 86.52551366742043, 97.17761664093932
0.15, 85.04301627717498, 95.66524164210213
0.16, 83.44171759343307, 94.39059506469738
0.17, 81.7641814990562, 93.35063069099196
0.18000000000000002, 80.04769853670267, 92.53559635632108
0.19000000000000003, 78.32374646894662, 91.93085026289167
0.20000000000000004, 76.61788684060807, 91.51851928180956
0.21000000000000005, 74.94999552024242, 91.27893234273125
0.22000000000000006, 73.33472752689468, 91.19179610940922
0.23000000000000007, 71.78212637231131, 91.2371076154664
0.24000000000000007, 70.29830262709392, 91.39581874970085
0.25000000000000006, 68.88612282899796, 91.65028069809854
0.26000000000000006, 67.54586614772934, 91.98450354936331
0.2700000000000001, 66.27582098430881, 92.3842684701496
0.2800000000000001, 65.07280608370291, 92.83712847881789
0.2900000000000001, 63.932610439985, 93.3323301465383
0.3000000000000001, 62.85035330814656, 93.8606836046072
0.3100000000000001, 61.820770285434875, 94.41440287343497
0.3200000000000001, 60.83843409990638, 94.98693334325223
0.3300000000000001, 59.89791989999807, 95.57277859817137
0.34000000000000014, 58.99392491172574, 96.1673348708578
0.35000000000000014, 58.12135169730405, 96.76673829655176
0.36000000000000015, 57.2753632133109, 97.36772776407254
0.37000000000000016, 56.45141665361862, 97.96752444704192
0.38000000000000017, 55.645281827967146, 98.56372792710783
0.3900000000000002, 54.85304866928553, 99.15422807574814
0.4000000000000002, 54.071127435454315, 99.73713143506285
0.4100000000000002, 53.29624429637165, 100.31070063935753
0.4200000000000002, 52.5254342763724, 100.87330537462165
0.4300000000000002, 51.7560329442611, 101.42338342571227
0.4400000000000002, 50.98566779112316, 101.95941046972605
0.45000000000000023, 50.21224989011071, 102.47987740962482
0.46000000000000024, 49.4339661733215, 102.98327418528024
0.47000000000000025, 48.649272471219284, 103.46807913755075
0.48000000000000026, 47.85688732470214, 103.93275312780422
0.49000000000000027, 47.055786486392584, 104.37573772702328
0.5000000000000002, 46.24519796590851, 104.79545688419202
0.5100000000000002, 45.42459743583537, 105.19032156344036
0.5200000000000002, 44.59370379473203, 105.55873690463694
0.5300000000000002, 43.752474676122006, 105.89911151442273
0.5400000000000003, 42.901101694581875, 106.20986853587351
0.5500000000000003, 42.040005229184764, 106.48945817687628
0.5600000000000003, 41.16982855882792, 106.73637140160703
0.5700000000000003, 40.29143118202299, 106.94915450777032
0.5800000000000003, 41.176981189462396, 106.7718846896394
0.5900000000000003, 40.283802718881745, 106.91920853352592
0.6000000000000003, 39.389278393974266, 107.03418101024113
0.6100000000000003, 38.494290644675516, 107.11560806215977
0.6200000000000003, 37.59991539644476, 107.16239710640973
0.6300000000000003, 36.70741025438009, 107.17356940704687
0.6400000000000003, 35.818201643386814, 107.14827248674376
0.6500000000000004, 34.933870872260556, 107.0857923125978
0.6600000000000004, 34.056139114167735, 106.98556500566964
0.6700000000000004, 33.186851321309, 106.84718783858158
0.6800000000000004, 32.32795911703653, 106.67042930052341
0.6900000000000004, 31.481502733910066, 106.4552380248099
0.7000000000000004, 30.64959209069908, 106.20175039108263
0.7100000000000004, 29.83438712476774, 105.91029663262717
0.7200000000000004, 29.038077518229894, 105.58140529926385
0.7300000000000004, 28.262861976358547, 105.2158059479583
0.7400000000000004, 27.510927234619487, 104.8144299566908
0.7500000000000004, 26.78442698602997, 104.37840938214254
0.7600000000000005, 26.08546093300318, 103.90907380824706
0.7700000000000005, 25.41605417713996, 103.40794516038797
0.7800000000000005, 24.778137166322036, 102.87673048870569
0.7900000000000005, 24.173526420742327, 102.31731275325238
0.8000000000000005, 23.603906258028218, 101.73173967320201
0.8100000000000005, 23.070811732284703, 101.12221073153438
0.8200000000000005, 22.57561299268434, 100.49106245509218
0.8300000000000005, 22.119501254211798, 99.84075211716132
0.8400000000000005, 21.70347655645938, 99.17384003524252
0.8500000000000005, 21.32833746617213, 98.49297065996905
0.8600000000000005, 20.994672855839855, 97.80085267170168
0.8700000000000006, 20.702855864388102, 97.10023831875125
0.8800000000000006, 20.45304011736058, 96.39390224504048
0.8900000000000006, 20.245158253406856, 95.68462006497829
0.9000000000000006, 20.078922771941347, 94.9751469491086
0.9100000000000006, 19.953829184118216, 94.26819648551958
0.9200000000000006, 19.86916141639869, 93.5664200789532
0.9300000000000006, 19.823999383617824, 92.87238714202985
0.9400000000000006, 19.81722861723454, 92.18856632108442
0.9500000000000006, 19.847551805005804, 91.51730798298671
0.9600000000000006, 19.91350207126796, 90.8608281692717
0.9700000000000006, 20.01345780289392, 90.22119420031093
0.9800000000000006, 20.145658805322125, 89.60031208557272
0.9900000000000007, 20.30822355624533, 88.99991586678267
1.0000000000000007, 20.499167311940756, 88.42155898960017
1.0100000000000007, 20.716420813058058, 87.86660776691613
1.0200000000000007, 20.957849333094984, 87.33623696372354
1.0300000000000007, 21.22127181381124, 86.83142750040331
1.0400000000000007, 21.50447983737975, 86.35296623888323
1.0500000000000007, 21.805256194965533, 85.90144778512676
1.0600000000000007, 22.121392825368936, 85.47727821240747
1.0700000000000007, 22.45070791499341, 85.08068058338478
1.0800000000000007, 22.791061971237813, 84.7117021256069
1.0900000000000007, 23.140372704942322, 84.3702228951315
1.1000000000000008, 23.496628583155466, 84.05596574678675
1.1100000000000008, 23.857900940623605, 83.76850741740735
1.1200000000000008, 24.222354566401428, 83.50729052027913
1.1300000000000008, 24.588256710212168, 83.2716362450201
1.1400000000000008, 24.95398448103618, 83.06075755711815
1.1500000000000008, 25.318030637298666, 82.87377269514862
1.1600000000000008, 25.679007793432312, 82.70971877103476
1.1700000000000008, 26.03565109104234, 82.56756528924103
1.1800000000000008, 26.386819404005156, 82.44622741409619
1.1900000000000008, 26.73149516527327, 82.34457883007346
1.2000000000000008, 27.068782918708308, 82.2614640573234
1.2100000000000009, 27.39790671177724, 82.19571010355811
1.2200000000000009, 27.718206454365568, 82.14613735302262
1.2300000000000009, 28.029133375308227, 82.11156961326998
1.2400000000000009, 28.330244711611922, 82.09084326032095
1.2500000000000009, 28.62119776590697, 82.08281544211276
1.260000000000001, 28.90174346564428, 82.08637131854705
1.270000000000001, 29.171719553212856, 82.10043033361501
1.280000000000001, 29.431043529798725, 82.12395153074196
1.290000000000001, 29.67970546776428, 82.15593793645509
1.300000000000001, 29.91776079693617, 82.19544004959495
1.310000000000001, 30.14532315979002, 82.24155848348524
1.320000000000001, 30.362557419441565, 82.29344581672073
1.330000000000001, 30.569672892910223, 82.35030771455978
1.340000000000001, 30.76691687060088, 82.41140338738613
1.350000000000001, 30.954568471611605, 82.47604545544785
1.360000000000001, 31.132932873543645, 82.54359929022853
1.370000000000001, 31.30233594515294, 82.61348190252453
1.380000000000001, 31.46311930058998, 82.68516044576965
1.390000000000001, 31.615635785240137, 82.75815040055701
1.400000000000001, 31.760245395376643, 82.83201350284523
0.02, 31.897311627017444, 82.9063554741927
0.03, 32.2991975765096, 83.08592483709353
0.04, 32.70390519261946, 83.23139261291975
0.05, 33.10811079326935, 83.34392700616203
0.060000000000000005, 33.50879897193139, 83.42499237413719
0.07, 33.90327796101697, 83.47629450843246
0.08, 34.28918710294856, 83.49972773484139
0.09, 34.664497230555185, 83.49732474088495
0.09999999999999999, 35.027504825949485, 83.4712098647381
0.10999999999999999, 35.376820864793935, 83.42355640641853
0.11999999999999998, 35.711355263021495, 83.35654835581337
0.12999999999999998, 36.03029782843334, 83.27234677631084
0.13999999999999999, 36.333096583420215, 83.17306094058073
0.15, 36.61943427093933, 83.06072418879425
0.16, 36.88920378758977, 82.93727437091663
0.17, 37.1424832089524, 82.80453864453465
0.18000000000000002, 37.37951098696235, 82.664222328186
0.19000000000000003, 37.600661810393014, 82.51790145689866
0.20000000000000004, 37.80642353064117, 82.36701865065092
0.21000000000000005, 37.997375468597184, 82.21288188630848
0.22000000000000006, 38.174168336686016, 82.05666575754069
0.23000000000000007, 38.33750593492102, 81.89941481329976
0.24000000000000007, 38.48812871229158, 81.74204858158483
0.25000000000000006, 38.62679922581917, 81.58536790930911
0.26000000000000006, 38.75428947955981, 81.43006227910814
0.2700000000000001, 38.87137008472898, 81.27671779796373
0.2800000000000001, 38.97880114969661, 81.1258255888519
0.2900000000000001, 39.077324784312545, 80.97779035374649
0.3000000000000001, 39.167659086164065, 80.83293891295904
0.3100000000000001, 39.25049346609568, 80.6915285609472
0.02, 39.32648516572911, 80.55375511159674
0.03, 39.749566709513815, 79.95211744239123
0.04, 40.23203467885937, 79.40066532798167
0.05, 40.76525638622396, 78.90499799890036
0.060000000000000005, 41.3403219914477, 78.46921786666637
0.07, 41.94827938369391, 78.09599261233667
0.08, 42.580341572299204, 77.78664750922869
0.09, 43.22806433172644, 77.54128125023335
0.09999999999999999, 43.88349306243554, 77.35889881399767
0.10999999999999999, 44.53927889572709, 77.23755531959107
0.11999999999999998, 45.18876498065591, 77.17450535333049
0.12999999999999998, 45.82604464230198, 77.16635287335482
0.13999999999999999, 46.445993693707386, 77.20919747807523
0.15, 47.04427962277813, 77.2987735363121
0.16, 47.617350667964075, 77.43057939440904
0.17, 48.16240795332444, 77.5999945761146
0.18000000000000002, 48.6773638882074, 77.80238355481241
0.19000000000000003, 49.160789965005854, 78.03318528845527
0.20000000000000004, 49.611856927648745, 78.28798825271411
0.21000000000000005, 50.03027005184173, 78.56259117858524
0.22000000000000006, 50.41620199387678, 78.85305009195768
0.23000000000000007, 50.77022534579098, 79.1557125629139
0.24000000000000007, 51.093246697261954, 79.46724030348892
0.25000000000000006, 51.38644366365847, 79.78462140864129
0.26000000000000006, 51.651206007806145, 80.10517362286717
0.2700000000000001, 51.889081670641545, 80.42654004240322
0.2800000000000001, 52.10172824095233, 80.74667863952531
0.2900000000000001, 52.29087014238452, 81.06384693075046
0.3000000000000001, 52.45826160013619, 81.37658301446122
0.3100000000000001, 52.60565527152408, 81.68368408483417
0.3200000000000001, 52.734776283443885, 81.98418339643715
0.3300000000000001, 52.84730131378077, 82.27732651492754
0.34000000000000014, 52.94484228012779, 82.56254755024392
0.35000000000000014, 53.02893415406872, 82.83944593462225
0.36000000000000015, 53.101026398678236, 83.10776418256117
0.37000000000000016, 53.16247752652973, 83.36736695623458
0.38000000000000017, 53.21455229118607, 83.61822165949602
0.3900000000000002, 53.258421052927275, 83.86038069733442
0.4000000000000002, 53.29516089575514, 84.0939654654781
0.4100000000000002, 53.32575811436781, 84.31915207627881
0.4200000000000002, 53.35111173416569, 84.5361587810841
0.4300000000000002, 53.372037772277054, 84.74523501478217
0.4400000000000002, 53.389273991396976, 84.94665196367005
0.45000000000000023, 53.403484939674286, 85.1406945417792
0.46000000000000024, 53.4152671081024, 85.32765465183702
0.47000000000000025, 53.42515407134604, 85.50782560376581
0.48000000000000026, 53.4336215084122, 85.68149756476022
0.49000000000000027, 53.44109202600844, 85.8489539194198
0.5000000000000002, 53.44793972994481, 86.01046842517867
0.02, 53.45449450875947, 86.16630305656132
0.03, 53.4856576141036, 86.4016419670456
0.04, 53.537061502806566, 86.63209121090638
0.05, 53.60757343684616, 86.8556231734276
0.060000000000000005, 53.695876126473, 87.07043121184161
0.07, 53.80050415991212, 87.27494038870846
0.08, 53.91987964396832, 87.46781307826404
0.09, 54.05234647253722, 87.64794985238952
0.09999999999999999, 54.19620272170186, 87.8144860983944
0.10999999999999999, 54.34973075300126, 87.96678485552997
0.11999999999999998, 54.51122468964641, 88.10442638096698
0.12999999999999998, 54.679015012800214, 88.22719496891119
0.13999999999999999, 54.851490105279844, 88.33506354880362
0.15, 55.027114646886524, 88.42817658059694
0.16, 55.204444837746834, 88.50683174758161
0.17, 55.382140492380344, 88.57146092105171
0.18000000000000002, 55.55897410665755, 88.62261083734727
0.19000000000000003, 55.733837051541165, 88.66092388774825
0.20000000000000004, 55.90574309090213, 88.68711937670587
0.21000000000000005, 56.07382945540701, 88.70197555542761
0.22000000000000006, 56.237355730378916, 88.70631268734606
0.02, 56.39570083278344, 88.70097735092317
0.03, 56.819860177248046, 88.65617758892657
0.04, 57.22730237046374, 88.58417572459038
0.05, 57.61646018126729, 88.48782092962263
0.060000000000000005, 57.98616443547049, 88.36994949887769
0.07, 58.33561387429774, 88.23333979101437
0.08, 58.66434173186572, 88.08067449673696
0.09, 58.97218028475864, 87.91451006414762
0.09999999999999999, 59.25922449501492, 87.7372529474972
0.10999999999999999, 59.52579572298706, 87.55114221618801
0.11999999999999998, 59.77240633504703, 87.35823796448815
0.12999999999999998, 59.999725878810374, 87.16041489725423
0.13999999999999999, 60.20854935047643, 86.95936043037938
0.15, 60.39976793917245, 86.7565766334127
0.16, 60.57434250506444, 86.553385352152
0.17, 60.73327993375371, 86.35093587710809
0.18000000000000002, 60.877612410538575, 86.15021456567453
0.19000000000000003, 61.00837957511638, 85.952055877851
0.20000000000000004, 61.126613450169614, 85.75715434397743
0.21000000000000005, 61.233325985391566, 85.56607704502221
0.22000000000000006, 61.32949902078064, 85.37927624884604
0.23000000000000007, 61.41607644806816, 85.19710190731672
0.24000000000000007, 61.49395833533397, 85.01981377743003
0.25000000000000006, 61.563996775499405, 84.84759298340545
0.26000000000000006, 61.62699322274873, 84.68055288519984
0.2700000000000001, 61.68369709036028, 84.51874916151442
0.2800000000000001, 61.73480539738635, 84.36218905197795
0.02, 61.780963268722346, 84.21083973384692
0.03, 61.93262273991845, 83.64241073911816
0.04, 62.060193377168474, 83.09216810108929
0.05, 62.166494862273694, 82.56031655565889
0.060000000000000005, 62.25414554667211, 82.04685080356298
0.07, 62.325562077326914, 81.55159309408714
0.08, 62.38296267091895, 81.07422701105651
0.09, 62.42837321110427, 80.61432747056286
0.09999999999999999, 62.4636354435042, 80.17138703743429
0.10999999999999999, 62.49041664345533, 79.74483873977162
0.11999999999999998, 62.51022022871491, 79.33407561123704
0.12999999999999998, 62.52439688063885, 78.93846722256532
0.13999999999999999, 62.53415582104239, 78.55737348028678
0.15, 62.540575966967864, 78.19015597501445
0.16, 62.54461675146735, 77.83618715667869
0.17, 62.54712845527153, 77.49485760227286
0.18000000000000002, 62.548861942213904, 77.16558162512307
0.19000000000000003, 62.5504777311043, 76.84780145517642
0.20000000000000004, 62.55255436913885, 76.54099019873308
0.21000000000000005, 62.55559609771449, 76.24465376453749
0.22000000000000006, 62.5600398215262, 75.95833192202593
0.23000000000000007, 62.566261406886966, 75.68159863739899
0.24000000000000007, 62.57458134609901, 75.41406181444849
0.25000000000000006, 62.58526983213033, 75.15536254996158
0.26000000000000006, 62.59855129244691, 74.90517399816429
0.2700000000000001, 62.614608433174695, 74.66319992507285
0.2800000000000001, 62.633585845294206, 74.42917302174281
0.2900000000000001, 62.65559322371061, 74.202853035143
0.3000000000000001, 62.68070824813038, 73.9840247666011
0.3100000000000001, 62.70897917199265, 73.7724959803207
0.3200000000000001, 62.740427162475314, 73.56809525819561
0.3300000000000001, 62.775048431006645, 73.37066983189045
0.34000000000000014, 62.81281618990917, 73.18008341876222
0.35000000000000014, 62.85368246689952, 72.99621408452417
0.36000000000000015, 62.897579805257806, 72.81895215247015
0.37000000000000016, 62.94442287363396, 72.64819817646791
0.38000000000000017, 62.99411000573277, 72.48386099269139
0.3900000000000002, 63.04652468655699, 72.32585586310647
0.4000000000000002, 63.10153699852345, 72.17410272197924
0.02, 63.15900503762595, 72.02852453507869
0.03, 63.10820468195151, 72.3175178703719
0.04, 63.111791123920696, 72.61029711383473
0.05, 63.057910298688185, 72.32044741483031
0.060000000000000005, 62.95860800475265, 72.04709988118611
0.07, 62.82009841122854, 71.79741714421417
0.08, 62.64940313602075, 71.57658085214733
0.09, 62.45382055821304, 71.38785522162263
0.09999999999999999, 62.24048279843255, 71.23276505667125
0.10999999999999999, 62.04274209741227, 71.07143897346101
0.11999999999999998, 61.859078242542665, 70.90563285154302
0.12999999999999998, 61.687949941380936, 70.73675555176732
0.13999999999999999, 61.52783893219573, 70.56592202315564
0.15, 61.37727998931465, 70.394003651401
0.16, 61.23487989735084, 70.22167421603625
0.17, 61.09932811267767, 70.04945064695389
0.18000000000000002, 60.96940140453813, 69.87772835436374
0.19000000000000003, 60.84396433389728, 69.70681129127236
0.20000000000000004, 60.721967024065364, 69.53693713847535
0.21000000000000005, 60.602441323655434, 69.36829811994653
0.22000000000000006, 60.48449616723427, 69.20105799626253
0.23000000000000007, 60.36731270147893, 69.0353657730081
0.24000000000000007, 60.25013955944457, 68.87136662072314
0.25000000000000006, 60.13228852516493, 68.70921044762314
0.26000000000000006, 60.01313072717957, 68.54905850594344
0.2700000000000001, 59.892093425078905, 68.39108835354448
0.2800000000000001, 59.76865740107745, 68.23549743793083
0.2900000000000001, 59.642354933380396, 68.08250552182902
0.3000000000000001, 59.77194156154274, 68.23265491515505
0.3100000000000001, 59.639672131790505, 68.08455860329215
0.3200000000000001, 59.50477712719147, 67.93934374385721
0.3300000000000001, 59.36686036836399, 67.79727362105285
0.34000000000000014, 59.50814427061938, 67.935914803995
0.35000000000000014, 59.36404103428273, 67.7998439725101
0.36000000000000015, 59.2173211347443, 67.66719610562524
0.37000000000000016, 59.06765787555921, 67.53826918010573
0.38000000000000017, 59.22053925096764, 67.66316060931419
0.3900000000000002, 59.06480969926136, 67.54129619084416
0.4000000000000002, 58.90668328887139, 67.42339332895676
0.4100000000000002, 58.74590119651453, 67.30977421751251
0.4200000000000002, 58.58225749301623, 67.2007721942713
0.4300000000000002, 58.74891650243955, 67.30481377131655
0.4400000000000002, 58.5794601200724, 67.20463242081637
0.45000000000000023, 58.40793111420992, 67.10922360592534
0.46000000000000024, 58.23418386301631, 67.01892724083154
0.47000000000000025, 58.058125406117256, 66.93408635719553
0.48000000000000026, 57.87971454933503, 66.85504531596817
0.49000000000000027, 57.698960942824534, 66.78214759798999
0.5000000000000002, 57.51592408724518, 66.71573324426735
0.5100000000000002, 57.70113594926725, 66.77533047765455
0.5200000000000002, 57.513750294187055, 66.72137515006584
0.5300000000000002, 57.325356672142526, 66.67374033425838
0.5400000000000003, 57.136043063727676, 66.63273066843
0.5500000000000003, 56.94594431556682, 66.59863687884221
0.5600000000000003, 56.75524023427376, 66.57173315775653
0.5700000000000003, 56.564153487418906, 66.55227439693456
0.5800000000000003, 56.37294729093529, 66.54049333882266
0.5900000000000003, 56.18192286716297, 66.53659770421939
0.6000000000000003, 55.991416662887765, 66.54076735230709
0.6100000000000003, 55.80179732214609, 66.55315152623223
0.6200000000000003, 55.61346241413376, 66.57386623478887
0.6300000000000003, 55.42683492217954, 66.60299181806178
0.6400000000000003, 55.24235950533609, 66.64057074201251
0.6500000000000004, 55.060498549619446, 66.68660566385621
0.6600000000000004, 54.88172803121377, 66.74105780661318
0.6700000000000004, 54.7065332189708, 66.80384567738112
0.6800000000000004, 54.53540424819564, 66.87484415963463
0.6900000000000004, 54.368831601944315, 66.9538840052105
0.7000000000000004, 54.20730153978948, 67.04075174658773
0.7100000000000004, 54.05129151716622, 67.13519004464906
0.7200000000000004, 53.901265640923484, 67.23689848135494
0.7300000000000004, 53.75767020851772, 67.34553480073114
0.7400000000000004, 53.620929379341824, 67.4607165953364
0.7500000000000004, 53.4914410269426, 67.58202342901933
0.7600000000000005, 53.369572820314445, 67.7089993803892
0.7700000000000005, 53.25565858104892, 67.84115598511076
0.7800000000000005, 53.149994960869186, 67.97797554900055
0.7900000000000005, 53.052838480999085, 68.11891479805817
0.8000000000000005, 52.96440297094145, 68.26340882612391
0.8100000000000005, 52.88485743961766, 68.41087529592336
0.8200000000000005, 52.8143244065167, 68.56071884494348
0.8300000000000005, 52.752878714599184, 68.71233564397947
0.8400000000000005, 52.70054684029844, 68.86511805338421
0.02, 52.65730670916707, 69.01845932011186
0.03, 52.73977655466297, 68.58302284976382
0.04, 52.69168272418266, 69.02516851164633
0.05, 52.678128799854214, 69.46673978251151
0.060000000000000005, 52.69821416908486, 69.90444024736168
0.07, 52.750728253052124, 70.3351847734845
0.08, 52.83418608418963, 70.75612437382637
0.09, 52.946865099895945, 71.16466607577762
0.09999999999999999, 53.08684255399039, 71.55848786233567
0.10999999999999999, 53.25203297191164, 71.93554881536834
0.11999999999999998, 53.440225107152045, 72.29409465070717
0.12999999999999998, 53.6491178948062, 72.63265889080117
0.13999999999999999, 53.876354942943934, 72.95005997144224
0.15, 54.11955715307931, 73.24539462353268
0.16, 54.376353116350955, 73.51802790805975
0.17, 54.64440699102308, 73.76758031163652
0.18000000000000002, 54.921443628297375, 73.99391233065158
0.19000000000000003, 55.205270775850174, 74.19710698398653
0.20000000000000004, 55.49379825061106, 74.3774506974015
0.21000000000000005, 55.78505403273759, 74.53541299730063
0.22000000000000006, 56.07719729025336, 74.67162543814761
0.23000000000000007, 56.36852839725637, 74.78686016699372
0.24000000000000007, 56.65749605698169, 74.88200850127318
0.25000000000000006, 56.94270168350699, 74.9580598632229
0.26000000000000006, 57.22290123191543, 75.01608137710464
0.2700000000000001, 57.49700469588325, 75.05719839502078
0.2800000000000001, 57.76407351375912, 75.08257617470692
0.2900000000000001, 58.02331613927698, 75.09340288942306
0.3000000000000001, 58.274082041314585, 75.09087410705604
0.3100000000000001, 58.51585439897197, 75.07617883380516
0.3200000000000001, 58.748241754237775, 75.05048717824711
0.3300000000000001, 58.97096887529917, 75.0149396549233
0.34000000000000014, 59.18386706987779, 74.97063811347111
0.35000000000000014, 59.38686417064268, 74.91863825017779
0.36000000000000015, 59.579974394585676, 74.85994363396418
0.37000000000000016, 59.76328825606425, 74.79550115834353
0.38000000000000017, 59.93696268980842, 74.72619781484717
0.3900000000000002, 60.101211516284096, 74.65285867163587
0.4000000000000002, 60.25629635806578, 74.57624593328914
0.4100000000000002, 60.40251809287133, 74.49705895376212
0.02, 60.54020890713143, 74.4159350738331
0.03, 60.77300461672958, 74.25364682525247
0.04, 60.98594901755415, 74.08050351493222
0.05, 61.17920139502291, 73.89900399582574
0.060000000000000005, 61.35319146706116, 73.71144609881685
0.07, 61.50857146806704, 73.51991025598616
0.08, 61.64617051463814, 73.32625115162128
0.09, 61.76695218506179, 73.13209626356603
0.09999999999999999, 61.87197597105846, 72.93885013399564
0.10999999999999999, 61.96236301261199, 72.74770323217106
0.11999999999999998, 62.03926631014122, 72.55964433258505
0.12999999999999998, 62.10384542568406, 72.37547542068215
0.13999999999999999, 62.15724553705424, 72.19582824605921
0.15, 62.20058059525932, 72.02118176164473
0.16, 62.234920253646735, 71.85187980982012
0.17, 62.261280184100535, 71.68814853701856
0.02, 62.28061536733684, 71.53011313251803
0.03, 62.30196814692765, 71.35150368047093
0.04, 62.3223935713941, 71.17926317082818
0.05, 62.342230571589695, 71.01313789993092
0.060000000000000005, 62.36177708525921, 70.85288611858529
0.02, 62.38129361248028, 70.6982790512447
0.03, 62.40285045184935, 70.53481314368463
0.02, 62.42479580333892, 70.37707954411543
0.03, 62.44920111444824, 70.21168471136042
0.04, 62.47434209169984, 70.0520902048542
0.02, 62.50036769894109, 69.89810129641182
0.03, 62.528940082583034, 69.74033277251046
0.02, 62.55856230250841, 69.58815533041958
0.03, 62.59225649442663, 69.42702310552686
0.02, 62.627205345914824, 69.2716799836486
0.03, 62.66470941515242, 69.1161025450467
