0.01, 20.0, 100.0
0.02, 20.0, 100.0
0.02, 20.0, 100.0
0.03, 22.8281964814289, 100.0361201112012
0.04, 25.543601086904836, 100.10472020713098
0.05, 28.15023319129022, 100.20238979924937
0.060000000000000005, 30.6520234309159, 100.32593942010627
0.07, 33.052811488829725, 100.47239191921497
0.08, 35.35634413647511, 100.63897371095808
0.09, 37.56627354678806, 100.82310601214013
0.09999999999999999, 39.68615588875978, 101.02239610484922
0.10999999999999999, 41.71945020903046, 101.2346286581308
0.11999999999999998, 43.66951760205594, 101.45775713965087
0.12999999999999998, 45.53962066681359, 101.68989534607597
0.13999999999999999, 47.332923244877136, 101.929309078361
0.15, 49.05249043197486, 102.17440798554973
0.16, 50.70128885283461, 102.42373759809232
0.17, 52.2821871871902, 102.67597156909771
0.18000000000000002, 53.79795693325433, 102.92990413939701
0.19000000000000003, 55.251273393727786, 103.18444283981862
0.20000000000000004, 56.64471686848818, 103.43860144169058
0.21000000000000005, 57.98077403745635, 103.6914931643065
0.22000000000000006, 59.2618395167486, 103.94232414593355
0.23000000000000007, 60.49021757106167, 104.19038718291677
0.24000000000000007, 61.66812396527781, 104.43505573955011
0.25000000000000006, 62.79768793849508, 104.67577822964952
0.26000000000000006, 63.88095428405805, 104.91207256917727
0.2700000000000001, 64.91988551966354, 105.14352099783407
0.2800000000000001, 65.91636413222325, 105.3697651662528
0.2900000000000001, 66.87219488285947, 105.59050148429289
0.3000000000000001, 67.78910715817325, 105.80547672494453
0.3100000000000001, 68.66875735473918, 106.0144838774998
0.3200000000000001, 69.5127312846317, 106.21735824292757
0.3300000000000001, 70.32254659066098, 106.41397376379408
0.34000000000000014, 71.09965516087986, 106.60423958059233
0.35000000000000014, 71.8454455328056, 106.78809680597318
0.36000000000000015, 72.56124527867298, 106.9655155081001
0.37000000000000016, 73.2483233638903, 107.13649189417026
0.38000000000000017, 73.90789247169995, 107.30104568504689
0.3900000000000002, 74.54111128784649, 107.45921767192353
0.4000000000000002, 75.14908673982099, 107.61106744598284
0.4100000000000002, 75.73287618598053, 107.75667129211041
0.4200000000000002, 76.29348955053034, 107.89612023787218
0.4300000000000002, 76.83189140100428, 108.02951824915455
0.4400000000000002, 77.34900296548483, 108.15698056409137
0.45000000000000023, 77.84570408736603, 108.27863215715726
0.46000000000000024, 78.32283511598314, 108.39460632558442
0.47000000000000025, 78.78119873191027, 108.50504339055628
0.48000000000000026, 79.22156170616431, 108.61008950594066
0.49000000000000027, 79.6446565929501, 108.7098955676431
0.5000000000000002, 80.05118335594035, 108.80461621698409
0.5100000000000002, 80.4418109284056, 108.89440893182893
0.5200000000000002, 80.81717870779617, 108.97943319952218
0.5300000000000002, 81.17789798563183, 109.05984976599812
0.5400000000000003, 81.52455331377739, 109.13581995575278
0.5500000000000003, 81.85770380837586, 109.207505057668
0.5600000000000003, 82.17788439287699, 109.27506577197539
0.5700000000000003, 82.48560698173965, 109.33866171393333
0.5800000000000003, 82.78136160650412, 109.39845097006537
0.5900000000000003, 83.06561748602626, 109.45458970307074
0.6000000000000003, 83.3388240427413, 109.50723180176821
0.6100000000000003, 83.6014118668834, 109.55652857267174
0.6200000000000003, 83.85379363062819, 109.60262847002143
0.6300000000000003, 84.09636495415236, 109.64567686130522
0.6400000000000003, 84.32950522561731, 109.68581582550622
0.6500000000000004, 84.553578377085, 109.72318398149797
0.6600000000000004, 84.7689336183642, 109.75791634418508
0.6700000000000004, 84.97590613076595, 109.79014420615106
0.6800000000000004, 85.17481772271931, 109.81999504272757
0.6900000000000004, 85.36597744916303, 109.84759243854246
0.7000000000000004, 85.54968219658707, 109.87305603373629
0.7100000000000004, 85.72621723555088, 109.89650148816051
0.7200000000000004, 85.89585674245306, 109.91804046198541
0.7300000000000004, 86.05886429227169, 109.93778061125212
0.02, 86.215493323935, 109.95582559700233
0.03, 86.55255712659715, 109.99246945492959
0.04, 86.87643194238942, 110.02557898973953
0.05, 87.18761777300848, 110.05537799312873
0.060000000000000005, 87.4865961179003, 110.08208049079127
0.07, 87.7738307226604, 110.10589092407945
0.08, 88.0497682861675, 110.12700434663746
0.09, 88.3148391293249, 110.1456066341079
0.09999999999999999, 88.569457828115, 110.16187470513493
0.10999999999999999, 88.81402381350733, 110.17597675200533
0.11999999999999998, 89.04892194059869, 110.18807247937875
0.12999999999999998, 89.27452302920861, 110.19831334966281
0.13999999999999999, 89.49118437800097, 110.20684283368715
0.15, 89.69925025405769, 110.21379666542458
0.16, 89.89905235969019, 110.21930309959646
0.17, 90.0909102781404, 110.22348317108444
0.18000000000000002, 90.27513189969595, 110.22645095515198
0.19000000000000003, 90.45201382962269, 110.22831382755626
0.20000000000000004, 90.62184177920325, 110.2291727237056
0.21000000000000005, 90.78489094106223, 110.22912239608806
0.02, 90.9414263498568, 110.22825166926508
0.03, 91.34334800794558, 110.2142455758295
0.04, 91.72936792920942, 110.18972595830284
0.05, 92.0997596294942, 110.15579855753855
0.060000000000000005, 92.45483927688862, 110.11350710947909
0.07, 92.79495997556754, 110.06383327347116
0.08, 93.12050628534305, 110.00769701326186
0.09, 93.43188900933679, 109.94595738650618
0.09999999999999999, 93.72954027564836, 109.8794136976071
0.10999999999999999, 94.01390893263688, 109.80880696851534
0.11999999999999998, 94.28545627153721, 109.7348216826509
0.12999999999999998, 94.54465208466782, 109.65808775828167
0.13999999999999999, 94.79197106250022, 109.57918270941109
0.15, 95.02788952838755, 109.49863395439387
0.16, 95.25288250580739, 109.41692123502295
0.17, 95.46742110957196, 109.33447911162412
0.18000000000000002, 95.67197024958612, 109.25169950267437
0.19000000000000003, 95.866986633379, 109.16893424055007
0.20000000000000004, 96.05291705176974, 109.08649761814263
0.21000000000000005, 96.2301969306239, 109.00466890419261
0.22000000000000006, 96.39924913067514, 108.92369480823714
0.23000000000000007, 96.56048297678923, 108.84379187899494
0.24000000000000007, 96.71429349779073, 108.76514882279605
0.25000000000000006, 96.86106085801445, 108.68792873127003
0.02, 97.0011499620412, 108.61227120991866
0.03, 98.00686377216888, 108.00545179943693
0.04, 98.94656052246437, 107.37775483218395
0.05, 99.82261810971013, 106.73468558795317
0.060000000000000005, 100.63770559854407, 106.08120882653094
0.07, 101.39471104986947, 105.42176181652616
0.08, 102.09667647732161, 104.76027383128493
0.09, 102.74674005910978, 104.10019073652262
0.09999999999999999, 103.34808554980796, 103.44450340173326
0.10999999999999999, 103.90389868548488, 102.79577878956742
0.11999999999999998, 104.41733025508022, 102.15619270820427
0.12999999999999998, 104.89146541942303, 101.52756334600632
0.13999999999999999, 105.3292987943727, 100.91138484095258
0.15, 105.73371477341348, 100.30886026583873
0.16, 106.10747254454915, 99.72093353116485
0.17, 106.45319525332222, 99.14831981892584
0.18000000000000002, 106.77336277504656, 98.5915342608042
0.19000000000000003, 107.07030758186201, 98.05091866278738
0.20000000000000004, 107.34621322118535, 97.5266661547684
0.21000000000000005, 107.60311495902016, 97.01884370844525
0.22000000000000006, 107.8429021821875, 96.52741252035655
0.23000000000000007, 108.06732219597481, 96.05224629996945
0.24000000000000007, 108.27798509642284, 95.59314753632864
0.25000000000000006, 108.47636943824689, 95.14986184194062
0.26000000000000006, 108.66382845927681, 94.72209049039776
0.2700000000000001, 108.84159665961684, 94.30950127582786
0.2800000000000001, 109.01079656801564, 93.91173782862698
0.2900000000000001, 109.17244555893288, 93.5284275240639
0.3000000000000001, 109.32746261138334, 93.15918811911216
0.3100000000000001, 109.4766749248484, 92.80363324905032
0.3200000000000001, 109.62082432847902, 92.46137690964908
0.3300000000000001, 109.76057343765429, 92.13203704371037
0.34000000000000014, 109.89651152693136, 91.81523834281744
0.35000000000000014, 110.02916010078346, 91.51061436678339
0.36000000000000015, 110.15897815353996, 91.21780907475804
0.37000000000000016, 110.2863671178888, 90.93647785350477
0.38000000000000017, 110.41167550744065, 90.6662881201659
0.3900000000000002, 110.53520326343798, 90.4069195690214
0.4000000000000002, 110.65720581895464, 90.15806412439129
0.4100000000000002, 110.77789789608744, 89.91942565498509
0.4200000000000002, 110.89745705288455, 89.69071949868066
0.4300000000000002, 111.0160269972585, 89.4716718409202
0.4400000000000002, 111.13372068504675, 89.2620189846268
0.45000000000000023, 111.2506232188429, 89.06150654474563
0.46000000000000024, 111.36679456334089, 88.86988859616504
0.47000000000000025, 111.48227209181113, 88.68692679984244
0.48000000000000026, 111.59707297704449, 88.51238952840525
0.49000000000000027, 111.71119643872645, 88.34605100928707
0.5000000000000002, 111.82462585779719, 88.18769050055461
0.5100000000000002, 111.93733076696155, 88.03709151195237
0.5200000000000002, 112.04926872517159, 87.89404108130918
0.5300000000000002, 112.16038708264527, 87.75832911428957
0.5400000000000003, 112.270624641829, 87.6297477935107
0.5500000000000003, 112.3799132186753, 87.50809106126518
0.02, 112.4881791077014, 87.39315417847567
0.03, 112.96144412680948, 86.94641166000275
0.04, 113.44711669530133, 86.53850652237232
0.05, 113.9419774447246, 86.16903918691219
0.060000000000000005, 114.4429640364281, 85.83734836966627
0.07, 114.94718983954097, 85.5425370303541
0.08, 115.4519590626611, 85.28349919112114
0.09, 115.95477838846932, 85.0589471778295
0.09999999999999999, 116.45336521509284, 84.86743886127178
0.10999999999999999, 116.94565265704782, 84.70740450691252
0.11999999999999998, 117.42979150122208, 84.57717287845917
0.12999999999999998, 117.90414934905698, 84.47499628154564
0.13999999999999999, 118.3673072045082, 84.3990742778426
0.15, 118.81805378838881, 84.34757584575627
0.16, 119.25537787340295, 84.31865981034846
0.17, 119.67845894083906, 84.31049341107926
0.18000000000000002, 120.08665645994601, 84.32126892042102
0.19000000000000003, 120.47949808504369, 84.34921826841985
0.20000000000000004, 120.85666705411369, 84.39262566713393
0.21000000000000005, 121.21798905674838, 84.4498382639563
0.22000000000000006, 121.56341881972983, 84.51927488368918
0.23000000000000007, 121.89302663600688, 84.59943294559181
0.24000000000000007, 122.20698503827283, 84.68889366333774
0.25000000000000006, 122.50555579251983, 84.78632565289463
0.26000000000000006, 122.7890773606054, 84.89048708590765
0.2700000000000001, 123.05795295468977, 85.00022653446025
0.2800000000000001, 123.31263928097938, 85.11448265742756
0.2900000000000001, 123.55363604604563, 85.23228287941434
0.3000000000000001, 123.78147627647903, 85.35274121092056
0.3100000000000001, 123.99671748209816, 85.47505535336403
0.3200000000000001, 124.1999336745711, 85.59850322538784
0.3300000000000001, 124.39170823725314, 85.72243903795567
0.34000000000000014, 124.57262762834439, 85.84628903554061
0.35000000000000014, 124.74327588810253, 85.96954700966015
0.36000000000000015, 124.90422991172832, 86.09176967948048
0.37000000000000016, 125.05605544254608, 86.21257202254297
0.38000000000000017, 125.19930373506288, 86.33162262714141
0.3900000000000002, 125.33450883421865, 86.44863912673866
0.4000000000000002, 125.46218541542714, 86.56338376624612
0.4100000000000002, 125.58282712964197, 86.67565914014338
0.02, 125.69690539844889, 86.78530413338903
0.03, 125.9889557251554, 87.02691304017705
0.04, 126.29145040441962, 87.24199466461278
0.05, 126.60157740037414, 87.43058794180746
0.060000000000000005, 126.91666609970285, 87.59302370421781
0.07, 127.23421232152974, 87.72989247670243
0.08, 127.55189797228557, 87.84201120841384
0.09, 127.86760554051153, 87.93038967977078
0.09999999999999999, 128.1794277117308, 87.99619725308706
0.10999999999999999, 128.48567245449516, 88.04073055779698
0.11999999999999998, 128.78486398493595, 88.065382618075
0.12999999999999998, 129.07574005849466, 88.07161384447045
0.13999999999999999, 129.35724606427928, 88.06092522436415
0.15, 129.62852641037597, 88.0348339608449
0.16, 129.8889136884778, 87.99485172801596
0.17, 130.13791609469004, 87.94246563451865
0.18000000000000002, 130.3752035618731, 87.8791219176222
0.19000000000000003, 130.60059302907223, 87.8062123286607
0.20000000000000004, 130.81403323721813, 87.72506311763561
0.21000000000000005, 131.01558939913056, 87.63692648083983
0.22000000000000006, 131.2054280476317, 87.54297430047616
0.23000000000000007, 131.38380231987915, 87.44429397922615
0.24000000000000007, 131.5510378903119, 87.34188615511866
0.25000000000000006, 131.70751972013096, 87.23666407219001
0.26000000000000006, 131.85367974906882, 87.12945437950617
0.2700000000000001, 131.98998561617725, 87.02099913421424
0.2800000000000001, 132.11693046110628, 86.91195879242856
0.2900000000000001, 132.2350238262683, 86.80291598394545
0.02, 132.34478365360258, 86.69437988204922
0.03, 132.6534027251164, 86.37011880250199
0.04, 132.9406446872457, 86.05044743165199
0.05, 133.20800564785657, 85.73622066396234
0.060000000000000005, 133.45693419911655, 85.42814612942098
0.07, 133.68882348500188, 85.12679900559658
0.08, 133.9050052103799, 84.83263626320611
0.09, 134.1067453626511, 84.54601020360987
0.09999999999999999, 134.29524142379555, 84.26718118509166
0.10999999999999999, 134.47162086141216, 83.99632946857437
0.11999999999999998, 134.63694070095053, 83.73356614255451
0.12999999999999998, 134.7921879969084, 83.47894311164329
0.13999999999999999, 134.93828103751795, 83.23246215341946
0.15, 135.07607113470235, 82.99408306464997
0.16, 135.2063448683054, 82.7637309306931
0.17, 135.3298266703452, 82.54130256146688
0.18000000000000002, 135.44718165098726, 82.3266721441554
0.19000000000000003, 135.5590185828326, 82.11969616724137
0.20000000000000004, 135.6658929738143, 81.92021767288307
0.21000000000000005, 135.76831017139838, 81.72806989545529
0.22000000000000006, 135.8667284518579, 81.54307934357564
0.23000000000000007, 135.96156205813946, 81.36506838142823
0.24000000000000007, 136.05318415831363, 81.193857362931
0.25000000000000006, 136.14192970386216, 81.02926636948652
0.26000000000000006, 136.2280981731907, 80.87111659889074
0.2700000000000001, 136.31195619086301, 80.71923144959875
0.2800000000000001, 136.393740017233, 80.57343734108066
0.2900000000000001, 136.47365790650622, 80.43356430753738
0.02, 136.55189233389663, 80.29944639885682
0.03, 136.3850518915556, 80.66834581156873
0.04, 136.25918315684356, 81.03715870574501
0.05, 136.16969311759854, 81.40214415554645
0.060000000000000005, 136.11207520502208, 81.76075066581691
0.07, 136.0820731930956, 82.11140612263758
0.08, 136.07577773499565, 82.45331777994623
0.09, 136.08967132225638, 82.78629296950581
0.09999999999999999, 136.120636168152, 83.11058560350008
0.10999999999999999, 136.16593729141118, 83.42676953794863
0.11999999999999998, 136.22319052767781, 83.73563729757551
0.12999999999999998, 136.290322732973, 84.0381212386622
0.13999999999999999, 136.36552929512735, 84.3352336339187
0.15, 136.44723233022842, 84.62802212117916
0.16, 136.53404161701928, 84.91753723979126
0.17, 136.62471936803556, 85.20480921976943
0.18000000000000002, 136.71814928540246, 85.49083167881508
0.19000000000000003, 136.62298863928353, 85.20511300300657
0.20000000000000004, 136.52535661579248, 84.92057107248706
0.21000000000000005, 136.62643789319895, 85.2039589471526
0.22000000000000006, 136.52312669547243, 84.92127454739693
0.23000000000000007, 136.62944581039926, 85.20263935090762
0.24000000000000007, 136.52114354821146, 84.92168915574248
0.25000000000000006, 136.41022684665114, 84.64219106165835
0.26000000000000006, 136.52471440513662, 84.92020586179255
0.2700000000000001, 136.40779662843633, 84.64299672877017
0.2800000000000001, 136.2877936685934, 84.36742909915004
0.2900000000000001, 136.41179574574423, 84.64127390881458
0.3000000000000001, 136.28500387811107, 84.36857118344881
0.3100000000000001, 136.1547796317356, 84.09776361971656
0.3200000000000001, 136.2893110362556, 84.36654547325176
0.3300000000000001, 136.15170361235556, 84.09919973536698
0.34000000000000014, 136.01042756166584, 83.83405466267757
0.35000000000000014, 136.15620968923142, 84.096821022853
0.36000000000000015, 136.00712613343504, 83.83575125029323
0.37000000000000016, 135.85423867714346, 83.57722682955554
0.38000000000000017, 136.01173094394346, 83.83298264327853
0.3900000000000002, 135.85076185430117, 83.57915690368385
0.4000000000000002, 135.68594626364225, 83.32824804709989
0.4100000000000002, 135.85537282346516, 83.57597423316012
0.4200000000000002, 135.68233491747907, 83.33038971128366
0.4300000000000002, 135.50549329686714, 83.08810875429451
0.4400000000000002, 135.68686632134884, 83.32678077842687
0.45000000000000023, 135.50178069571953, 83.09044420488915
0.46000000000000024, 135.3130128125811, 82.85780215200329
0.47000000000000025, 135.11987234313574, 82.62919641140473
0.48000000000000026, 135.3180001298443, 82.85338870934312
0.49000000000000027, 135.11578594789668, 82.6324077795568
0.5000000000000002, 134.90959906166864, 82.41589088154605
0.5100000000000002, 134.69885664006617, 82.20424373485099
0.5200000000000002, 134.91466052105852, 82.41058471437559
0.5300000000000002, 134.69458898762753, 82.20822253908648
0.5400000000000003, 134.470604914853, 82.01114419225013
0.5500000000000003, 134.24223005046474, 81.81980555418664
0.5600000000000003, 134.47539532561524, 82.004924718327
0.5700000000000003, 134.2379391300204, 81.8244621694454
0.5800000000000003, 133.9969436022049, 81.65008976623854
0.5900000000000003, 133.75203256581716, 81.48229752515952
0.6000000000000003, 133.50290981045322, 81.32159096162579
0.6100000000000003, 133.24935805892704, 81.16848932637346
0.6200000000000003, 133.5074780552925, 81.31345560575392
0.6300000000000003, 133.2452136099473, 81.17501164756806
0.6400000000000003, 132.97991230374257, 81.04434591483503
0.6500000000000004, 132.71143869623634, 80.92197385880368
0.6600000000000004, 132.43973568680335, 80.80841085405697
0.6700000000000004, 132.164822975399, 80.70416898012567
0.6800000000000004, 131.88679540844302, 80.60975326781487
0.6900000000000004, 131.60582114775195, 80.5256575117815
0.7000000000000004, 131.32213960552323, 80.45235974371151
0.7100000000000004, 131.03605909456425, 80.39031745502233
0.7200000000000004, 130.74795414998582, 80.33996265393056
0.7300000000000004, 130.458262486227, 80.30169683859403
0.7400000000000004, 130.16748156139116, 80.27588596553143
0.7500000000000004, 129.87616472932424, 80.2628554903539
0.7600000000000005, 129.58491696855128, 80.26288555576396
0.7700000000000005, 129.29439018600812, 80.27620639957782
0.7800000000000005, 129.00527810237276, 80.30299405302947
0.7900000000000005, 128.71831073461632, 80.34336639667373
0.8000000000000005, 128.43424850006411, 80.39737963770231
0.8100000000000005, 128.1538759746745, 80.46502526833281
0.8200000000000005, 127.87799534630324, 80.54622756006272
0.8300000000000005, 127.60741961130584, 80.64084164296187
0.8400000000000005, 127.34296556982702, 80.74865221279643
0.8500000000000005, 127.08544668141565, 80.86937290164984
0.8600000000000005, 126.83566584806934, 81.00264633986994
0.8700000000000006, 126.59440819634429, 81.14804492868932
0.8800000000000006, 126.36243393365817, 81.30507233382333
0.8900000000000006, 126.14047135627402, 81.47316570085502
0.9000000000000006, 125.92921008760122, 81.65169858339371
0.9100000000000006, 125.72929462532312, 81.83998456498954
0.9200000000000006, 125.5413182744186, 82.03728154575728
0.9300000000000006, 125.36581754036443, 82.24279665477992
0.9400000000000006, 125.20326705269433, 82.45569173980255
0.9500000000000006, 125.05407508367766, 82.67508937667203
0.9600000000000006, 124.91857972022598, 82.90007933260748
0.9700000000000006, 124.79704573932416, 83.1297254098756
0.9800000000000006, 124.68966222842812, 83.36307258996057
0.9900000000000007, 124.5965409825127, 83.599154393008
1.0000000000000007, 124.51771569895396, 83.83700036332138
1.0100000000000007, 124.45314198037406, 84.07564358910284
1.0200000000000007, 124.40269814416722, 84.31412816354255
1.0300000000000007, 124.36618682587596, 84.55151649482048
1.0400000000000007, 124.34333735212233, 84.7868963746128
1.0500000000000007, 124.33380884764738, 85.01938771827525
1.0600000000000007, 124.33719403039694, 85.2481488949579
1.0700000000000007, 124.353023638732, 85.47238257240495
1.0800000000000007, 124.3807714259382, 85.69134100899217
1.0900000000000007, 124.41985964944875, 85.90433073450137
1.1000000000000008, 124.46966497573439, 86.11071657105286
1.1100000000000008, 124.52952471678708, 86.30992495630781
1.1200000000000008, 124.59874331062676, 86.50144654229703
1.1300000000000008, 124.67659895635697, 86.68483805479545
1.1400000000000008, 124.76235031401009, 86.8597234098036
1.1500000000000008, 124.8552431807434, 87.0257940951781
1.1600000000000008, 124.95451705782278, 87.18280883653613
1.1700000000000008, 125.05941152717399, 87.33059257702266
1.1800000000000008, 125.16917236197114, 87.4690348101661
1.1900000000000008, 125.28305730261698, 87.59808731367794
1.2000000000000008, 125.40034143737313, 87.7177613395192
1.2100000000000009, 125.52032213562183, 87.82812432173873
0.02, 125.64232349107417, 87.92929616839798
0.03, 126.69808790260228, 88.61585030143682
0.04, 127.81746264054419, 89.17631062228449
0.05, 128.9808621639521, 89.60763625803489
0.060000000000000005, 130.16949454034796, 89.9098210726881
0.07, 131.36576951688318, 90.08554154457545
0.08, 132.5536148313824, 90.13976932754247
0.09, 133.71870357638608, 90.07936699109138
0.09999999999999999, 134.84859823623538, 89.9126831051269
0.10999999999999999, 135.93281914560066, 89.64916028663734
0.11999999999999998, 136.96284660505296, 89.2989671873874
0.12999999999999998, 137.93206678632822, 88.87266278488651
0.13999999999999999, 138.83567192927578, 88.3808988374172
0.15, 139.67052524542115, 87.83416405376433
0.16, 140.43500047687115, 87.24257146731074
0.17, 141.12880529399135, 86.61568873214759
0.18000000000000002, 141.7527967305246, 85.96240959822049
0.19000000000000003, 142.30879572677506, 85.29086367967247
0.20000000000000004, 142.79940665021675, 84.60836079763163
0.21000000000000005, 143.22784645019217, 83.92136563602709
0.22000000000000006, 143.5977869312275, 83.23549816764026
0.23000000000000007, 143.91321253921413, 82.55555525203175
0.24000000000000007, 144.1782950766913, 81.88554893793632
0.25000000000000006, 144.39728591756943, 81.22875727960032
0.26000000000000006, 144.5744255880388, 80.58778385965198
0.2700000000000001, 144.7138700208411, 79.96462266343937
0.2800000000000001, 144.81963236930554, 79.36072543837003
0.2900000000000001, 144.89553897495736, 78.777069168584
0.3000000000000001, 144.94519790371436, 78.2142217776009
0.3100000000000001, 144.97197838403358, 77.6724046221456
0.3200000000000001, 144.97899947825698, 77.15155074710556
0.3300000000000001, 144.9691263783795, 76.65135822712074
0.34000000000000014, 144.94497282310527, 76.17133822131484
0.35000000000000014, 144.90890826957644, 75.71085761409984
0.36000000000000015, 144.8630686077886, 75.26917630932802
0.37000000000000016, 144.80936936787361, 74.84547939164344
0.38000000000000017, 144.7495205317811, 74.43890447317091
0.3900000000000002, 144.6850422151552, 74.04856461174532
0.4000000000000002, 144.61728062801023, 73.67356722492968
0.4100000000000002, 144.5474238514058, 73.31302943809104
0.4200000000000002, 144.4765170803022, 72.96609030033163
0.4300000000000002, 144.405477079792, 72.63192028402875
0.4400000000000002, 144.3351056833927, 72.30972845634437
0.45000000000000023, 144.26610222904316, 71.9987676778361
0.46000000000000024, 144.19907488222097, 71.69833814705513
0.47000000000000025, 144.13455083771683, 71.40778957294013
0.48000000000000026, 144.07298542366286, 71.12652222053478
0.49000000000000027, 144.01477015497233, 70.85398704121471
0.5000000000000002, 143.9602397998697, 70.58968506695828
0.5100000000000002, 143.90967853399977, 70.33316621966422
0.5200000000000002, 143.86332526286847, 70.08402766129548
0.5300000000000002, 143.82137819608954, 69.84191178871437
0.5400000000000003, 143.78399875693455, 69.60650395834125
0.5500000000000003, 143.75131490870294, 69.37753001000183
0.5600000000000003, 143.72342397600562, 69.15475364625708
0.5700000000000003, 143.7003950346346, 68.93797371283726
0.5800000000000003, 143.68227093861776, 68.72702141722313
0.5900000000000003, 143.66907004759784, 68.52175751563212
0.6000000000000003, 143.66078771202186, 68.32206949339188
0.6100000000000003, 143.65739756793056, 68.12786875965335
0.6200000000000003, 143.658852687497, 67.93908787437209
0.6300000000000003, 143.66508662595416, 67.75567782325619
0.6400000000000003, 143.67601440022457, 67.5776053547548
0.6500000000000004, 143.69153342945123, 67.40485039198106
0.6600000000000004, 143.71152446275784, 67.23740353158946
0.6700000000000004, 143.7358525149477, 67.07526364094427
0.02, 143.76436782650163, 66.91843556432909
0.03, 143.83546951444507, 66.56069553656678
0.04, 143.9103551646014, 66.215686314103
0.05, 143.98908434651736, 65.8830960120933
0.060000000000000005, 144.0716747161345, 65.56263931641031
0.07, 144.15810557470238, 65.2540544478466
0.08, 144.24832118192728, 64.95710015160176
0.09, 144.3422338627778, 64.67155274625786
0.09999999999999999, 144.43972694209972, 64.39720326167904
0.10999999999999999, 144.5406575360463, 64.13385469110224
0.11999999999999998, 144.64485922438018, 63.881319378996224
0.12999999999999998, 144.75214462301744, 63.63941656295509
0.13999999999999999, 144.86230787180585, 63.40797008487383
0.15, 144.97512704849973, 63.18680628386036
0.16, 145.09036651623637, 62.97575208071784
0.17, 145.2077792085549, 62.77463326134412
0.18000000000000002, 145.32710885313813, 62.58327296401577
0.19000000000000003, 145.44809213300778, 62.40149037323604
0.20000000000000004, 145.57046078186247, 62.22909962062358
0.21000000000000005, 145.69394360860932, 62.0659088912021
0.22000000000000006, 145.8182684448957, 61.91171973142771
0.23000000000000007, 145.94316400857966, 61.766326553372004
0.24000000000000007, 146.06836167556753, 61.62951632767932
0.25000000000000006, 146.1935971522718, 61.50106845625267
0.26000000000000006, 146.31861204107358, 61.38075481411122
0.2700000000000001, 146.44315529158325, 61.268339948519724
0.2800000000000001, 146.56698453114498, 61.163581422331575
0.02, 146.68986726889494, 61.06623028752542
0.03, 146.8216104126186, 60.965440625243545
0.02, 146.9501691319513, 60.870575864872414
0.03, 147.10172641740942, 60.757856985832234
0.04, 147.24700318346376, 60.64915596583484
0.05, 147.38635869605645, 60.54444350105881
0.060000000000000005, 147.52012888092958, 60.44367916949757
0.07, 147.64862742993833, 60.34681296555922
0.02, 147.77214691804193, 60.253786675620304
0.03, 147.9038344217274, 60.15340713613502
0.02, 148.0298509646966, 60.0563774418078
0.03, 148.15902890675721, 59.955005210066375
0.02, 148.28228104593202, 59.85664233362786
0.03, 148.42665728347623, 59.73744573009097
0.04, 148.56349077282292, 59.62088960980976
0.05, 148.69326598876694, 59.50712985139659
0.060000000000000005, 148.81644337939665, 59.39629095571218
0.02, 148.93345911451237, 59.28846945946074
0.03, 149.05381300635042, 59.17457658834675
0.02, 149.16805649538327, 59.06382161297471
0.03, 149.29083218347242, 58.940990265985356
0.04, 149.40700814395836, 58.82136008325421
0.05, 149.51705268817005, 58.70502765342603
0.02, 149.6214071277751, 58.59206232427401
0.03, 149.7316312329407, 58.46936979654193
0.02, 149.83600180092358, 58.3502203110938
0.03, 149.94130658075076, 58.227140202153684
0.02, 150.04123247346314, 58.10787396218723
0.03, 150.14465749802963, 57.98162813851185
0.02, 150.2428337413053, 57.859389531488645
0.03, 150.34281086383714, 57.73243655027557
0.02, 150.4378624990646, 57.60966609207114
0.03, 150.5359012811986, 57.480956501087306
