0.01, 80.0, 80.0
0.02, 80.0, 80.0
0.02, 80.0, 80.0
0.03, 78.29843107445052, 80.4057871259717
0.04, 76.76885655381561, 81.14762685787375
0.05, 75.44591198684712, 82.15931916759686
0.060000000000000005, 74.3454964295018, 83.38353721299545
0.07, 73.4718975965256, 84.77327607530711
0.08, 74.12080288683205, 83.25542694908025
0.09, 74.5287888724445, 81.67596661605396
0.09999999999999999, 74.70070960016706, 80.0800479624537
0.10999999999999999, 74.64946028645288, 78.50773618312067
0.11999999999999998, 74.39405864342383, 76.99293241934869
0.12999999999999998, 73.95773355545731, 75.56284534392296
0.13999999999999999, 73.36614436252125, 74.2379337096678
0.15, 72.64581754139375, 73.03222522954172
0.16, 71.82285259628443, 71.95391115820928
0.17, 70.92191810283468, 71.00611929816988
0.18000000000000002, 69.9655337076375, 70.187778300756
0.19000000000000003, 68.97361517583714, 69.49450054807804
0.20000000000000004, 67.96324726057908, 68.9194273127254
0.21000000000000005, 66.9486426398561, 68.45399642254515
0.22000000000000006, 65.94124346619934, 68.08860790574953
0.23000000000000007, 64.94992406174414, 67.81317613824999
0.24000000000000007, 63.98125780142043, 67.61756738586627
0.25000000000000006, 63.03981719105751, 67.49192922438141
0.26000000000000006, 62.128482667370484, 67.42692330370089
0.2700000000000001, 61.248742035248085, 67.41387565432642
0.2800000000000001, 60.400968242015814, 67.4448596653405
0.2900000000000001, 59.58466809269682, 67.51272646610313
0.3000000000000001, 58.79869842204233, 67.61109616167775
0.3100000000000001, 58.04144916805799, 67.7343215839313
0.3200000000000001, 57.31099482965604, 67.87743422611368
0.3300000000000001, 56.60521707567391, 68.03608004648791
0.34000000000000014, 55.92190195891199, 68.20645099941491
0.35000000000000014, 55.258815428877966, 68.38521656098499
0.36000000000000015, 54.61376076614824, 68.56945819378002
0.37000000000000016, 53.984621292355115, 68.75660864096254
0.38000000000000017, 53.36939133074491, 68.94439713170806
0.3900000000000002, 52.76619796759931, 69.13080098475753
0.4000000000000002, 52.17331573890442, 69.31400367717481
0.4100000000000002, 51.589175967485644, 69.49235916455032
0.4200000000000002, 51.01237211900059, 69.66436206374688
0.4300000000000002, 50.441662237434244, 69.828623211615
0.4400000000000002, 49.87596926288011, 69.98385006998699
0.45000000000000023, 49.31437982357596, 70.12883144079385
0.46000000000000024, 48.75614192556952, 70.26242597186926
0.47000000000000025, 48.20066183136356, 70.38355396413132
0.48000000000000026, 47.647500317691865, 70.49119202752915
0.49000000000000027, 47.09636842682556, 70.58437017183871
0.5000000000000002, 46.5471227707061, 70.66217095620506
0.5100000000000002, 45.9997604086215, 70.72373035658893
0.5200000000000002, 45.45441329363104, 70.76824004216442
0.5300000000000002, 44.91134226766218, 70.7949507799837
0.5400000000000003, 44.37093057785429, 70.80317671199097
0.5500000000000003, 43.83367688546742, 70.7923002700706
0.5600000000000003, 43.30018774204335, 70.76177751370871
0.5700000000000003, 42.77116951433709, 70.71114369153888
0.5800000000000003, 42.24741974889925, 70.64001884303852
0.5900000000000003, 41.72981797833774, 70.54811327042488
0.6000000000000003, 41.21931598361285, 70.43523272380662
0.6100000000000003, 40.716927539719876, 70.30128315526315
0.6200000000000003, 40.22371768536246, 70.1462749100745
0.6300000000000003, 39.74079157034982, 69.970326236075
0.6400000000000003, 39.269282947137974, 69.77366600525875
0.6500000000000004, 38.810342384887704, 69.5566355554682
0.6600000000000004, 38.36512529536738, 69.31968957433818
0.6700000000000004, 37.93477986974637, 69.06339596267796
0.6800000000000004, 37.520435033588676, 68.78843463013607
0.6900000000000004, 37.123188533972034, 68.49559519223872
0.7000000000000004, 36.744095277457745, 68.18577355461174
0.7100000000000004, 36.38415604047923, 67.8599673872361
0.7200000000000004, 36.04430667449377, 67.51927050876175
0.7300000000000004, 35.72540792687607, 67.1648662179962
0.7400000000000004, 35.42823599498612, 66.79801962645257
0.7500000000000004, 35.153473925118284, 66.42006906202866
0.7600000000000005, 34.90170396017894, 66.03241662922463
0.7700000000000005, 34.67340093003164, 65.63651802552029
0.7800000000000005, 34.468926766624975, 65.23387172635714
0.7900000000000005, 34.288526212452716, 64.82600766234847
0.8000000000000005, 34.132323775804515, 64.41447552163896
0.8100000000000005, 34.00032196990388, 64.00083281754439
0.8200000000000005, 33.89240085568647, 63.58663286654824
0.8300000000000005, 33.808318889964596, 63.173412824282046
0.8400000000000005, 33.74771506239286, 62.76268192718165
0.8500000000000005, 33.71011228635113, 62.355910085054944
0.8600000000000005, 33.6949219909569, 61.95451696483221
0.8700000000000006, 33.70144984426964, 61.559861698368394
0.8800000000000006, 33.72890252170619, 61.173233337450554
0.8900000000000006, 33.77639541907757, 60.79584216731085
0.9000000000000006, 33.84296119678682, 60.42881197618245
0.9100000000000006, 33.927559030859044, 60.073173363034556
0.9200000000000006, 34.029084437830896, 59.72985814889423
0.9300000000000006, 34.14637953427697, 59.399694939449795
0.9400000000000006, 34.27824358801265, 59.08340586829858
0.9500000000000006, 34.423443716842314, 58.78160453163031
0.9600000000000006, 34.58072559211676, 58.49479510671026
0.9700000000000006, 34.748824008260414, 58.22337262861993
0.9800000000000006, 34.926473185705824, 57.96762438268932
0.9900000000000007, 35.11241668315336, 57.72773235424909
1.0000000000000007, 35.305416805532474, 57.5037766630437
1.0100000000000007, 35.50426340620725, 57.29573989713786
1.0200000000000007, 35.707781995540614, 57.10351225062799
1.0300000000000007, 35.914841082577, 56.92689736109581
1.0400000000000007, 36.12435869197745, 56.765618736613156
1.0500000000000007, 36.33530801408987, 56.61932665826974
1.0600000000000007, 36.546722161811594, 56.48760544263361
1.0700000000000007, 36.75769802336463, 56.36998094920016
1.0800000000000007, 36.9673992149408, 56.26592822061892
1.0900000000000007, 37.17505815109988, 56.17487914814213
1.1000000000000008, 37.379977263569224, 56.09623006111189
1.1100000000000008, 37.58152941049142, 56.02934914715518
1.1200000000000008, 37.77915752803554, 55.97358361883075
1.1300000000000008, 37.972373584512646, 55.928266552492275
1.1400000000000008, 38.16075690365132, 55.892723335819184
1.1500000000000008, 38.343951928474446, 55.86627767154048
1.1600000000000008, 38.521665500298994, 55.848257096069595
1.1700000000000008, 38.69366372882183, 55.837997982827254
1.1800000000000008, 38.859768529157776, 55.834850010725596
1.1900000000000008, 39.01985390019306, 55.838180088418426
0.02, 39.1738420158635, 55.847375734318376
0.03, 40.05665447924032, 55.91845006005474
0.04, 40.90326307179958, 56.00381278673391
0.05, 41.71479444278085, 56.101743878802424
0.060000000000000005, 42.492389598043495, 56.21063925878807
0.07, 43.23719788678241, 56.32900711891022
0.08, 43.95037142247729, 56.455463962109455
0.09, 44.63305994670262, 56.588730421955646
0.09999999999999999, 45.28640613885692, 56.72762690898184
0.10999999999999999, 45.9115413698458, 56.871069128628854
0.11999999999999998, 46.50958189329019, 57.01806351325769
0.12999999999999998, 47.081625463931296, 57.16770260767766
0.13999999999999999, 47.62874836956252, 57.31916044442532
0.15, 48.15200286002005, 57.47168794168587
0.16, 48.65241495448558, 57.624608353341486
0.17, 49.130982606568914, 57.777312797218705
0.18000000000000002, 49.588674205310326, 57.92925588424282
0.19000000000000003, 50.026427389336995, 58.07995146793503
0.20000000000000004, 50.44514815088394, 58.228968530546325
0.21000000000000005, 50.84571020620777, 58.37592721914075
0.22000000000000006, 51.228954609039974, 58.52049504214376
0.23000000000000007, 51.59568958410438, 58.662383234276355
0.24000000000000007, 51.946690558322324, 58.80134329541455
0.25000000000000006, 52.282700368110305, 58.937163706752635
0.26000000000000006, 52.60442962210382, 59.069666825710534
0.2700000000000001, 52.912557199684656, 59.198705959307375
0.2800000000000001, 53.20773086681682, 59.32416261422119
0.2900000000000001, 53.490567991882294, 59.44594392045943
0.3000000000000001, 53.761656345426786, 59.56398022446728
0.3100000000000001, 54.021554968957844, 59.67822284658837
0.3200000000000001, 54.27079509916412, 59.7886419970525
0.3300000000000001, 54.509881135130485, 59.895224844083835
0.34000000000000014, 54.73929163729628, 59.99797372728561
0.35000000000000014, 54.959480348033416, 60.096904509150654
0.36000000000000015, 55.17087722479902, 60.192045057355315
0.37000000000000016, 55.37388947783838, 60.28343385040528
0.38000000000000017, 55.56890260537382, 60.371118699200636
0.3900000000000002, 55.75628142011136, 60.455155577163126
0.4000000000000002, 55.93637106172853, 60.535607551708026
0.4100000000000002, 56.10949799077358, 60.6125438100361
0.4200000000000002, 56.275970960109134, 60.68603877245747
0.4300000000000002, 56.43608196067441, 60.756171286729945
0.4400000000000002, 56.590107138921425, 60.82302389719101
0.45000000000000023, 56.73830768380476, 60.886682182778124
0.02, 56.880930681675096, 60.94723415835983
0.03, 57.09716925680382, 61.04615722208363
0.04, 57.302268155122256, 61.146623765224206
0.05, 57.49672344682756, 61.24805924520976
0.060000000000000005, 57.681033994572104, 61.34994791070957
0.07, 57.85569728105785, 61.45182943954933
0.08, 58.02120577592001, 61.553295472851254
0.09, 58.17804381390948, 61.65398610160697
0.09999999999999999, 58.32668495278169, 61.75358635482485
0.10999999999999999, 58.46758977677519, 61.85182273147437
0.11999999999999998, 58.60120411000844, 61.948459811799076
0.02, 58.72795760342242, 62.043296977282274
0.03, 58.90827014237904, 62.17356240098243
0.04, 59.08403549883528, 62.296020234197535
0.05, 59.25533145432007, 62.4109697585031
0.060000000000000005, 59.422228579339595, 62.518705545265206
0.07, 59.58479149520282, 62.61951739706852
0.08, 59.743080022387154, 62.713690273897775
0.09, 59.89715022021927, 62.80150420418239
0.09999999999999999, 60.04705532258592, 62.88323418147993
0.10999999999999999, 60.19284657435162, 62.959150048123554
0.02, 60.33457397314182, 63.02951636759925
0.03, 60.04703183154344, 62.95691466037933
0.04, 59.75869812282651, 62.94267530331614
0.05, 59.47802772842428, 62.98038490625529
0.060000000000000005, 59.21059549429608, 63.06369748576683
0.07, 58.959880932183715, 63.1868969980148
0.08, 59.19181958532457, 63.02868466118489
0.09, 59.397789147663026, 62.84230846413727
0.09999999999999999, 59.57484494287854, 62.633483782009286
0.10999999999999999, 59.721277484119476, 62.40796179709206
0.11999999999999998, 59.836497119572556, 62.17129531583798
0.12999999999999998, 59.920885414473815, 61.928653627138765
0.13999999999999999, 59.97562750794781, 61.684687223049146
0.15, 60.002537965605164, 61.443440048924714
0.16, 60.00389048383453, 61.20830461652542
0.17, 59.98225943551197, 60.982013778872926
0.18000000000000002, 59.94037888442169, 60.76666215727906
0.19000000000000003, 59.88102249608908, 60.56375002227691
0.20000000000000004, 59.80690584804262, 60.374242734806195
0.21000000000000005, 59.72061106008567, 60.19863951909803
0.22000000000000006, 59.62453245250358, 60.037046236059
0.23000000000000007, 59.52084109182952, 59.88924784045147
0.24000000000000007, 59.41146556939119, 59.754777240484266
0.25000000000000006, 59.29808613005379, 59.6329782600117
0.02, 59.18213927090346, 59.52306127916319
0.03, 58.87037588494503, 59.29146926482229
0.04, 58.54651355024511, 59.10397681118427
0.05, 58.217227727687245, 58.95837581272793
0.060000000000000005, 57.88808308702829, 58.85165396795432
0.07, 57.563539610713555, 58.78029147714994
0.08, 57.24701398467675, 58.74051267387681
0.09, 56.94097827103916, 58.728488592424775
0.09999999999999999, 56.647080090283694, 58.74049105817477
0.10999999999999999, 56.366271415583824, 58.77300213128163
0.11999999999999998, 56.09893615542515, 58.82278473562861
0.12999999999999998, 55.84500964020532, 58.886921256391055
0.13999999999999999, 55.60408571570966, 58.96282702700457
0.15, 55.375509265019566, 59.048245191781604
0.16, 55.1584535966757, 59.14122864392698
0.17, 54.95198327624528, 59.24011378219111
0.18000000000000002, 54.755103703180595, 59.34348984009087
0.19000000000000003, 54.56679912510653, 59.45016661285946
0.20000000000000004, 54.38606092073011, 59.559142594108565
0.21000000000000005, 54.211907947151396, 59.669574861368545
0.22000000000000006, 54.04340060218772, 59.780751520243165
0.23000000000000007, 53.879650048050244, 59.892067119969
0.24000000000000007, 53.719823816216284, 60.003001170253675
0.25000000000000006, 53.563148789445066, 60.11309969910876
0.26000000000000006, 53.40891235069073, 60.22195967306172
0.2700000000000001, 53.256462307989885, 60.32921603588234
0.2800000000000001, 53.10520605197691, 60.434531094094226
0.2900000000000001, 52.95460927797563, 60.53758597459975
0.3000000000000001, 52.80419450521351, 60.63807389228111
0.3100000000000001, 52.65353954828615, 60.73569498659901
0.3200000000000001, 52.50227603699932, 60.83015251124105
0.3300000000000001, 52.35008803671273, 60.92115018664132
0.34000000000000014, 52.196710789243674, 61.008390549764854
0.35000000000000014, 52.04192957164582, 61.09157415784401
0.36000000000000015, 51.885578654603414, 61.17039952226434
0.37000000000000016, 51.7275403320458, 61.244563665403994
0.38000000000000017, 51.567743987534165, 61.31376320704294
0.3900000000000002, 51.406165159958576, 61.37769589821969
0.4000000000000002, 51.242824570316344, 61.43606252943181
0.4100000000000002, 51.07778707223258, 61.48856914718153
0.4200000000000002, 50.911160490992444, 61.53492951838449
0.4300000000000002, 50.743094318863136, 61.574867786392225
0.4400000000000002, 50.57377823815807, 61.60812126560711
0.45000000000000023, 50.40344044766503, 61.634443324139745
0.46000000000000024, 50.2323457725983, 61.65360630589368
0.47000000000000025, 50.060793543044504, 61.665404445052154
0.48000000000000026, 49.889115230875795, 61.66965672735261
0.49000000000000027, 49.71767184023741, 61.6662096539094
0.5000000000000002, 49.5468510519183, 61.65493986480459
0.5100000000000002, 49.37706412712739, 61.635756581312734
0.5200000000000002, 49.208742581364724, 61.60860382754059
0.5300000000000002, 49.04233464413746, 61.573462394513555
0.5400000000000003, 48.87830152516147, 61.53035151237553
0.5500000000000003, 48.7171135123456, 61.47933019942259
0.5600000000000003, 48.55924593120966, 61.42049826017978
0.5700000000000003, 48.405174999369656, 61.35399690865831
0.5800000000000003, 48.255373613266585, 61.28000899728439
0.5900000000000003, 48.11030710735025, 61.198758836744204
0.6000000000000003, 47.97042902839367, 61.11051159710178
0.6100000000000003, 47.836176969447045, 61.01557228596306
0.6200000000000003, 47.70796850909203, 60.914284305114386
0.6300000000000003, 47.586197302082574, 60.80702759287925
0.6400000000000003, 47.47122936712709, 60.69421636532656
0.02, 47.36339961645604, 60.576296475331276
0.03, 47.65565797421897, 60.9692754141143
0.04, 47.90865224398984, 61.383965852224094
0.05, 48.12595173217914, 61.81684551774238
0.060000000000000005, 47.94089101282052, 61.36819102378914
0.07, 47.78986848927787, 60.90948796085737
0.08, 47.673128440592656, 60.44400488989871
0.09, 47.59058971244751, 59.97494021858349
0.09999999999999999, 47.541863209103404, 59.50539157060967
0.10999999999999999, 47.52627199110614, 59.038327902660775
0.11999999999999998, 47.542873633102225, 58.57656457210893
0.12999999999999998, 47.59048447631737, 58.12274152056906
0.13999999999999999, 47.66770539507215, 57.679304696856086
0.15, 47.772948686880504, 57.248490798629504
0.16, 47.904465691744576, 56.83231536599636
0.17, 48.060374748561614, 56.432564213625376
0.18000000000000002, 48.23868910522574, 56.050788141577875
0.19000000000000003, 48.43734441396211, 55.688300820157934
0.20000000000000004, 48.654225464400135, 55.346179701657285
0.21000000000000005, 48.887191833419735, 55.025269772877685
0.22000000000000006, 49.13410216227215, 54.72618992760936
0.23000000000000007, 49.39283680712835, 54.44934170855203
0.24000000000000007, 49.66131864817788, 54.19492014405805
0.25000000000000006, 49.9375318837454, 53.96292638696287
0.26000000000000006, 50.21953867862077, 53.753181850879216
0.2700000000000001, 50.505493578909736, 53.56534353372403
0.2800000000000001, 50.79365564822251, 53.39892021880489
0.2900000000000001, 51.082398320996425, 53.25328925023453
0.3000000000000001, 51.37021700734076, 53.12771359134021
0.3100000000000001, 51.65573451924709, 53.02135889153113
0.3200000000000001, 51.937704419694484, 52.93331030812021
0.3300000000000001, 52.21501242360177, 52.862588854123764
0.34000000000000014, 52.48667600238541, 52.808167070290224
0.35000000000000014, 52.75184236186658, 52.768983848720175
0.36000000000000015, 53.009784976373126, 52.74395826561818
0.37000000000000016, 53.25989887017564, 52.7320023111777
0.38000000000000017, 53.50169484108285, 52.73203243460691
0.3900000000000002, 53.7347928204081, 52.742979851191535
0.4000000000000002, 53.95891455900726, 52.76379958548103
0.4100000000000002, 54.173875821150276, 52.79347824969418
0.4200000000000002, 54.379578257146214, 52.83104057889117
0.4300000000000002, 54.57600111244613, 52.8755547640776
0.4400000000000002, 54.76319291596091, 52.926136641025124
0.45000000000000023, 54.94126327410339, 52.98195280614326
0.46000000000000024, 55.110374880122365, 53.04222274124172
0.47000000000000025, 55.27073583112662, 53.10622003658496
0.48000000000000026, 55.42259232823778, 53.17327280643346
0.02, 55.566221818938615, 53.242763393516846
0.03, 55.91950618878359, 53.45937581861056
0.04, 56.241813212306184, 53.702495628766115
0.05, 56.53184866563658, 53.96697345395561
0.060000000000000005, 56.789114693617336, 54.247883669615604
0.07, 57.01380549672515, 54.54062117573146
0.08, 57.206698260426045, 54.84097203187821
0.09, 57.36904419274998, 55.14515998377248
0.09999999999999999, 57.50246362569012, 55.44987153205426
0.10999999999999999, 57.60884822156492, 55.75226257201794
0.11999999999999998, 57.690272451642734, 56.04994980119693
0.12999999999999998, 57.74891571552676, 56.340990082933665
0.13999999999999999, 57.78699576996978, 56.62385080399227
0.15, 57.80671354901857, 56.897374008898566
0.16, 57.810208988992486, 57.16073676731935
0.17, 57.79952711973658, 57.41340986441618
0.18000000000000002, 57.77659344005287, 57.65511652432316
0.19000000000000003, 57.743197448280405, 57.88579250527716
0.20000000000000004, 57.700983134194615, 58.10554855784568
0.21000000000000005, 57.651445240114946, 58.314635926506426
0.22000000000000006, 57.595930151764705, 58.51341530633388
0.23000000000000007, 57.53564036838041, 58.702329443640934
0.24000000000000007, 57.47164161376559, 58.88187939185798
0.25000000000000006, 57.40487177434507, 59.052604299090554
0.26000000000000006, 57.33615097785543, 59.21506450743626
0.2700000000000001, 57.26619225028175, 59.36982768105789
0.2800000000000001, 57.19561230416914, 59.517457644591936
