0.01, 0.0, 50.0
0.01, 0.0, 50.0
0.02, 2.019702518483892, 49.78728850225183
0.03, 3.969750941086767, 49.378230038362425
0.04, 5.8296210673092315, 48.791505784957664
0.05, 7.582837410983018, 48.047311870003114
0.060000000000000005, 9.216862648066193, 47.16662872044305
0.07, 10.722881689553939, 46.17057611956939
0.08, 12.095505206755178, 45.0798627979753
0.09, 13.332416312415466, 43.914334191230665
0.09999999999999999, 14.433982188460643, 42.692617568888075
0.10999999999999999, 15.402849970481496, 41.431860131208765
0.11999999999999998, 16.24354335943113, 40.14755289465043
0.12999999999999998, 16.96207342202164, 38.85343121776073
0.13999999999999999, 17.565574027658542, 37.56144159644952
0.15, 18.06196948728098, 36.281763798015675
0.16, 18.459679313277082, 35.02287740676628
0.17, 18.76736268401866, 33.79166231198832
0.18000000000000002, 18.99370321663057, 32.59352347129559
0.19000000000000003, 19.147233046283596, 31.432531323342733
0.20000000000000004, 19.236193976200653, 30.311570407162847
0.21000000000000005, 19.26843257854801, 29.232489987117763
0.22000000000000006, 19.251325558232192, 28.196251713414775
0.23000000000000007, 19.19173139661838, 27.203070514452317
0.24000000000000007, 19.095964223246114, 26.252545980064205
0.25000000000000006, 18.96978597284691, 25.343782429091267
0.26000000000000006, 18.818413126481072, 24.47549664783891
0.2700000000000001, 18.64653466761421, 23.64611293517716
0.2800000000000001, 18.458338270096526, 22.853845600462513
0.2900000000000001, 18.25754214508345, 22.096769442948176
0.3000000000000001, 18.047430384039984, 21.372879010426495
0.3100000000000001, 17.830890027233824, 20.68013760700093
0.3200000000000001, 17.610448449141035, 20.01651711215423
0.3300000000000001, 17.388309976276837, 19.380029702182153
0.34000000000000014, 17.166390935311252, 18.768752545835394
0.35000000000000014, 16.946352569155405, 18.18084649213725
0.36000000000000015, 16.729631457464276, 17.61456969130591
0.37000000000000016, 16.517467238682574, 17.068286998943424
0.38000000000000017, 16.310927557285385, 16.540475916626544
0.3900000000000002, 16.11093025661778, 16.029729724422896
0.4000000000000002, 15.918262909197587, 15.534758366766953
0.4100000000000002, 15.733599826829455, 15.054387565353927
0.4200000000000002, 15.557516726366732, 14.587556552965514
0.4300000000000002, 15.39050324699495, 14.133314751311106
0.4400000000000002, 15.232973524560576, 13.690817654302373
0.45000000000000023, 15.08527503030958, 13.25932212547427
0.46000000000000024, 14.947695877550428, 12.838181274008726
0.47000000000000025, 14.820470791913623, 12.42683903730255
0.48000000000000026, 14.703785930375227, 12.02482456843777
0.49000000000000027, 14.597782722060883, 11.631746503411282
0.5000000000000002, 14.502560890804904, 11.247287164719559
0.5100000000000002, 14.418180806050398, 10.871196744070195
0.5200000000000002, 14.344665295318695, 10.503287496860441
0.5300000000000002, 14.2820010383996, 10.143427973947317
0.5400000000000003, 14.230139650772667, 9.791537311531018
0.5500000000000003, 14.18899855165003, 9.447579597152155
0.5600000000000003, 14.158461700472357, 9.111558328402825
0.5700000000000003, 14.138380274700438, 8.783510980575477
0.5800000000000003, 14.128573351317396, 8.463503699785509
0.5900000000000003, 14.128828644574588, 8.151626138821518
0.6000000000000003, 14.138903343160864, 7.847986453867303
0.6100000000000003, 14.15852508113593, 7.55270648111241
0.6200000000000003, 14.187393068636377, 7.26591711297206
0.6300000000000003, 14.225179400536588, 6.987753894056637
0.6400000000000003, 14.271530553932505, 6.71835285708041
0.6500000000000004, 14.326069078527384, 6.4578466185215255
0.6600000000000004, 14.388395477753175, 6.206360753008005
0.6700000000000004, 14.458090272781208, 5.964010464096921
0.6800000000000004, 14.534716236485139, 5.73089756734518
0.6900000000000004, 14.617820779941251, 5.507107799366226
0.7000000000000004, 14.706938470207817, 5.29270846396808
0.7100000000000004, 14.80159365493385, 5.087746423527353
0.7200000000000004, 14.90130316682047, 4.892246440533796
0.7300000000000004, 15.005579079100123, 4.706209870811044
0.7400000000000004, 15.113931482007196, 4.529613706356915
0.7500000000000004, 15.225871249676233, 4.362409962129566
0.7600000000000005, 15.340912766999445, 4.2045253975130805
0.7700000000000005, 15.458576586672965, 4.055861559705511
0.7800000000000005, 15.578391987921014, 3.9162951329582443
0.7900000000000005, 15.69989941016, 3.785678574526622
0.8000000000000005, 15.822652737093847, 3.6638410154299783
0.8100000000000005, 15.946221409353964, 3.550589401717825
0.8200000000000005, 16.0701923467434, 3.44570984994174
0.01, 16.194171664341866, 3.348969188972604
0.02, 14.984204801579283, 4.055512002980933
0.03, 16.272136815947093, 3.501727585633454
0.04, 17.609244378134942, 3.106489057970904
0.05, 18.97111927282483, 2.8694545991197247
0.060000000000000005, 20.335027990348255, 2.7865949789268223
0.07, 21.68037475068322, 2.850759309637633
0.08, 22.98902665961766, 3.05226760593365
0.09, 24.24551011823941, 3.3795034076242585
0.09999999999999999, 25.437091370438104, 3.819484212057091
0.10999999999999999, 26.55375661691673, 4.35839211093819
0.11999999999999998, 27.58810856396839, 4.9820516044600085
0.12999999999999998, 28.53519674740968, 5.676345892634245
0.13999999999999999, 29.392298627381827, 6.427566878730229
0.15, 30.158667446864108, 7.222697561575188
0.16, 30.83526134553441, 8.049628378746922
0.17, 31.42446637576364, 8.897311362841144
0.18000000000000002, 31.929824022877003, 9.755857690533217
0.19000000000000003, 32.355771715552514, 10.61658536787838
0.20000000000000004, 32.70740273337335, 11.472024454876326
0.21000000000000005, 32.990249964765596, 12.315887452537268
0.22000000000000006, 33.2100962053448, 13.143012330647005
0.23000000000000007, 33.372812157917444, 13.9492852421965
0.24000000000000007, 33.48422202484243, 14.731549328239204
0.25000000000000006, 33.54999557737291, 15.48750523721387
0.26000000000000006, 33.575564836650685, 16.21560813021772
0.2700000000000001, 33.56606298768332, 16.91496507329733
0.2800000000000001, 33.52628284352234, 17.58523587374362
0.2900000000000001, 33.46065204991762, 18.226539632889942
0.3000000000000001, 33.373222236999084, 18.839368585847865
0.3100000000000001, 33.26766945050903, 19.4245101924144
0.3200000000000001, 33.147303399461414, 19.982977938483966
0.3300000000000001, 33.01508331197084, 20.51595090269522
0.34000000000000014, 32.873638472695205, 21.024721832887153
0.35000000000000014, 32.72529180468232, 21.51065325204788
0.36000000000000015, 32.57208514065642, 21.975140962641884
0.37000000000000016, 32.41580509330815, 22.419584229467027
0.38000000000000017, 32.25800867398942, 22.845361882523566
0.3900000000000002, 32.10004802045337, 23.25381358146084
0.4000000000000002, 31.94309377545912, 23.646225511812794
0.4100000000000002, 31.788156809576964, 24.0238198316196
0.4200000000000002, 31.636108105092337, 24.38774724780298
0.4300000000000002, 31.487696716075817, 24.739082168907384
0.4400000000000002, 31.343565795489024, 25.07881994997292
0.45000000000000023, 31.2042667368288, 25.407875813000604
0.46000000000000024, 31.070271518423844, 25.727085090357846
0.47000000000000025, 30.941983366038727, 26.03720449704445
0.48000000000000026, 30.819745866569747, 26.338914190154213
0.49000000000000027, 30.70385067465719, 26.632820419791276
0.5000000000000002, 30.594543956959765, 26.919458615171823
0.5100000000000002, 30.49203171726933, 27.199296782957248
0.5200000000000002, 30.39648414090328, 27.47273912248736
0.5300000000000002, 30.30803908993406, 27.740129785070195
0.5400000000000003, 30.22680487259623, 28.001756722439016
0.5500000000000003, 30.152862401245237, 28.25785558351227
0.5600000000000003, 30.086266843959258, 28.50861362927131
0.5700000000000003, 30.027048865575566, 28.754173643448556
0.5800000000000003, 29.97521554483518, 28.9946378222926
0.5900000000000003, 29.93075104549686, 29.230071630391766
0.6000000000000003, 29.893617110842182, 29.460507611787104
0.6100000000000003, 29.863753442957375, 29.68594914673207
0.6200000000000003, 29.841078020549517, 29.906374144754547
0.6300000000000003, 29.825487401825438, 30.121738664398805
0.6400000000000003, 29.816857052113647, 30.331980449382918
0.6500000000000004, 29.815041729424966, 30.53702237007783
0.6600000000000004, 29.819875955009383, 30.736775758343036
0.6700000000000004, 29.831174590163155, 30.93114362295811
0.6800000000000004, 29.848733535064785, 31.120023732260986
0.6900000000000004, 29.872330560270708, 31.303311550213373
0.7000000000000004, 29.90172627668658, 31.48090301201048
0.7100000000000004, 29.936665245358096, 31.65269712556877
0.7200000000000004, 29.976877224310236, 31.81859838577807
0.7300000000000004, 30.022078545922543, 31.978518989294926
0.7400000000000004, 30.071973614978127, 32.132380838872336
0.01, 30.12625651458325, 32.2801173277454
0.02, 30.228279548661558, 32.49521095552685
0.03, 30.34789886272195, 32.69855425562055
0.04, 30.483237237985037, 32.8886310504111
0.05, 30.63232921423049, 33.06422236287808
0.060000000000000005, 30.79316341660989, 33.224400326541875
0.07, 30.963721386735802, 33.36851700438022
0.08, 31.1420124858345, 33.49618891745892
0.09, 31.326104570351088, 33.60727808680377
0.09999999999999999, 31.514150265517944, 33.70187037812778
0.10999999999999999, 31.704408778384234, 33.78025190988311
0.11999999999999998, 31.895263297112066, 33.84288424243753
0.12999999999999998, 32.0852341166343, 33.89037901192606
0.13999999999999999, 32.27298771098179, 33.92347260864109
0.15, 32.45734203900444, 33.943001428978505
0.16, 32.637268422483984, 33.9498781542995
0.17, 32.811890373808325, 33.94506943193009
0.18000000000000002, 32.980479774865906, 33.929575255144435
0.19000000000000003, 33.142450820394274, 33.90441026244203
0.01, 33.29735213875724, 33.87058710358328
0.02, 32.78486652222066, 34.08226335588356
0.03, 32.31572962224723, 34.37262998527465
0.04, 32.737803326252134, 34.01464380303264
0.05, 33.10092723864789, 33.6036201363373
0.060000000000000005, 33.39984201488271, 33.15235219378665
0.07, 33.632036747129646, 32.673491972881294
0.08, 33.79744277245602, 32.17903198358592
0.09, 33.898056670404415, 31.679909460786217
0.09999999999999999, 33.93752773853261, 31.18573268033334
0.10999999999999999, 33.920740296106935, 30.704621202865965
0.11999999999999998, 33.85341518073114, 30.243146344935116
0.12999999999999998, 33.74174844911197, 29.806354809361906
0.13999999999999999, 33.59209911977293, 29.397856951678605
0.15, 33.410732210437274, 29.01996128520796
0.16, 33.20361859520779, 28.67383815927746
0.17, 32.97628947773041, 28.359697704184576
0.18000000000000002, 32.73374057757839, 28.07696976990644
0.19000000000000003, 32.48037940265382, 27.824476388442818
0.20000000000000004, 32.220008113214014, 27.600590018775033
0.21000000000000005, 31.955834318727995, 27.40337331187455
0.22000000000000006, 31.690502517499823, 27.23069824877779
0.23000000000000007, 31.42613962404676, 27.08034420275987
0.24000000000000007, 31.16440897987952, 26.950075749473726
0.25000000000000006, 30.906568283382953, 26.83770192404698
0.26000000000000006, 30.653527906142696, 26.74111915212013
0.2700000000000001, 30.40590701718224, 26.658340325526698
0.2800000000000001, 30.164085770248324, 26.587512519022997
0.2900000000000001, 29.928252501643673, 26.526925715232426
0.3000000000000001, 29.698445433384748, 26.475014676298198
0.3100000000000001, 29.474588786981332, 26.430355818320557
0.3200000000000001, 29.25652350277166, 26.391660643658387
0.3300000000000001, 29.044032948168162, 26.35776699176874
0.34000000000000014, 28.836864105967376, 26.327629097861983
0.35000000000000014, 28.634744780590637, 26.300307209560238
0.36000000000000015, 28.43739736302962, 26.2749573088354
0.37000000000000016, 28.244549668814166, 26.250821319804786
0.38000000000000017, 28.05594331897821, 26.22721805003105
0.3900000000000002, 27.87134008046768, 26.203535009958387
0.4000000000000002, 27.690526525970277, 26.17922117756691
0.4100000000000002, 27.51331731799862, 26.153780718739757
0.4200000000000002, 27.339557370890155, 26.12676763401017
0.4300000000000002, 27.16912309867771, 26.09778127557459
0.4400000000000002, 27.001922917161476, 26.06646266157847
0.45000000000000023, 26.837897135027816, 26.032491505130125
0.46000000000000024, 26.677017341197875, 25.995583871231332
0.47000000000000025, 26.5192853732245, 25.955490374252697
0.48000000000000026, 26.364731933863723, 25.911994830538084
0.01, 26.213414909275, 25.86491328432449
0.02, 26.410033626623274, 25.966578933143943
0.03, 26.58102428481507, 26.094078810931645
0.04, 26.725895946337033, 26.24096558984358
0.05, 26.845405420997356, 26.401953035218643
0.060000000000000005, 26.941051017240788, 26.572918495981344
0.07, 27.014692153315288, 26.750790381271838
0.08, 27.068288433462463, 26.933383177395704
0.09, 27.103737160339197, 27.11922219873073
0.09999999999999999, 27.08469027575251, 26.93106209123482
0.10999999999999999, 27.08187327168056, 26.742555899626026
0.11999999999999998, 27.0948857423909, 26.5554187879519
0.12999999999999998, 27.123150836524356, 26.371251516843166
0.13999999999999999, 27.165937061961156, 26.191525370053313
0.15, 27.22238071702924, 26.017570446812112
0.16, 27.29150852597355, 25.8505672113494
0.17, 27.372260088647604, 25.69154115070513
0.18000000000000002, 27.463509789234823, 25.541360355730422
0.19000000000000003, 27.564087846346368, 25.4007358084173
0.20000000000000004, 27.672800226767365, 25.270224131813084
0.21000000000000005, 27.788447186954663, 25.150232537181918
0.22000000000000006, 27.909840249503354, 25.041025687088105
0.01, 28.035817465467684, 24.942734182890554
0.02, 27.808348404687123, 25.05114091848222
0.03, 27.571015752817015, 25.10982706756666
0.04, 27.332474349113557, 25.12301246830033
0.05, 27.098769164590216, 25.095453782213976
0.060000000000000005, 26.87391417791059, 25.031753461112945
0.07, 27.08736838213584, 25.12749294777046
0.08, 27.283976271647557, 25.25130930341987
0.09, 27.460145836767968, 25.398934682846676
0.09999999999999999, 27.613324601148566, 25.565813763023588
0.10999999999999999, 27.74195352511446, 25.747327719220223
0.11999999999999998, 27.845381407267972, 25.93898439918705
0.12999999999999998, 27.923751607380908, 26.13657058645069
0.13999999999999999, 27.977872241158018, 26.336265321859038
0.15, 28.009079747064934, 26.534715751054918
0.16, 28.019104108439286, 26.729078844182848
0.17, 28.009942218799136, 26.91703360306355
0.18000000000000002, 27.983744063149793, 27.09676907940626
0.19000000000000003, 27.94271467805792, 27.26695375183979
0.20000000000000004, 27.889033338337402, 27.426691642498813
0.21000000000000005, 27.824790154760787, 27.575470094917176
0.01, 27.75193928130075, 27.713103481350327
0.02, 27.62597839048465, 27.96103022792872
0.03, 27.50776119277159, 28.204799426627282
0.04, 27.397376723881894, 28.44466325338966
0.05, 27.29489539091967, 28.680818704608814
0.060000000000000005, 27.200369569869597, 28.913411619805174
0.07, 27.11383382581368, 29.142540655158253
0.08, 27.03530484526555, 29.36826120831845
0.09, 26.964781160582636, 29.59058929621148
0.09999999999999999, 26.902242737641245, 29.8095053875004
0.10999999999999999, 26.84765048979207, 30.024958190343654
0.11999999999999998, 26.800945773486976, 30.2368683943812
0.12999999999999998, 26.762049913814316, 30.445132363745888
0.13999999999999999, 26.730863801435, 30.649625775542294
0.15, 26.707267596019634, 30.850207195833576
0.16, 26.691120565203697, 31.04672158286952
0.17, 26.682261082270443, 31.239003705190083
0.18000000000000002, 26.680506800220208, 31.426881460438132
0.19000000000000003, 26.68565501458191, 31.610179079281668
0.20000000000000004, 26.697483222270645, 31.788720197828845
0.21000000000000005, 26.715749879006108, 31.962330781351334
0.22000000000000006, 26.74019535330023, 32.130841882029394
0.23000000000000007, 26.770543070823503, 32.294092213798045
0.24000000000000007, 26.80650083909756, 32.45193052819748
