0.01, 100.0, 190.0
0.01, 100.0, 190.0
0.02, 105.07291971709205, 189.4847471068119
0.03, 109.96973424958131, 188.49461555014855
0.04, 114.64292844009726, 187.07501694293072
0.05, 119.05446450617629, 185.2745853907958
0.060000000000000005, 123.17547373316896, 183.143532111518
0.07, 126.98572187235315, 180.73219896711336
0.08, 130.47290290234113, 178.0898279204988
0.09, 133.6318129861484, 175.26355248049538
0.09999999999999999, 136.46345204245193, 172.29760790069534
0.10999999999999999, 138.97409480410894, 169.23274935506112
0.11999999999999998, 141.17436699045902, 166.10586154009997
0.12999999999999998, 143.0783556621613, 162.9497390845931
0.13999999999999999, 144.70277629611522, 159.79301465284263
0.15, 146.0662128914745, 156.6602105270928
0.16, 147.18844171059072, 153.57188953758535
0.17, 148.08984422230054, 150.54488224632425
0.18000000000000002, 148.79091054078552, 147.59256905232556
0.19000000000000003, 149.31183117897874, 144.72519815089842
0.20000000000000004, 149.67217225311202, 141.9502228455953
0.21000000000000005, 149.89062733988737, 139.27264440319954
0.22000000000000006, 149.98483792832255, 136.69534931393972
0.23000000000000007, 149.97127373527823, 134.21943235717686
0.24000000000000007, 149.86516396849697, 131.84449919435386
0.25000000000000006, 149.68047082316926, 129.56894426211585
0.26000000000000006, 149.4298969909296, 127.39020149063758
0.2700000000000001, 149.12491965528122, 125.30496681790676
0.2800000000000001, 148.77584426728302, 123.30939261921955
0.2900000000000001, 148.39187227499866, 121.39925504384493
0.3000000000000001, 147.98117786779306, 119.57009587719595
0.3100000000000001, 147.5509896526947, 117.81734096090216
0.3200000000000001, 147.10767397682116, 116.13639744046162
0.3300000000000001, 146.65681732937168, 114.52273220549253
0.34000000000000014, 146.2033058893164, 112.97193387345865
0.35000000000000014, 145.75140082763352, 111.47976057313024
0.36000000000000015, 145.304808427696, 110.04217563396439
0.37000000000000016, 144.866744459603, 108.65537310284647
0.38000000000000017, 144.43999254153033, 107.31579480693266
0.3900000000000002, 144.0269564523864, 106.02014047359084
0.4000000000000002, 143.62970653446044, 104.76537221521544
0.4100000000000002, 143.25002045141773, 103.54871449469246
0.4200000000000002, 142.88941865444087, 102.36765051085264
0.4300000000000002, 142.5491949652192, 101.2199157848332
0.4400000000000002, 142.2304427155863, 100.10348958888537
0.45000000000000023, 141.9340768956519, 99.01658473876216
0.46000000000000024, 141.66085276006, 97.95763616859331
0.47000000000000025, 141.4113813294415, 96.92528862180181
0.48000000000000026, 141.18614220433227, 95.91838372154703
0.49000000000000027, 140.98549408422582, 94.93594662765702
0.5000000000000002, 140.80968335687953, 93.97717244227421
0.5100000000000002, 140.6588510938703, 93.04141249176722
0.5200000000000002, 140.53303875869827, 92.12816058623842
0.5300000000000002, 140.43219290416235, 91.23703933869497
0.5400000000000003, 140.35616910675316, 90.36778661230518
0.5500000000000003, 140.30473535772722, 89.52024215494184
0.5600000000000003, 140.2775751035278, 88.69433447437267
0.5700000000000003, 140.27429010240175, 87.89006800409506
0.5800000000000003, 140.29440323948168, 87.10751060815642
0.5900000000000003, 140.3373614192752, 86.34678147270532
0.6000000000000003, 140.40253863244115, 85.60803943194604
0.6100000000000003, 140.48923927293606, 84.89147177618342
0.6200000000000003, 140.59670176209576, 84.1972835894019
0.6300000000000003, 140.7241025179938, 83.52568766305717
0.6400000000000003, 140.87056029151566, 82.87689503128132
0.6500000000000004, 141.0351408750421, 82.25110617038547
0.6600000000000004, 141.21686217548665, 81.64850290231988
0.6700000000000004, 141.4146996307256, 81.06924103760299
0.6800000000000004, 141.62759193723787, 80.5134437881843
0.6900000000000004, 141.85444704707672, 79.98119597482666
0.7000000000000004, 142.0941483841565, 79.47253904697988
0.7100000000000004, 142.34556122327533, 78.98746692589137
0.7200000000000004, 142.6075391703159, 78.52592267400784
0.7300000000000004, 142.87893067865883, 78.08779598572158
0.7400000000000004, 143.15858553497438, 77.67292148637674
0.7500000000000004, 143.4453612471816, 77.28107781834598
0.7600000000000005, 143.73812926840418, 76.91198748508894
0.7700000000000005, 144.0357809931197, 76.5653174165754
0.7800000000000005, 144.33723346528276, 76.24068021245436
0.7900000000000005, 144.64143474287326, 75.937636013015
0.8000000000000005, 144.94736886893497, 75.65569494243935
0.8100000000000005, 145.25406040557343, 75.39432006419352
0.8200000000000005, 145.56057849440572, 75.15293078472034
0.8300000000000005, 145.86604041443334, 74.93090663894033
0.8400000000000005, 146.16961461606545, 74.72759138946623
0.8500000000000005, 146.4705232178868, 74.54229737089639
0.8600000000000005, 146.76804396057622, 74.37431001105399
0.8700000000000006, 147.06151161998255, 74.22289246253926
0.8800000000000006, 147.35031888861317, 74.08729028039886
0.8900000000000006, 147.63391674155727, 73.96673608500711
0.9000000000000006, 147.91181430904243, 73.86045415330106
0.9100000000000006, 148.1835782833176, 73.76766488620548
0.9200000000000006, 148.44883189229785, 73.68758910530568
0.9300000000000006, 148.7072534763472, 73.61945213745089
0.9400000000000006, 148.95857470768587, 73.56248765187274
0.9500000000000006, 149.20257849418135, 73.5159412204555
0.9600000000000006, 149.43909661072723, 73.47907357787797
0.9700000000000006, 149.6680071020611, 73.45116356434477
0.9800000000000006, 149.88923150076525, 73.43151073943521
0.9900000000000007, 150.10273190339106, 73.41943766112578
1.0000000000000007, 150.30850794621745, 73.4142918292086
1.0100000000000007, 150.50659372017364, 73.41544729706675
1.0200000000000007, 150.6970546620088, 73.42230596002605
1.0300000000000007, 150.87998445596375, 73.43429853224485
1.0400000000000007, 151.05550197707686, 73.4508852273069
1.0500000000000007, 151.22374830392707, 73.47155616033666
1.0600000000000007, 151.38488382515877, 73.49583149156699
0.01, 151.53908546062718, 73.5232613328689
0.02, 152.34160038684675, 73.67185253907785
0.03, 153.1110492804069, 73.81963326141359
0.04, 153.8488138592724, 73.96614651054831
0.05, 154.55622362624015, 74.11098550478908
0.060000000000000005, 155.23455693349214, 74.25379018549306
0.07, 155.88504211969854, 74.39424389140844
0.08, 156.5088587099359, 74.5320701915073
0.09, 157.1071386689938, 74.66702987503766
0.09999999999999999, 157.6809676990114, 74.79891809677201
0.10999999999999999, 158.23138657280515, 74.92756167476755
0.11999999999999998, 158.75939249470693, 75.05281653737568
0.12999999999999998, 159.26594048121999, 75.17456531574295
0.13999999999999999, 159.75194475430717, 75.2927150776274
0.15, 160.21828014064636, 75.40719519800965
0.16, 160.66578347071237, 75.5179553617019
0.17, 161.0952549720684, 75.6249636929457
0.18000000000000002, 161.5074596517665, 75.72820500683476
0.19000000000000003, 161.9031286632626, 75.82767917729862
0.20000000000000004, 162.28296065374155, 75.92339961633003
0.21000000000000005, 162.64762308822066, 76.01539185912875
0.22000000000000006, 162.99775354725148, 76.1036922498632
0.23000000000000007, 163.3339609954693, 76.1883467228123
0.24000000000000007, 163.6568270186449, 76.26940967374034
0.25000000000000006, 163.96690702727383, 76.34694291647241
0.26000000000000006, 164.26473142509474, 76.42101471977284
0.2700000000000001, 164.55080674125657, 76.49169891978133
0.2800000000000001, 164.82561672516107, 76.55907410342654
0.2900000000000001, 165.0896234032856, 76.6232228584126
0.3000000000000001, 165.34326809754722, 76.68423108555689
0.3100000000000001, 165.58697240500112, 76.74218736944538
0.3200000000000001, 165.8211391388756, 76.79718240356252
0.3300000000000001, 166.0461532311341, 76.84930846624371
0.34000000000000014, 166.2623825969212, 76.89865894398899
0.35000000000000014, 166.4701789613982, 76.94532789886398
0.36000000000000015, 166.66987864960268, 76.98940967689866
0.37000000000000016, 166.8618033400796, 77.03099855457349
0.38000000000000017, 167.04626078312728, 77.07018842065625
0.3900000000000002, 167.22354548458372, 77.10707249082046
0.4000000000000002, 167.39393935614683, 77.14174305263671
0.4100000000000002, 167.55771233327698, 77.17429123868204
0.4200000000000002, 167.71512296177485, 77.20480682565817
0.01, 167.86641895416037, 77.23337805754834
0.02, 168.21816066296006, 77.26590417287164
0.03, 168.56418152316806, 77.26601247610633
0.04, 168.90111199608472, 77.23591682362283
0.05, 169.22608682671648, 77.17811591401394
0.060000000000000005, 169.53674566759398, 77.09530207984797
0.07, 169.83122032261855, 76.99027776384328
0.08, 170.10811100753068, 76.86588102417716
0.09, 170.36645400847763, 76.72492090673818
0.09999999999999999, 170.60568302421365, 76.57012306620783
0.10999999999999999, 170.82558631660564, 76.40408562158453
0.11999999999999998, 171.02626158440668, 76.22924490039674
0.12999999999999998, 171.20807023229162, 76.04785046142307
0.13999999999999999, 171.37159244549053, 75.86194858736427
0.15, 171.51758421308122, 75.67337330321854
0.16, 171.64693718134214, 75.48374389771065
0.17, 171.76064197169646, 75.29446789714588
0.18000000000000002, 171.85975537270642, 75.10674845567847
0.19000000000000003, 171.9453716171909, 74.92159517492622
0.20000000000000004, 172.01859778671312, 74.739837440862
0.21000000000000005, 172.08053324750662, 74.56213945908755
0.22000000000000006, 172.13225291392808, 74.38901627375654
0.23000000000000007, 172.17479405607955, 74.220850164275
0.24000000000000007, 172.2091463147428, 74.05790692221507
0.01, 172.23624455601887, 73.90035161446296
0.02, 172.30026840254038, 73.49622185417041
0.03, 172.35752210424087, 73.10666670648325
0.04, 172.4091811724297, 72.73117404730185
0.05, 172.45630102740705, 72.36922425335332
0.060000000000000005, 172.4998260049876, 72.02029885461069
0.07, 172.54059806747048, 71.68388753075745
0.08, 172.57936511715764, 71.35949365140758
0.09, 172.61678884323067, 71.04663854666367
0.09999999999999999, 172.65345205986486, 70.74486467983785
0.10999999999999999, 172.6898655154284, 70.45373787864096
0.11999999999999998, 172.72647417006607, 70.1728487655399
0.12999999999999998, 172.76366295247644, 69.90181351279088
0.13999999999999999, 172.8017620168206, 69.64027403323583
0.15, 172.84105152796926, 69.38789770453126
0.16, 172.88176600818343, 69.14437671220335
0.17, 172.92409828125705, 68.90942708584635
0.18000000000000002, 172.96820305150408, 68.68278749290603
0.19000000000000003, 173.01420015507398, 68.46421784577342
0.20000000000000004, 173.06217752020368, 68.253497770284
0.21000000000000005, 173.11219387139926, 68.0504249770841
0.22000000000000006, 173.16428121038066, 67.85481357158672
0.23000000000000007, 173.21844710408112, 67.66649233328855
0.24000000000000007, 173.27467680720287, 67.48530299095434
0.25000000000000006, 173.33293524390214, 67.3110985164926
0.26000000000000006, 173.39316887019524, 67.14374145715657
0.2700000000000001, 173.45530743571666, 66.98310232292103
0.2800000000000001, 173.51926566057477, 66.82905804343523
0.2900000000000001, 173.58494484028608, 66.68149050676834
0.01, 173.65223438916036, 66.54028519019496
0.02, 173.81432656508588, 66.23843234950941
0.03, 173.9862095837097, 65.9522190821045
0.04, 174.16676247597672, 65.68180961821062
0.05, 174.35487283592698, 65.42728688977647
0.060000000000000005, 174.5494440432543, 65.1886544768133
0.07, 174.74940211626475, 64.96583929341395
0.08, 174.95370212027544, 64.75869495013782
0.09, 175.16133406618064, 64.56700572195531
0.09999999999999999, 175.37132824437964, 64.39049104492796
0.10999999999999999, 175.5827599502738, 64.22881046033882
0.11999999999999998, 175.79475356885257, 64.08156892212094
0.12999999999999998, 176.00648599725832, 63.948322382157606
0.13999999999999999, 176.21718939541313, 63.82858356830836
0.15, 176.4261532655858, 63.72182787177431
0.16, 176.63272587197312, 63.62749926354932
0.17, 176.8363150207863, 63.54501616407602
0.18000000000000002, 177.03638822982273, 63.47377719568005
0.19000000000000003, 177.23247232394175, 63.41316675371894
0.20000000000000004, 177.42415249916334, 63.36256033946671
0.21000000000000005, 177.61107090321448, 63.32132960536998
0.22000000000000006, 177.7929247842324, 63.28884707126284
0.23000000000000007, 177.9694642620063, 63.26449047822847
0.24000000000000007, 178.1404897776314, 63.2476467548664
0.25000000000000006, 178.30584927782252, 63.23771557860141
0.01, 178.46543518947254, 63.23411252220463
0.02, 178.99282108991582, 63.186683710084154
0.03, 179.49975871789476, 63.107425725390435
0.04, 179.98459790897908, 62.99963590173323
0.05, 180.44611957912426, 62.86657744001346
0.060000000000000005, 180.88350187948387, 62.71143406901381
0.07, 181.29628344432675, 62.53727223252568
0.08, 181.68432493739306, 62.34701057681435
0.09, 182.04776997164714, 62.14339636463338
0.09999999999999999, 182.38700633616847, 61.928988325680585
0.10999999999999999, 182.70262831763074, 61.70614536750072
0.11999999999999998, 182.99540075762556, 61.477020513638436
0.12999999999999998, 183.266225345449, 61.24355940485717
0.13999999999999999, 183.51610951255745, 61.00750269145684
0.15, 183.74613817256105, 60.77039165678561
0.16, 183.95744844139205, 60.53357644041755
0.17, 184.1512073774271, 60.298226270617924
0.18000000000000002, 184.328592701414, 60.06534116622842
0.19000000000000003, 184.49077639100454, 59.83576462480419
0.20000000000000004, 184.63891099396412, 59.61019687387662
0.21000000000000005, 184.7741184667502, 59.389208323134476
0.22000000000000006, 184.8974813198697, 59.173252915057525
0.23000000000000007, 185.01003583678747, 58.96268112846499
0.24000000000000007, 185.11276712761625, 58.757752442325724
0.25000000000000006, 185.20660578080106, 58.558647115164284
0.26000000000000006, 185.29242588399006, 58.36547717797219
0.2700000000000001, 185.37104419783225, 58.17829657547139
0.2800000000000001, 185.44322028225795, 57.997110421895194
0.2900000000000001, 185.5096573927381, 57.821883363357244
0.3000000000000001, 185.5710039831058, 57.65254705972299
0.3100000000000001, 185.62785567094912, 57.48900681512802
0.3200000000000001, 185.68075754070134, 57.33114739841346
0.3300000000000001, 185.73020667787057, 57.17883810330501
0.01, 185.7766548450027, 57.031937103685834
0.02, 185.83860220991647, 56.84677404814454
0.03, 185.90166242606327, 56.6688074572879
0.04, 185.96585891680783, 56.497861847425916
0.05, 186.0311944561925, 56.33377191965123
0.060000000000000005, 186.0976531200801, 56.1763812644423
0.07, 186.16520211951482, 56.025541091177026
0.01, 186.23379353088131, 55.88110899814867
0.02, 186.39557522071618, 55.52689325255226
0.03, 186.54654794162258, 55.184452123667704
0.04, 186.68788058084297, 54.853628784702934
0.05, 186.82064539399272, 54.534225650890164
0.060000000000000005, 186.94582266782723, 54.226013680641536
0.07, 187.06430564159015, 53.928740414591054
0.08, 187.17690555999326, 53.642136854961876
0.09, 187.28435675473182, 53.36592328922875
0.09999999999999999, 187.38732167264305, 53.099814160977544
0.10999999999999999, 187.48639578718215, 52.84352208780965
0.11999999999999998, 187.5821123459131, 52.59676112162925
0.12999999999999998, 187.6749469203323, 52.35924934113513
0.13999999999999999, 187.7653217357416, 52.130710860188984
0.15, 187.8536097682681, 51.91087732924963
0.16, 187.9401386037012, 51.69948900048591
0.17, 188.0251940587959, 51.49629542069066
0.18000000000000002, 188.10902357028368, 51.30105580984789
0.19000000000000003, 188.1918393602331, 51.11353917724812
0.20000000000000004, 188.27382138879395, 50.93352422146155
0.21000000000000005, 188.35512010690866, 50.76079905529914
0.22000000000000006, 188.43585902243038, 50.59516079212924
0.23000000000000007, 188.51613709338392, 50.43641502556907
0.24000000000000007, 188.59603096195806, 50.28437523062026
0.25000000000000006, 188.6755970423284, 50.13886211074469
0.26000000000000006, 188.75487347466634, 49.999702912151506
0.01, 188.83388195676466, 49.86673072366061
0.02, 188.95763063870947, 49.65439066955392
0.03, 189.07517175884453, 49.449421832376565
0.04, 189.18710276585537, 49.251702459945086
0.05, 189.2939701473409, 49.061095855523746
0.060000000000000005, 189.39627227395354, 48.87745403711546
0.07, 189.49446225400055, 48.70062086045489
0.08, 189.58895076057948, 48.53043465713283
0.09, 189.6801088015576, 48.36673043760749
0.09999999999999999, 189.76827040982758, 48.20934170659532
0.10999999999999999, 189.8537352373457, 48.058101935660446
0.11999999999999998, 189.93677104156694, 47.912845734884606
0.12999999999999998, 190.01761605712053, 47.77340976241992
0.01, 190.0964812490094, 47.639633407600584
0.02, 190.18046112600084, 47.49975025206786
0.01, 190.26261375023603, 47.36567945614877
0.02, 190.3521283200977, 47.22204202583702
0.03, 190.43957018814768, 47.08438703054089
0.01, 190.5251125469451, 46.9525474958939
0.02, 190.6152148461267, 46.81650467206772
0.01, 190.70340882866944, 46.686306056670155
0.02, 190.7949716753712, 46.55393630561585
0.01, 190.88457071671272, 46.42732696411327
0.02, 190.97849564029363, 46.297254676900614
0.01, 191.07030251929683, 46.172881319055946
0.02, 191.16702756613245, 46.0442391058578
