0.01, 190.0, 90.0
0.02, 190.0, 90.0
0.02, 190.0, 90.0
0.03, 186.41070848791813, 89.11225141373919
0.04, 183.21157230104285, 87.49515526244406
0.05, 180.48191662095337, 85.30101877723214
0.060000000000000005, 178.2565938739448, 82.66233676745647
0.07, 176.54286080343766, 79.68766464709968
0.08, 177.75285279087973, 82.91231054137239
0.09, 178.435781058387, 86.25392738826268
0.09999999999999999, 178.60471787343116, 89.61170936328129
0.10999999999999999, 178.29103068677352, 92.89677799576066
0.11999999999999998, 177.5398514670757, 96.0346829571805
0.12999999999999998, 176.40556444898726, 98.96658246049086
0.13999999999999999, 174.9476175320747, 101.64929187009606
0.15, 173.22687066177568, 104.05443462104415
0.16, 171.30260614504192, 106.16694475346154
0.17, 169.230248059327, 107.98316133635875
0.18000000000000002, 167.0597750006268, 109.50872855668156
0.19000000000000003, 164.83476421805344, 110.75647797094481
0.20000000000000004, 162.59197551471894, 111.74442734855674
0.21000000000000005, 160.3613684824584, 112.49398857471597
0.22000000000000006, 158.16644405927582, 113.02843883347819
0.23000000000000007, 156.0248079889426, 113.37167705704218
0.24000000000000007, 153.9488664367054, 113.54726251655138
0.25000000000000006, 151.94657998138706, 113.5777145791697
0.26000000000000006, 150.02221916154247, 113.48404148688651
0.2700000000000001, 148.17708098304814, 113.28546049421301
0.2800000000000001, 146.41014016251026, 112.99927059066991
0.2900000000000001, 144.71862077124513, 112.64084106270579
0.3000000000000001, 143.0984831649204, 112.22368316349757
0.3100000000000001, 141.54482774612816, 111.7595771955633
0.3200000000000001, 140.05222151682457, 111.25873263361287
0.3300000000000001, 138.61495593837594, 110.72996401006489
0.34000000000000014, 137.2272457568808, 110.18086983664634
0.35000000000000014, 135.88337857228353, 109.6180056844919
0.36000000000000015, 134.57782437766022, 109.04704565098116
0.37000000000000016, 133.30531334765337, 108.47292884086066
0.38000000000000017, 132.06088902101786, 107.89998926396451
0.3900000000000002, 130.83994284801864, 107.33206880451378
0.4000000000000002, 129.6382349537302, 106.77261375319864
0.4100000000000002, 128.45190495782634, 106.22475591114538
0.4200000000000002, 127.27747581583299, 105.69137955934835
0.4300000000000002, 126.11185291193725, 105.17517570782134
0.4400000000000002, 124.95232003285719, 104.6786850501715
0.45000000000000023, 123.7965333727033, 104.20433099261814
0.46000000000000024, 122.64251434391639, 103.75444403143155
0.47000000000000025, 121.48864168244147, 103.33127864004149
0.48000000000000026, 120.33364312045651, 102.93702371038039
0.49000000000000027, 119.1765867431218, 102.57380748093213
0.5000000000000002, 118.01687203489644, 102.24369778130881
0.5100000000000002, 116.85422054597947, 101.94869833227666
0.5200000000000002, 115.68866606225764, 101.69074176160642
0.5300000000000002, 114.5205441363158, 101.47167992947377
0.5400000000000003, 113.35048082751071, 101.29327210129489
0.5500000000000003, 112.17938050187439, 101.1571714594386
0.5600000000000003, 111.00841255465271, 101.06491040666968
0.5700000000000003, 109.83899693724412, 101.01788508191036
0.5800000000000003, 108.67278839436949, 101.01733948149388
0.5900000000000003, 107.51165934505612, 101.0643495551842
0.6000000000000003, 106.35768137133215, 101.15980762464758
0.6100000000000003, 105.2131053104855, 101.3044074517321
0.6200000000000003, 104.08033997957271, 101.49863026393983
0.6300000000000003, 102.96192959389808, 101.74273202410856
0.6400000000000003, 101.86052997381735, 102.03673220994102
0.6500000000000004, 100.77888366589336, 102.38040434615318
0.6600000000000004, 99.71979413461094, 102.77326850731055
0.6700000000000004, 98.68609920903752, 103.21458598265725
0.6800000000000004, 97.68064399450284, 103.70335626531259
0.6900000000000004, 96.70625348209836, 104.23831649711873
0.7000000000000004, 95.76570510812216, 104.81794346728717
0.7100000000000004, 94.86170153110885, 105.44045822802406
0.7200000000000004, 93.9968439054209, 106.10383335382488
0.7300000000000004, 93.17360593722267, 106.80580283351037
0.7400000000000004, 92.39430901075959, 107.54387454579822
0.7500000000000004, 91.66109867004205, 108.31534523080293
0.7600000000000005, 90.97592273318811, 109.11731783191426
0.7700000000000005, 90.34051130380008, 109.94672104564924
0.7800000000000005, 89.75635892592467, 110.80033088194921
0.7900000000000005, 89.2247091065582, 111.67479400465614
0.8000000000000005, 88.74654140259535, 112.56665259219542
0.8100000000000005, 88.32256123796942, 113.47237043242919
0.8200000000000005, 87.95319258197874, 114.38835994379644
0.8300000000000005, 87.63857358201585, 115.31100979772953
0.8400000000000005, 87.37855520376905, 116.23671280535928
0.8500000000000005, 87.17270289018012, 117.16189372502947
0.8600000000000005, 87.02030120779958, 118.08303664636244
0.8700000000000006, 86.9203614065037, 118.99671161166545
0.8800000000000006, 86.87163177666639, 119.89960014633125
0.8900000000000006, 86.87261064765529, 120.78851938642683
0.9000000000000006, 86.9215618337631, 121.66044451361576
0.9100000000000006, 87.0165322991691, 122.51252923453094
0.9200000000000006, 87.15537178296525, 123.3421240731952
0.9300000000000006, 87.33575409930654, 124.14679228046084
0.9400000000000006, 87.55519980688614, 124.92432320299504
0.9500000000000006, 87.8110999266083, 125.67274299528704
0.9600000000000006, 88.10074037682294, 126.39032260065308
0.9700000000000006, 88.42132679194661, 127.07558297038256
0.9800000000000006, 88.77000939273869, 127.72729753311408
0.9900000000000007, 89.14390758479634, 128.34449196836889
1.0000000000000007, 89.54013397571421, 128.92644137805559
1.0100000000000007, 89.95581752042565, 129.47266498690325
1.0200000000000007, 90.38812552799021, 129.98291853646728
1.0300000000000007, 90.8342842909004, 130.45718456696747
1.0400000000000007, 91.29159812914864, 130.89566080625514
1.0500000000000007, 91.7574666750611, 131.29874690528436
1.0600000000000007, 92.22940026046209, 131.66702977432996
1.0700000000000007, 92.70503330426003, 132.00126778373505
1.0800000000000007, 93.18213563522465, 132.30237409720203
1.0900000000000007, 93.65862172076686, 132.5713994047084
1.1000000000000008, 94.1325578071949, 132.80951431629984
1.1100000000000008, 94.60216700953154, 133.01799166766463
1.1200000000000008, 95.06583241894432, 133.19818897399034
1.1300000000000008, 95.52209832267282, 133.35153125069573
1.1400000000000008, 95.96966965464276, 133.47949439881265
1.1500000000000008, 96.40740981445978, 133.58358932970728
1.1600000000000008, 96.83433700800789, 133.6653469791281
1.1700000000000008, 97.24961927438505, 133.72630433490212
1.1800000000000008, 97.65256837143727, 133.76799157660102
1.1900000000000008, 98.04263269584837, 133.79192039975527
1.2000000000000008, 98.41938941383412, 133.79957357225135
1.2100000000000009, 98.78253597527805, 133.79239574687608
1.2200000000000009, 99.13188117798991, 133.7717855319833
1.2300000000000009, 99.46733594006946, 133.7390888022753
1.2400000000000009, 99.78890392754488, 133.6955932139637
1.2500000000000009, 100.09667217196963, 133.64252387326962
1.260000000000001, 100.39080179894341, 133.58104009442866
1.270000000000001, 100.67151897399907, 133.51223317310456
1.280000000000001, 100.93910615736944, 133.43712509333574
1.290000000000001, 101.19389374418574, 133.3566680807379
1.300000000000001, 101.4362521519897, 133.27174491151308
1.310000000000001, 101.66658440334916, 133.18316988567707
1.320000000000001, 101.88531923808645, 133.09169037359874
1.330000000000001, 102.09290477734679, 132.9979888472057
1.340000000000001, 102.28980275058873, 132.90268531080605
1.350000000000001, 102.47648328666261, 132.80634005115792
1.360000000000001, 102.6534202615055, 132.70945663194328
1.370000000000001, 102.82108718763438, 132.61248506394128
1.380000000000001, 102.97995362454081, 132.51582508873517
1.390000000000001, 103.13048208423066, 132.41982952053152
1.400000000000001, 103.27312540243906, 132.32480759745224
1.410000000000001, 103.40832454339399, 132.23102830033102
0.02, 103.53650680430022, 132.13872360348606
0.03, 104.12833298492848, 131.71814463800456
0.04, 104.70015803901124, 131.31767580606544
0.05, 105.25287719792657, 130.93672611695644
0.060000000000000005, 105.78731999506353, 130.5747023993244
0.07, 106.30425530236158, 130.23101118652752
0.08, 106.80439610261772, 129.9050603524019
0.09, 107.28840399989188, 129.59626053020665
0.09999999999999999, 107.7568934717821, 129.30402634402347
0.10999999999999999, 108.21043586850415, 129.02777747860753
0.11999999999999998, 108.64956316464146, 128.76693961062387
0.12999999999999998, 109.07477147016516, 128.5209452213618
0.13999999999999999, 109.4865243078958, 128.28923430839876
0.15, 109.88525566501642, 128.0712550112824
0.16, 110.27137282657448, 127.86646416411196
0.17, 110.64525899915033, 127.67432778591872
0.18000000000000002, 111.0072757330373, 127.49432151796667
0.19000000000000003, 111.3577651513899, 127.32593101550572
0.20000000000000004, 111.69705199486097, 127.168652300105
0.21000000000000005, 112.02544549027662, 127.02199207746101
0.22000000000000006, 112.34324105189525, 126.88546802450487
0.23000000000000007, 112.65072182376942, 126.75860904871432
0.24000000000000007, 112.94816007168076, 126.64095552175785
0.25000000000000006, 113.23581843304983, 126.53205948895037
0.26000000000000006, 113.51395103313786, 126.43148485547079
0.2700000000000001, 113.78280447575554, 126.33880754987088
0.2800000000000001, 114.04261871657557, 126.253615665082
0.2900000000000001, 114.29362782701158, 126.17550957689052
0.3000000000000001, 114.53606065647476, 126.1041020396944
0.3100000000000001, 114.77014140065243, 126.03901825926266
0.3200000000000001, 114.9960900832676, 125.97989594218724
0.3300000000000001, 115.21412295857758, 125.92638532173339
0.34000000000000014, 115.42445284165103, 125.87814915985311
0.35000000000000014, 115.6272893732282, 125.83486272521674
0.36000000000000015, 115.82283922571814, 125.796213747235
0.37000000000000016, 116.01130625662152, 125.7619023461792
0.38000000000000017, 116.19289161538758, 125.73164093965582
0.3900000000000002, 116.36779380942244, 125.70515412584713
0.4000000000000002, 116.53620873466308, 125.68217854408725
0.4100000000000002, 116.69832967581976, 125.66246271349817
0.02, 116.85434728107094, 125.64576685055971
0.03, 119.51864321247709, 125.11536507110716
0.04, 122.06078789173367, 124.37375912131503
0.05, 124.46448517679205, 123.44519779721261
0.060000000000000005, 126.71759196911192, 122.35427667925434
0.07, 128.8118310558158, 121.12534917770074
0.08, 130.74244437138105, 119.78203180025731
0.09, 132.50780676729653, 118.34680373349046
0.09999999999999999, 134.10901838515048, 116.84069761398752
0.10999999999999999, 135.54949140500023, 115.28307580621293
0.11999999999999998, 136.83454443235837, 113.69148459257498
0.12999999999999998, 137.97101522409125, 112.08157738322814
0.13999999999999999, 138.96689994748724, 110.46709731433104
0.15, 139.8310248082315, 108.85990935485573
0.16, 140.57275374066217, 107.27007220529529
0.17, 141.20173397460633, 105.70594076426912
0.18000000000000002, 141.727679704311, 104.17429067903105
0.19000000000000003, 142.1601927956037, 102.68045740547059
0.20000000000000004, 142.50861847144654, 101.22848321184846
0.21000000000000005, 142.7819331955047, 99.82126660705886
0.22000000000000006, 142.9886615014591, 98.46070970805093
0.23000000000000007, 143.1368182600476, 97.14786004252191
0.24000000000000007, 143.23387280078106, 95.88304418316679
0.25000000000000006, 143.2867313749464, 94.66599140958063
0.26000000000000006, 143.30173462624293, 93.49594628303406
0.2700000000000001, 143.28466699335704, 92.37176959476632
0.2800000000000001, 143.24077527687513, 91.29202761297124
0.2900000000000001, 143.1747939373706, 90.25506991442958
0.3000000000000001, 143.0909750329453, 89.25909635386635
0.3100000000000001, 142.99312103797868, 88.30221390942732
0.3200000000000001, 142.88461909938061, 87.38248425875078
0.3300000000000001, 142.76847557485502, 86.49796299946141
0.34000000000000014, 142.64734995517102, 85.64673144237125
0.35000000000000014, 142.52358749726392, 84.82692188600411
0.36000000000000015, 142.39925008709935, 84.03673723672021
0.37000000000000016, 142.27614501197485, 83.27446577774519
0.38000000000000017, 142.15585145359134, 82.53849181942218
0.3900000000000002, 142.03974461867506, 81.82730288728213
0.4000000000000002, 141.92901750631913, 81.13949402812045
0.4100000000000002, 141.82470037375273, 80.47376974016147
0.4200000000000002, 141.7276780080362, 79.82894396366427
0.4300000000000002, 141.63870494310606, 79.2039385043072
0.4400000000000002, 141.55841878225385, 78.59778020412196
0.45000000000000023, 141.48735179779888, 78.0095971239146
0.46000000000000024, 141.42594098436842, 77.43861395695033
0.47000000000000025, 141.37453674147645, 76.88414685589322
0.48000000000000026, 141.3334103563548, 76.34559782311987
0.49000000000000027, 141.30276045034213, 75.82244878801208
0.5000000000000002, 141.28271854245526, 75.31425547307099
0.5100000000000002, 141.2733538727433, 74.82064113306916
0.5200000000000002, 141.2746776161923, 74.34129023736392
0.5300000000000002, 141.28664660570615, 73.87594215436548
0.5400000000000003, 141.30916667034543, 73.42438488846038
0.5500000000000003, 141.34209568277936, 72.98644891295746
0.5600000000000003, 141.38524639796188, 72.56200113742582
0.5700000000000003, 141.43838915349733, 72.1509390437622
0.5800000000000003, 141.50125449110186, 71.75318502213818
0.5900000000000003, 141.57353574805373, 71.36868093536866
0.6000000000000003, 141.65489165760886, 70.99738293798491
0.6100000000000003, 141.7449489880711, 70.63925657421197
0.6200000000000003, 141.84330524158156, 70.2942721769944
0.6300000000000003, 141.94953142575136, 69.96240058808401
0.6400000000000003, 142.06317490402958, 69.64360921692014
0.6500000000000004, 142.1837623241912, 69.33785845355187
0.6600000000000004, 142.3108026185621, 69.04509844814902
0.6700000000000004, 142.44379006458266, 68.76526626672431
0.6800000000000004, 142.58220739005333, 68.49828342955914
0.6900000000000004, 142.72552890390511, 68.24405383552222
0.7000000000000004, 142.87322363059147, 68.00246207203779
0.7100000000000004, 143.0247584241907, 67.77337210695123
0.7200000000000004, 143.17960103702174, 67.5566263550145
0.7300000000000004, 143.33722311698048, 67.35204510823424
0.7400000000000004, 143.49710310786432, 67.15942631595722
0.7500000000000004, 143.65872902762345, 66.97854569737387
0.7600000000000005, 143.82160110070748, 66.80915716616126
0.7700000000000005, 143.98523422240672, 66.65099354431766
0.7800000000000005, 144.14916023525427, 66.50376753991114
0.7900000000000005, 144.3129300000882, 66.36717296151421
0.8000000000000005, 144.47611524720088, 66.24088614055867
0.8100000000000005, 144.63831019605027, 66.12456753174165
0.8200000000000005, 144.7991329351987, 66.01786346095744
0.8300000000000005, 144.95822655740807, 65.92040799002277
0.8400000000000005, 145.11526004808002, 65.83182486769826
0.8500000000000005, 145.26992892842273, 65.75172953716873
0.8600000000000005, 145.4219556577862, 65.67973117120371
0.8700000000000006, 145.5710898024814, 65.61543470764465
0.02, 145.71710798103595, 65.55844285961527
0.03, 146.17685269718484, 65.38251414304845
0.04, 146.619722622693, 65.21656770018174
0.05, 147.0463635560741, 65.06022469034713
0.060000000000000005, 147.45738962890746, 64.91311029576411
0.07, 147.85338536646316, 64.77485449812644
0.08, 148.23490762139497, 64.6450927655366
0.09, 148.60248738484168, 64.52346665792255
0.09999999999999999, 148.9566314795048, 64.40962435827734
0.10999999999999999, 149.29782413944258, 64.30322113633376
0.11999999999999998, 149.62652848144506, 64.2039197506231
0.12999999999999998, 149.9431878729371, 64.11139079426444
0.13999999999999999, 150.24822720140128, 64.02531298928817
0.15, 150.54205405032397, 63.94537343380944
0.16, 150.8250597866512, 63.871267805931794
0.17, 151.0976205646972, 63.80270052787407
0.18000000000000002, 151.3600982513831, 63.73938489347202
0.19000000000000003, 151.612841277598, 63.6810431619049
0.20000000000000004, 151.856185420371, 63.62740662023461
0.21000000000000005, 152.0904545204257, 63.57821561711582
0.22000000000000006, 152.31596113955638, 63.533219569837485
0.23000000000000007, 152.53300716212325, 63.492176946684914
0.24000000000000007, 152.74188434481235, 63.45485522646514
0.25000000000000006, 152.94287481864419, 63.42103083691229
0.26000000000000006, 153.13625154705036, 63.39048907358249
0.2700000000000001, 153.32227874366384, 63.36302400075601
0.2800000000000001, 153.5012122532937, 63.33843833578561
0.2900000000000001, 153.67329989937593, 63.31654331826272
0.3000000000000001, 153.83878180101232, 63.297158565314106
0.3100000000000001, 153.99789066252765, 63.28011191429036
0.02, 154.15085203829642, 63.26523925406121
0.03, 152.90693824205684, 63.10781869300619
0.04, 151.75229201570116, 62.70905300772113
0.05, 150.71307831961596, 62.10916290498703
0.060000000000000005, 149.80333669985762, 61.343615024143666
0.07, 150.57737917287412, 62.245239436614014
0.08, 151.1985529082495, 63.25004743524714
0.09, 151.65789668398247, 64.3249907395663
0.09999999999999999, 151.95354692451005, 65.43820890930147
0.10999999999999999, 152.08974592714173, 66.56036349715706
0.11999999999999998, 152.07567916417864, 67.66559661441266
0.12999999999999998, 151.92424997139295, 68.73212485522254
0.13999999999999999, 151.6508816875786, 69.74250354916093
0.15, 151.27241609099602, 70.6836121847017
0.16, 150.8061552551059, 71.54642018753833
0.17, 150.26907362172736, 72.3255941492996
0.18000000000000002, 149.6772094868239, 73.01900446184212
0.19000000000000003, 149.04523098268413, 73.62718259096417
0.20000000000000004, 148.38616130516786, 74.15277133720599
0.21000000000000005, 147.7112412678651, 74.6000006311532
0.22000000000000006, 147.02990387129128, 74.97421171119794
0.23000000000000007, 146.34983487947335, 75.28144367943531
0.24000000000000007, 145.67709474154873, 75.52808890466271
0.25000000000000006, 145.01627992526508, 75.72061777665486
0.26000000000000006, 144.37070524618025, 75.8653689502162
0.2700000000000001, 143.74259258401415, 75.96839834028496
0.2800000000000001, 143.13325509685004, 76.03537853405096
0.2900000000000001, 142.54326941463805, 76.07153971735173
0.3000000000000001, 141.9726311636054, 76.0816434048307
0.3100000000000001, 141.42089147981258, 76.06998096835845
0.3200000000000001, 140.88727391743893, 76.04038996308186
0.3300000000000001, 140.37077239487624, 75.99628238584475
0.34000000000000014, 139.87023162461307, 75.94068014216573
0.35000000000000014, 139.3844119267434, 75.87625406220559
0.36000000000000015, 138.9120405152832, 75.80536374454583
0.37000000000000016, 138.45185134766052, 75.7300962973337
0.38000000000000017, 138.00261550505118, 75.65230268684658
0.3900000000000002, 137.5631638756493, 75.57363090369255
0.4000000000000002, 137.13240368268248, 75.49555553363045
0.4100000000000002, 136.7093301609259, 75.4194035932721
0.4200000000000002, 136.29303445730181, 75.34637668081929
0.4300000000000002, 135.88270862335654, 75.277569617058
0.4400000000000002, 135.47764838521064, 75.21398582821374
0.45000000000000023, 135.07725422157054, 75.15654976333919
0.46000000000000024, 134.68103115181495, 75.10611665531337
0.47000000000000025, 134.288587531899, 75.06347993448085
0.48000000000000026, 133.89963307304197, 75.02937659355601
0.49000000000000027, 133.51397623384838, 75.0044907860537
0.5000000000000002, 133.131521087704, 74.98945592123117
0.5100000000000002, 132.75226373126742, 74.98485549835796
0.5200000000000002, 132.37628827424723, 74.99122290332906
0.5300000000000002, 132.00376243335407, 75.00904037191894
0.5400000000000003, 131.63493274261583, 75.03873730667218
0.5500000000000003, 131.27011938670938, 75.080688118623
0.5600000000000003, 130.9097106624183, 75.1352097506494
0.5700000000000003, 130.55415707481424, 75.20255902612082
0.5800000000000003, 130.20396507850248, 75.28292995436976
0.5900000000000003, 129.85969047963013, 75.37645111316468
0.6000000000000003, 129.52193152081122, 75.48318321755299
0.6100000000000003, 129.19132167824083, 75.60311697396274
0.6200000000000003, 128.8685222076912, 75.73617130811535
0.6300000000000003, 128.55421448349824, 75.88219204495776
0.6400000000000003, 128.2490921817942, 76.0409511083547
0.6500000000000004, 127.95385336589352, 76.21214629761107
0.6600000000000004, 127.66919253769535, 76.39540168697995
0.6700000000000004, 127.39579272405349, 76.59026868314409
0.6800000000000004, 127.1343176711369, 76.79622776426557
0.6900000000000004, 126.88540422273205, 77.01269091263534
0.7000000000000004, 126.64965496012256, 77.23900474130645
0.7100000000000004, 126.42763118154232, 77.47445430346981
0.7200000000000004, 126.21984629818289, 77.71826756186033
0.7300000000000004, 126.02675972131881, 77.96962048430838
0.7400000000000004, 125.8487713112958, 78.22764272083616
0.7500000000000004, 125.6862164539374, 78.4914238076053
0.7600000000000005, 125.53936182342419, 78.76001983371916
0.7700000000000005, 125.40840188297344, 79.03246049853583
0.7800000000000005, 125.29345616581291, 79.30775647991331
0.7900000000000005, 125.194567369142, 79.58490702783122
0.8000000000000005, 125.11170028317474, 79.86290769324144
0.8100000000000005, 125.04474156615059, 80.14075809889799
0.8200000000000005, 124.99350036458817, 80.41746965738328
0.8300000000000005, 124.95770976626349, 80.69207314163384
0.8400000000000005, 124.93702906165, 80.96362601499149
0.8500000000000005, 124.93104677809352, 81.23121943114884
0.8600000000000005, 124.93928444004511, 81.49398481927102
0.8700000000000006, 124.96120099846087, 81.7510999759725
0.8800000000000006, 124.99619786321156, 82.0017945935899
0.8900000000000006, 125.04362446421774, 82.24535516316789
0.9000000000000006, 125.10278426020434, 82.48112920058695
0.9100000000000006, 125.17294110859252, 82.7085287551061
0.9200000000000006, 125.25332590622037, 82.92703317104609
0.9300000000000006, 125.34314340837842, 83.13619108516491
0.9400000000000006, 125.44157913309382, 83.33562165423045
0.9500000000000006, 125.54780625869039, 83.5250150191297
0.9600000000000006, 125.6609924253479, 83.70413202332787
0.9700000000000006, 125.78030635559878, 83.87280321437379
0.9800000000000006, 125.90492421431743, 84.03092716722574
0.9900000000000007, 126.03403563562918, 84.17846817725513
1.0000000000000007, 126.16684935211543, 84.3154533787093
1.0100000000000007, 126.30259837052311, 84.44196935104834
1.0200000000000007, 126.44054464768591, 84.55815828081676
1.0300000000000007, 126.57998323030932, 84.66421375050683
1.0400000000000007, 126.72024583243459, 84.76037622819467
1.0500000000000007, 126.86070383455358, 84.84692833259163
0.02, 127.00077069828409, 84.92418994760335
0.03, 128.0655997920654, 85.39653845850077
0.04, 129.14501514102798, 85.76984890493446
0.05, 130.22803569613768, 86.04686779350233
0.060000000000000005, 131.30464515134372, 86.23148205386619
0.07, 132.36587194256947, 86.32851922477613
0.08, 133.4038363682602, 86.34355175961852
0.09, 134.41176800268457, 86.28270974598664
0.09999999999999999, 135.38399693999062, 86.15250552901188
0.10999999999999999, 136.31592262573938, 85.95967293198044
0.11999999999999998, 137.2039641150568, 85.71102300201443
0.12999999999999998, 138.04549555728477, 85.41331749214474
0.13999999999999999, 138.83877056290325, 85.0731606392541
0.15, 139.582838877826, 84.69690922165402
0.16, 140.2774584919041, 84.29060038815447
0.17, 140.9230059615068, 83.85989634630134
0.18000000000000002, 141.52038734850873, 83.410044681397
0.19000000000000003, 142.0709517866565, 82.94585284725741
0.20000000000000004, 142.57640929601868, 82.47167521903245
0.21000000000000005, 143.03875408975395, 81.99141102036882
0.22000000000000006, 143.4601942650647, 81.50851142276294
0.23000000000000007, 143.84308844977062, 81.0259941542326
0.24000000000000007, 144.18988969284382, 80.54646403713544
0.25000000000000006, 144.50309664462466, 80.07213799086723
0.26000000000000006, 144.78521187138517, 79.60487317456706
0.2700000000000001, 145.03870698877506, 79.14619709893155
0.2800000000000001, 145.265994177408, 78.69733869693813
0.2900000000000001, 145.46940355827707, 78.25925950402134
0.3000000000000001, 145.65116585192592, 77.83268425361484
0.3100000000000001, 145.81339971899973, 77.41813033978637
0.3200000000000001, 145.95810317642645, 77.01593573195447
0.3300000000000001, 146.08714849855423, 76.62628504546201
0.34000000000000014, 146.20228004183406, 76.2492335751047
0.35000000000000014, 146.30511447118653, 75.88472918637474
0.36000000000000015, 146.39714291257033, 75.53263203160712
0.37000000000000016, 146.47973460651133, 75.19273211631386
0.38000000000000017, 146.55414168899537, 74.86476478599504
0.3900000000000002, 146.62150477721516, 74.54842423706998
0.4000000000000002, 146.68285908668705, 74.24337517882066
0.4100000000000002, 146.73914085213826, 73.94926278794094
0.4200000000000002, 146.7911938665854, 73.66572110494432
0.4300000000000002, 146.83977599076667, 73.39238002370182
0.4400000000000002, 146.88556551838656, 73.1288710230294
0.45000000000000023, 146.92916731150376, 72.87483178363873
0.46000000000000024, 146.97111864501736, 72.6299098258622
0.47000000000000025, 147.01189471984614, 72.3937652941664
0.48000000000000026, 147.0519138213941, 72.1660730042273
0.49000000000000027, 147.09154211361798, 71.94652385777444
0.5000000000000002, 147.1310980698482, 71.73482571991303
0.5100000000000002, 147.17085654983867, 71.53070384349529
0.5200000000000002, 147.2110525386973, 71.33390091553531
0.5300000000000002, 147.25188456771215, 71.14417679177792
0.5400000000000003, 147.29351783994437, 70.96130797740936
0.5500000000000003, 147.3360870850788, 70.78508690456482
0.5600000000000003, 147.37969916864898, 70.61532105073447
0.5700000000000003, 147.42443548058898, 70.45183193636313
0.5800000000000003, 147.47035412728943, 70.2944540348289
0.02, 147.51749195010106, 70.14303362351127
0.03, 147.67363264408328, 69.64181055296835
0.04, 147.8249381224342, 69.15904245371698
0.05, 147.9722861840959, 68.69414094142154
0.060000000000000005, 148.1164508786251, 68.24653737420195
0.07, 148.25811078607413, 67.81568515261624
0.08, 148.39785674851802, 67.40106117393489
0.09, 148.5361990668721, 67.0021665725001
0.09999999999999999, 148.67357418494444, 66.61852686399521
0.10999999999999999, 148.81035088849748, 66.24969159841105
0.11999999999999998, 148.9468360508593, 65.8952336144699
0.12999999999999998, 149.08327995869968, 65.5547479772827
0.13999999999999999, 149.2198812522895, 65.22785067105852
0.15, 149.35679151418248, 64.91417710971693
0.16, 149.494119539039, 64.6133805202095
0.17, 149.63193531546574, 64.3251302461642
0.18000000000000002, 149.77027374845002, 64.04911001304451
0.19000000000000003, 149.9091381483747, 63.78501619028143
0.20000000000000004, 150.04850350983529, 63.532556080712155
0.21000000000000005, 150.188319600648, 63.29144626306791
0.22000000000000006, 150.32851387862098, 63.06141100912712
0.23000000000000007, 150.46899425093068, 62.84218079342672
0.24000000000000007, 150.60965168835284, 62.633490910051165
0.25000000000000006, 150.75036270418846, 62.43508020794958
0.26000000000000006, 150.89099170552728, 62.246689953429325
0.2700000000000001, 151.03139322252918, 62.06806282590892
0.2800000000000001, 151.17141401969172, 61.898942050661006
0.2900000000000001, 151.31089509161632, 61.73907067011968
0.3000000000000001, 151.44967354458788, 61.58819095335327
0.3100000000000001, 151.58758436434076, 61.44604394150593
0.3200000000000001, 151.72446206968635, 61.312369125383704
0.3300000000000001, 151.8601422512161, 61.186904249901346
0.34000000000000014, 151.99446299404772, 61.069385238814114
0.35000000000000014, 152.12726618353904, 60.959546232034775
0.36000000000000015, 152.25839869302732, 60.85711972688049
0.37000000000000016, 152.387713452944, 60.76183681380774
0.02, 152.51507040107862, 60.673427496575606
0.03, 152.77375880829328, 60.48190643401543
0.04, 153.01671292548994, 60.29086306998466
0.05, 153.2448286441753, 60.10106410193444
0.060000000000000005, 153.45899165330397, 59.91317535897841
0.07, 153.6600705296813, 59.72776960878405
0.08, 153.8489110193556, 59.54533434400242
0.09, 154.02633141081785, 59.366279434617326
0.09999999999999999, 154.19311889747593, 59.190944553119685
0.10999999999999999, 154.35002682623204, 59.0196062984662
0.11999999999999998, 154.4977727306153, 58.85248496215901
0.12999999999999998, 154.63703705037577, 58.68975089536053
0.13999999999999999, 154.76846244432213, 58.53153044968424
0.15, 154.89265360911403, 58.37791147618578
0.16, 155.0101775233658, 58.228948377176955
0.17, 155.12156404349525, 58.084666713892275
0.18000000000000002, 155.22730678500997, 57.94506737987591
0.19000000000000003, 155.32786423016103, 57.810130355366525
0.20000000000000004, 155.42366100994622, 57.67981806208886
0.02, 155.51508931518543, 57.55407834086835
0.03, 155.61817683837907, 57.411779692519396
0.04, 155.71725169512362, 57.27485973729217
0.05, 155.8126398651744, 57.143205322301995
0.02, 155.90463798311768, 57.01669877259852
0.03, 156.01754600225505, 56.85931463343285
0.04, 156.12530316385963, 56.707468060334094
0.05, 156.22834208141498, 56.56107769409256
0.060000000000000005, 156.32705980482393, 56.42005097620366
0.07, 156.42181977013934, 56.284286537472575
0.02, 156.51295375255614, 56.1536762526412
0.03, 156.61449270193543, 56.00655623632961
0.04, 156.71158183224412, 55.864729805023366
0.05, 156.80460268924892, 55.72810406642035
0.02, 156.8939041612385, 55.596577996689525
0.03, 156.99850213574322, 55.44181167751049
0.04, 157.09898180469747, 55.29285248627295
0.05, 157.19569659855105, 55.14957525383137
0.060000000000000005, 157.28896754848788, 55.011850295291715
0.07, 157.37908540553866, 54.87954493729256
0.02, 157.46631269568337, 54.75252478381213
0.03, 157.5636320455575, 54.612417789006045
0.04, 157.65820394063476, 54.4781078441636
0.02, 157.75023944712953, 54.349438687814995
0.03, 157.84497043638413, 54.21907523252948
0.02, 157.93727155731253, 54.09429137952092
0.03, 158.03388185119613, 53.966391107520906
0.02, 158.12830902819817, 53.84418616526177
0.03, 158.23000806273197, 53.715588165856
0.02, 158.32949527669, 53.59286785961654
0.03, 158.43186358948975, 53.46951389387696
