0.01, 100.0, 20.0
0.01, 100.0, 20.0
0.02, 98.17644087921931, 19.54763716662664
0.03, 96.5522493879193, 18.72386706490022
0.04, 95.16799811415598, 17.60661524235981
0.05, 94.04144733747559, 16.263696716129843
0.060000000000000005, 93.17620009560882, 14.750669830114878
0.07, 93.78428487804844, 16.38979910537935
0.08, 94.12379913925035, 18.087773054258918
0.09, 94.20151350273474, 19.79314041723099
0.09999999999999999, 94.03355048635146, 21.460562875179214
0.10999999999999999, 93.64306128398712, 23.05209542178554
0.11999999999999998, 93.05791208809917, 24.537788585350675
0.12999999999999998, 92.3085370660593, 25.895709505940985
0.13999999999999999, 91.42606772543503, 27.111502368105516
0.15, 90.44080283533901, 28.177616529146977
0.16, 89.38104296947222, 29.09232599913607
0.17, 88.27228132605028, 29.8586502273613
0.18000000000000002, 87.13671870764475, 30.483266891270375
0.19000000000000003, 85.99305531134287, 30.97548566749638
0.20000000000000004, 84.85650441572385, 31.346330321668578
0.21000000000000005, 83.73897179572674, 31.607756746578342
0.22000000000000006, 82.64934816163105, 31.77201799086496
0.23000000000000007, 81.59386850719248, 31.851174421446252
0.24000000000000007, 80.57650052109956, 31.856738017024366
0.25000000000000006, 79.59933297791149, 31.799434092397053
0.26000000000000006, 78.66294339443095, 31.689060967104545
0.2700000000000001, 77.76673163260153, 31.534427571236666
0.2800000000000001, 76.90921223770883, 31.343350069771688
0.2900000000000001, 76.08826302523704, 31.12269068776706
0.3000000000000001, 75.30133083265977, 30.8784245358789
0.3100000000000001, 74.545597594449, 30.615722990314733
0.3200000000000001, 73.81811119009939, 30.339044810400416
0.3300000000000001, 73.11588607808591, 30.052228519304037
0.34000000000000014, 72.43597877122062, 29.75858154968125
0.35000000000000014, 71.77554290933122, 29.46096324665432
0.36000000000000015, 71.13186818633923, 29.16186004598198
0.37000000000000016, 70.50240679759568, 28.863452048868606
0.38000000000000017, 69.88479046445894, 28.56767085014301
0.3900000000000002, 69.27684051465623, 28.276248898400137
0.4000000000000002, 68.6765729764692, 27.990760925906123
0.4100000000000002, 68.08220019485441, 27.712658126396985
0.4200000000000002, 67.49213010082731, 27.443295816139408
0.4300000000000002, 66.9049639581443, 27.183955315740242
0.4400000000000002, 66.3194931664244, 26.93586075818693
0.45000000000000023, 65.73469550881221, 26.700191477629097
0.46000000000000024, 65.14973108633933, 26.478090573965236
0.47000000000000025, 64.56393807208734, 26.27067018730018
0.48000000000000026, 63.976828338812375, 26.0790139580738
0.49000000000000027, 63.388082957656025, 25.904177095533367
0.5000000000000002, 62.79754752780564, 25.747184430341832
0.5100000000000002, 62.20522727332381, 25.609026786739104
0.5200000000000002, 61.611281830541444, 25.490655975524763
0.5300000000000002, 61.01601964481384, 25.39297868061985
0.5400000000000003, 60.41989189706889, 25.316849488343845
0.5500000000000003, 59.82348588688599, 25.263063289004744
0.5600000000000003, 59.227517808645715, 25.232347264143232
0.5700000000000003, 58.63282486966873, 25.225352659037334
0.5800000000000003, 58.040356713506064, 25.242646528166507
0.5900000000000003, 57.45116612708692, 25.284703630632215
0.6000000000000003, 56.86639902681714, 25.35189864249194
0.6100000000000003, 56.287283735566135, 25.44449884311883
0.6200000000000003, 55.715119579447666, 25.56265742265847
0.6300000000000003, 55.151264850087934, 25.706407547098642
0.6400000000000003, 54.59712419440168, 25.875657306147588
0.6500000000000004, 54.05413550949579, 26.070185656847283
0.6600000000000004, 53.52375643493227, 26.28963946250974
0.6700000000000004, 53.00745054795976, 26.533531712096067
0.6800000000000004, 52.506673379224644, 26.801240989557037
0.6900000000000004, 52.02285837667238, 27.092012245972352
0.7000000000000004, 51.55740295363557, 27.404958909667304
0.7100000000000004, 51.111654763284946, 27.739066351002204
0.7200000000000004, 50.68689834552909, 28.093196699417792
0.7300000000000004, 50.284342293950935, 28.466094990814337
0.7400000000000004, 49.90510708936697, 28.856396603712636
0.7500000000000004, 49.550213743027555, 29.262635923188707
0.7600000000000005, 49.22057338633231, 29.68325615260844
0.7700000000000005, 48.91697793524605, 30.11662017504433
0.7800000000000005, 48.64009194645438, 30.56102234926976
0.7900000000000005, 48.390445768830865, 31.014701109728296
0.8000000000000005, 48.16843007818854, 31.475852226185385
0.8100000000000005, 47.974291865797355, 31.942642567184777
0.8200000000000005, 47.808131932052184, 32.41322420221833
0.8300000000000005, 47.669903916303895, 32.885748670903276
0.8400000000000005, 47.5594148725846, 33.35838124362674
0.8500000000000005, 47.476327379164864, 33.82931499719073
0.8600000000000005, 47.42016314799279, 34.2967845310414
0.8700000000000006, 47.390308078512184, 34.7590791547002
0.8800000000000006, 47.38601867957117, 35.21455538497273
0.8900000000000006, 47.406429763535236, 35.66164860226972
0.9000000000000006, 47.4505632987127, 36.098883728743516
0.9100000000000006, 47.51733829015763, 36.524884806673604
0.9200000000000006, 47.60558154516636, 36.93838337331868
0.9300000000000006, 47.71403916861079, 37.33822554793485
0.9400000000000006, 47.841388624878014, 37.72337776744278
0.9500000000000006, 47.986251197770926, 38.09293112888264
0.9600000000000006, 48.14720467735912, 38.44610431887618
0.9700000000000006, 48.3227961034721, 38.78224513236311
0.9800000000000006, 48.51155439924439, 39.1008306044407
0.9900000000000007, 48.71200273473029, 39.401465799772815
1.0000000000000007, 48.92267046991341, 39.68388132333691
1.0100000000000007, 49.14210453818992, 39.947929633871766
1.0200000000000007, 49.36888014529792, 40.19358025694957
1.0300000000000007, 49.60161067434705, 40.42091400785421
1.0400000000000007, 49.83895670468553, 40.630116345195646
1.0500000000000007, 50.079634070418386, 40.82146998428766
1.0600000000000007, 50.3224209030384, 40.995346904690315
1.0700000000000007, 50.56616362143138, 41.15219988896702
1.0800000000000007, 50.80978185106153, 41.292553729691484
1.0900000000000007, 51.05227227204583, 41.41699623918923
1.1000000000000008, 51.292711412737056, 41.5261691915941
1.1100000000000008, 51.53025742104259, 41.6207593197746
1.1200000000000008, 51.76415085974861, 41.70148948081073
1.1300000000000008, 51.99371458438694, 41.769110093282265
1.1400000000000008, 52.2183527725231, 41.824390937988724
1.1500000000000008, 52.437549181662334, 41.86811340119327
1.1600000000000008, 52.65086471922852, 41.90106322640276
1.1700000000000008, 52.857934412282766, 41.924023827388545
1.1800000000000008, 53.05846386688118, 41.937770201925346
1.1900000000000008, 53.25222530733423, 41.94306347286036
1.2000000000000008, 53.439053284271225, 41.940646070871644
1.2100000000000009, 53.61884013751298, 41.93123756184883
1.2200000000000009, 53.791531295514766, 41.91553111140432
1.2300000000000009, 53.95712048777883, 41.89419056973402
1.2400000000000009, 54.115644940376264, 41.867848151985804
0.01, 54.26718061778773, 41.83710268251447
0.02, 54.81845335412709, 41.69885617947214
0.03, 55.3430215172638, 41.542349230737464
0.04, 55.84111785841861, 41.37014338391074
0.05, 56.31315517302855, 41.18463947378231
0.060000000000000005, 56.75970066227646, 40.988072026730094
0.07, 57.18145148601236, 40.782506578684206
0.08, 57.57921173961678, 40.56983956526011
0.09, 57.9538710290622, 40.35180044031506
0.09999999999999999, 58.306384764334666, 40.12995568464476
0.10999999999999999, 58.63775624226197, 39.90571437859404
0.11999999999999998, 58.9490205461831, 39.68033502977319
0.12999999999999998, 59.24123025208229, 39.454933368638436
0.13999999999999999, 59.515442898884565, 39.23049084925696
0.15, 59.77271015447314, 39.007863619068566
0.16, 60.01406858839695, 38.78779174891997
0.17, 60.240531946823275, 38.5709085422501
0.18000000000000002, 60.45308481460244, 38.35774976934216
0.19000000000000003, 60.65267754283619, 38.14876269845877
0.20000000000000004, 60.84022231753171, 37.94431481999678
0.21000000000000005, 61.01659024522456, 37.74470218221575
0.22000000000000006, 61.18260933431831, 37.55015727739488
0.23000000000000007, 61.33906325579654, 37.36085643534176
0.24000000000000007, 61.48669077342926, 37.17692669697903
0.25000000000000006, 61.626185741182326, 36.998452154307856
0.26000000000000006, 61.758197573858176, 36.82547975447939
0.2700000000000001, 61.88333210571324, 36.658024575129105
0.2800000000000001, 62.00215276063127, 36.49607458570369
0.2900000000000001, 62.11518196615201, 36.33959491541507
0.3000000000000001, 62.22290275207864, 36.188531652878815
0.3100000000000001, 62.32576048237812, 36.04281520562349
0.3200000000000001, 62.42416467654547, 35.90236324967888
0.3300000000000001, 62.51849088346206, 35.767083300538665
0.01, 62.60908257700213, 35.636874937111315
0.02, 63.19667678355668, 34.95727242670506
0.03, 63.84623848238191, 34.345353712551706
0.04, 64.54700628510783, 33.806104245288374
0.05, 65.28816459493265, 33.342784953659944
0.060000000000000005, 66.05909162708127, 32.957042084038044
0.07, 66.84957216652595, 32.64904503136865
0.08, 67.64997381535574, 32.41764453700915
0.09, 68.45138673322313, 32.26054410968733
0.09999999999999999, 69.24572794500529, 32.174478145894795
0.10999999999999999, 70.02581217660291, 32.15539094998443
0.11999999999999998, 70.78539188291862, 32.198611648344375
0.12999999999999998, 71.51916965578528, 32.29902082441607
0.13999999999999999, 72.2227865522404, 32.45120554247752
0.15, 72.89279007712068, 32.649600251367545
0.16, 73.52658560386345, 32.8886118414641
0.17, 74.12237494171197, 33.16272784994604
0.18000000000000002, 74.67908557621459, 33.46660745560763
0.19000000000000003, 75.19629384404028, 33.795155464601464
0.20000000000000004, 75.67414497398046, 34.14357995616208
0.21000000000000005, 76.11327255424636, 34.507434630445516
0.22000000000000006, 76.51471959115145, 34.882647180688025
0.23000000000000007, 76.8798629234116, 35.26553520373931
0.24000000000000007, 77.21034236464352, 35.65281127406683
0.25000000000000006, 77.50799557656262, 36.041578845905036
0.26000000000000006, 77.77479933644226, 36.42932062695439
0.2700000000000001, 78.01281756138023, 36.81388099616526
0.2800000000000001, 78.22415619296949, 37.19344392896541
0.2900000000000001, 78.41092483085114, 37.56650775664976
0.3000000000000001, 78.57520483204273, 37.93185793254593
0.3100000000000001, 78.71902346290368, 38.28853881485876
0.3200000000000001, 78.8443335988535, 38.63582531231937
0.3300000000000001, 78.95299840931985, 38.973195080045706
0.34000000000000014, 79.04678043714233, 39.30030180407584
0.35000000000000014, 79.12733447784368, 39.61694997723173
0.36000000000000015, 79.19620367989322, 39.92307144845409
0.37000000000000016, 79.25481831766831, 40.21870392359943
0.38000000000000017, 79.30449673001313, 40.503971508097315
0.3900000000000002, 79.34644796535262, 40.77906731031899
0.4000000000000002, 79.3817757260563, 41.044238067967115
0.4100000000000002, 79.41148325754928, 41.29977071686325
0.4200000000000002, 79.43647887948329, 41.54598079056917
0.4300000000000002, 79.45758190557103, 41.78320251862175
0.4400000000000002, 79.4755287443763, 42.011780479083946
0.45000000000000023, 79.49097901475973, 42.232062655987185
0.46000000000000024, 79.50452154644995, 42.444394752564165
0.47000000000000025, 79.51668016825029, 42.649115615606256
0.48000000000000026, 79.52791921380394, 42.84655363366569
0.49000000000000027, 79.53864869787424, 43.03702398117982
0.5000000000000002, 79.54922913509199, 43.22082659111908
0.5100000000000002, 79.55997598847681, 43.39824474981181
0.5200000000000002, 79.57116374717606, 43.56954421868419
0.5300000000000002, 79.58302964220766, 43.73497279840683
0.5400000000000003, 79.59577701594806, 43.894760261104906
0.01, 79.60957836605401, 44.04911858569886
0.02, 79.6415585261019, 44.985474361542195
0.03, 79.6255254811975, 45.88483353045037
0.04, 79.56795141405094, 46.74643732556341
0.05, 79.47483973045803, 47.57019815901111
0.060000000000000005, 79.35170087808538, 48.35657889307711
0.07, 79.2035454481363, 49.10648262542366
0.08, 79.03489101723325, 49.82115399919011
0.09, 78.8497795026064, 50.50209240761855
0.09999999999999999, 78.65180217594836, 51.15097695947369
0.10999999999999999, 78.44412987909516, 51.76960269549747
0.11999999999999998, 78.22954638348696, 52.359827283086524
0.12999999999999998, 78.01048321683226, 52.923527249777486
0.13999999999999999, 77.78905463187188, 53.46256272879919
0.15, 77.5670917058163, 53.97874966522617
0.16, 77.34617483110675, 54.47383845377138
0.17, 77.1276640879411, 54.9494980354205
0.18000000000000002, 76.91272717810112, 55.40730455842402
0.19000000000000003, 76.70236475116056, 55.84873380022713
0.20000000000000004, 76.49743307220804, 56.275156643347266
0.21000000000000005, 76.29866406929001, 56.68783699445538
0.22000000000000006, 76.10668286342808, 57.0879316280171
0.23000000000000007, 75.92202292865639, 57.47649152117104
0.24000000000000007, 75.74513905804868, 57.85446432349602
0.25000000000000006, 75.57641832768337, 58.2226976732057
0.26000000000000006, 75.41618925694671, 58.5819431299791
0.2700000000000001, 75.2647293630093, 58.932860544392064
0.2800000000000001, 75.12227130177216, 59.27602272534742
0.2900000000000001, 74.9890077786767, 59.61192030077029
0.3000000000000001, 74.86509540175389, 59.94096669398431
0.3100000000000001, 74.75065763708213, 60.26350315947953
0.3200000000000001, 74.64578701410558, 60.579803838067235
0.3300000000000001, 74.55054671550727, 60.89008080348374
0.34000000000000014, 74.46497167384175, 61.194489081081464
0.35000000000000014, 74.389069285104, 61.49313162498456
0.36000000000000015, 74.32281983794401, 61.786064243564894
0.37000000000000016, 74.26617674637193, 62.07330046481626
0.38000000000000017, 74.21906666353546, 62.35481633360498
0.3900000000000002, 74.18138954446447, 62.6305551322252
0.4000000000000002, 74.15301871652953, 62.9004320145014
0.4100000000000002, 74.13380100771107, 63.16433854212302
0.4200000000000002, 74.12355697458415, 63.42214711018539
0.4300000000000002, 74.12208126416051, 63.673715247226255
0.4400000000000002, 74.12914313637039, 63.91888977353191
0.45000000000000023, 74.1444871669996, 64.15751080025423
0.46000000000000024, 74.16783414432037, 64.38941555101445
0.47000000000000025, 74.19888216647243, 64.6144419872313
0.48000000000000026, 74.23730794088004, 64.8324322184388
0.49000000000000027, 74.28276828165043, 65.0432356793694
0.5000000000000002, 74.33490179601503, 65.24671205657259
0.5100000000000002, 74.39333074647364, 65.44273394880035
0.5200000000000002, 74.45766307141128, 65.6311892472908
0.5300000000000002, 74.52749454360294, 65.81198322437557
0.5400000000000003, 74.6024110432251, 65.98504032147488
0.5500000000000003, 74.68199091977166, 66.15030563046408
0.5600000000000003, 74.76580741563602, 66.30774606553032
0.5700000000000003, 74.85343112307251, 66.45735122591617
0.5800000000000003, 74.9444324457839, 66.59913395329289
0.5900000000000003, 75.03838403648146, 66.73313059084684
0.01, 75.13486318240675, 66.85940095442248
0.02, 75.45640955488992, 67.20320241999715
0.03, 75.80641447877439, 67.51128023892313
0.04, 76.17955880571505, 67.78167592068925
0.05, 76.57056907255539, 68.01322653207197
0.060000000000000005, 76.97432323632994, 68.20550555194103
0.07, 77.38594010401543, 68.35875310571656
0.08, 77.80085222183985, 68.47379880176908
0.09, 78.21486247810863, 68.55198015915371
0.09999999999999999, 78.62418508954788, 68.59505933237828
0.10999999999999999, 79.0254719825819, 68.60514051787908
0.11999999999999998, 79.41582584787048, 68.58459008158738
0.12999999999999998, 79.79280134064614, 68.53596108989782
0.13999999999999999, 80.15439602441425, 68.46192356913122
0.15, 80.49903271647507, 68.36520147172278
0.16, 80.82553489691813, 68.248516999985
0.17, 81.13309679572598, 68.11454263792176
0.18000000000000002, 81.42124968365387, 67.96586097401807
0.19000000000000003, 81.68982577027577, 67.80493216722283
0.20000000000000004, 81.93892096570116, 67.63406871675433
0.21000000000000005, 82.16885759939031, 67.45541704450362
0.22000000000000006, 82.38014801807708, 67.27094528581237
0.23000000000000007, 82.57345981208776, 67.08243660810533
0.24000000000000007, 82.74958325138427, 66.89148733408234
0.25000000000000006, 82.90940135442551, 66.69950913298015
0.26000000000000006, 83.05386286826035, 66.50773455537
0.2700000000000001, 83.18395830983846, 66.31722521939986
0.2800000000000001, 83.30069910798633, 66.12888200465021
0.2900000000000001, 83.40509979351573, 65.94345666937787
0.3000000000000001, 83.4981631113534, 65.7615643737476
0.3100000000000001, 83.58086787256582, 65.5836966620391
0.3200000000000001, 83.65415932433883, 65.4102345276479
0.3300000000000001, 83.71894179063075, 65.24146125342796
0.34000000000000014, 83.77607332339223, 65.07757478458123
0.35000000000000014, 83.82636210188744, 64.91869945046426
0.36000000000000015, 83.87056432371642, 64.764896904434
0.01, 83.9093833436837, 64.61617619671263
0.02, 83.94430688427946, 64.4121298505833
0.03, 83.96170156848476, 64.21337604923653
0.04, 83.96336899870442, 64.02130580504384
0.05, 83.9511243518859, 63.83695961183351
0.060000000000000005, 83.92674689060648, 63.66106220086042
0.07, 83.89194149545321, 63.49406076169322
0.08, 83.84831039583314, 63.336164403946654
0.01, 83.79733399975308, 63.18738307562636
0.02, 83.6138252501, 62.6828448690593
0.03, 83.4291472653289, 62.199350430015954
0.04, 83.24478886587895, 61.73536296120398
0.05, 83.0620372223418, 61.28941241069377
0.060000000000000005, 82.88200242370706, 60.86010642318602
0.07, 82.70563985904086, 60.44613787624289
0.08, 82.53377034578469, 60.04628961973958
0.09, 82.36709801844972, 59.65943695622391
0.09999999999999999, 82.20622605090287, 59.28454832203852
0.10999999999999999, 82.05167032732136, 58.92068455636335
0.11999999999999998, 81.90387120458145, 58.56699707925973
0.12999999999999998, 81.76320352533041, 58.222725241109565
0.13999999999999999, 81.62998504884942, 57.88719305477192
0.15, 81.5044834682189, 57.55980547816411
0.16, 81.38692217902671, 57.240044378392135
0.17, 81.27748495833808, 56.92746427841739
0.18000000000000002, 81.17631970398423, 56.62168796287693
0.19000000000000003, 81.08354137427105, 56.32240200036424
0.20000000000000004, 80.99923425758259, 56.02935222452445
0.21000000000000005, 80.92345369050345, 55.74233920505471
0.22000000000000006, 80.85622733231374, 55.461213731507
0.23000000000000007, 80.79755609321842, 55.185872327107454
0.24000000000000007, 80.74741480357737, 54.916252806132945
0.25000000000000006, 80.705752701763, 54.65232988628423
0.26000000000000006, 80.67249380911228, 54.39411086658419
0.2700000000000001, 80.6475372517545, 54.14163138128332
0.2800000000000001, 80.63075758087012, 53.89495124079463
0.2900000000000001, 80.62200513514611, 53.65415037157389
0.3000000000000001, 80.62110648181658, 53.41932486791381
0.3100000000000001, 80.62786496569638, 53.19058316967582
0.3200000000000001, 80.64206138901507, 52.968042380911726
0.3300000000000001, 80.66345483863478, 52.75182474503207
0.34000000000000014, 80.69178367138721, 52.542054292584055
0.35000000000000014, 80.72676666280218, 52.338853677757555
0.36000000000000015, 80.76810431943346, 52.142341219411456
0.37000000000000016, 80.81548035033684, 51.95262816169035
0.38000000000000017, 80.86856328903872, 51.76981616818514
0.3900000000000002, 80.92700825357385, 51.59399506209657
0.4000000000000002, 80.99045882888691, 51.42524082301572
0.4100000000000002, 81.05854905310473, 51.26361384877914
0.4200000000000002, 81.13090548690643, 51.109157488435166
0.4300000000000002, 81.20714934346006, 50.961896849726685
0.4400000000000002, 81.28689865515706, 50.82183788171272
0.01, 81.36977045265915, 50.688966730279944
0.02, 81.28646742059225, 50.89479390540117
0.03, 81.3364441666409, 50.676831987651525
0.04, 81.35239448826268, 50.45675566852222
0.05, 81.33619899859993, 50.24057674302782
0.060000000000000005, 81.29070194280969, 50.03337611717849
0.07, 81.21941039850088, 49.83921057270927
0.08, 81.12621169218278, 49.661097258977364
0.09, 81.01512436019357, 49.50106073669122
0.09999999999999999, 80.89009200376789, 49.36022603418643
0.10999999999999999, 80.75482404241447, 49.2389415147178
0.11999999999999998, 80.6126829790905, 49.136916943414654
0.12999999999999998, 80.46661450619652, 49.05336453255493
0.13999999999999999, 80.31911461299369, 48.987133521290325
0.01, 80.17222670568684, 48.936831668175635
0.02, 79.55330550126553, 48.733333283524765
0.03, 78.938036932933, 48.54122983446937
0.04, 78.32551087898139, 48.361771814732606
0.05, 77.71499685668864, 48.19615124321099
0.060000000000000005, 77.10593982687455, 48.045507528372774
0.07, 76.49795557198293, 47.9109305496347
0.08, 75.89082569340738, 47.79346138052802
0.09, 75.28449223149757, 47.69409103627971
0.09999999999999999, 74.67905188408638, 47.61375759091613
0.10999999999999999, 74.07474978320252, 47.55334197626523
0.11999999999999998, 73.4719727822675, 47.51366274701932
0.12999999999999998, 72.87124220544686, 47.49547007183067
0.13999999999999999, 72.27320601530133, 47.49943918963788
0.15, 71.6786303631784, 47.52616355241689
0.16, 71.08839049788662, 47.5761478596803
0.17, 70.50346102129535, 47.64980117571604
0.18000000000000002, 69.92490549395278, 47.74743030722122
0.19000000000000003, 69.35386540907749, 47.86923360617535
0.20000000000000004, 68.79154856890187, 48.01529535010558
0.21000000000000005, 68.23921691293853, 48.18558083899062
0.22000000000000006, 67.69817386295504, 48.379932334667245
0.23000000000000007, 67.16975126396382, 48.59806595454799
0.24000000000000007, 66.65529601407137, 48.839569616599775
0.25000000000000006, 66.1561564883178, 49.10390211680463
0.26000000000000006, 65.67366887242204, 49.39039340371611
0.2700000000000001, 65.20914353140476, 49.69824609728667
0.2800000000000001, 64.7638515451833, 50.026538280972886
0.2900000000000001, 64.33901154824093, 50.374227577373965
0.3000000000000001, 63.935777013219536, 50.74015649851681
0.3100000000000001, 63.555224118652845, 51.12305904259653
0.3200000000000001, 63.19834033897199, 51.521568489775255
0.3300000000000001, 62.86601389034095, 51.93422633082076
0.34000000000000014, 62.55902415882831, 52.35949224423229
0.35000000000000014, 62.278033227952264, 52.79575502036764
0.36000000000000015, 62.02357861085784, 53.24134431526712
0.37000000000000016, 61.79606727845685, 53.694543102673684
0.38000000000000017, 61.595771058991026, 54.15360068046539
0.3900000000000002, 61.422823466921464, 54.616746077612596
0.4000000000000002, 61.27721800010165, 55.08220170008194
0.4100000000000002, 61.15880792419261, 55.54819704902405
0.4200000000000002, 61.06730754259612, 56.01298234224828
0.4300000000000002, 61.00229492920727, 56.47484187049579
0.4400000000000002, 60.9632160804292, 56.93210692340701
0.45000000000000023, 60.94939042256529, 57.383168126312
0.46000000000000024, 60.96001759131714, 57.82648703796298
0.47000000000000025, 60.99418538206768, 58.26060687092482
0.48000000000000026, 61.0508787532888, 58.6841622103283
0.49000000000000027, 61.128989751120486, 59.09588762280422
0.5000000000000002, 61.227328211216864, 59.49462506533414
0.5100000000000002, 61.344633084587215, 59.87933002311334
0.5200000000000002, 61.47958422755965, 60.24907632592565
0.5300000000000002, 61.63081449228226, 60.6030596135577
0.5400000000000003, 61.79692195340319, 60.940599441995204
0.5500000000000003, 61.97648210872002, 61.26114004310947
0.5600000000000003, 62.16805989657545, 61.56424977082942
0.5700000000000003, 62.37022138044773, 61.849619285995374
0.5800000000000003, 62.581544961328184, 62.117058549829046
0.5900000000000003, 62.80063199082504, 62.366492711894445
0.6000000000000003, 63.026116672166886, 62.59795699228063
0.6100000000000003, 63.25667515204562, 62.811590669280946
0.6200000000000003, 63.49103372315641, 63.007630292906626
0.6300000000000003, 63.72797607496189, 63.18640225105355
0.6400000000000003, 63.96634954822587, 63.34831481900292
0.6500000000000004, 64.20507036683125, 63.493849824208255
0.6600000000000004, 64.44312783793545, 63.6235540570937
0.6700000000000004, 64.67958752827238, 63.73803055500995
0.6800000000000004, 64.9135934400626, 63.83792988076317
0.6900000000000004, 65.14436922426925, 63.92394150949164
0.7000000000000004, 65.3712184816085, 63.99678542839067
0.7100000000000004, 65.59352421261619, 64.05720404317954
0.7200000000000004, 65.810747487068, 64.10595447358152
0.7300000000000004, 66.02242541008194, 64.14380130777029
0.7400000000000004, 66.22816846729073, 64.17150987303991
0.7500000000000004, 66.42765733459309, 64.189840067186
0.7600000000000005, 66.62063923926297, 64.19954078252505
0.7700000000000005, 66.80692395873712, 64.20134494238357
0.7800000000000005, 66.98637954137115, 64.19596515848276
0.7900000000000005, 67.15892783003554, 64.18409000711463
0.8000000000000005, 67.32453986481653, 64.16638091250145
0.8100000000000005, 67.48323123550686, 64.14346961736113
0.01, 67.63505744823311, 64.11595621353845
0.02, 67.97543551489028, 64.05925559902933
0.03, 68.30322679969886, 64.0093942907523
0.04, 68.61881211046526, 63.96590049873822
0.05, 68.92256574657732, 63.92832365287711
0.060000000000000005, 69.21485556396662, 63.89623406040755
0.07, 69.49604299847714, 63.86922252979443
0.08, 69.76648305487687, 63.84689996308428
0.09, 70.02652426818973, 63.82889691898236
0.09999999999999999, 70.27650864346977, 63.8148631490284
0.10999999999999999, 70.51677157959236, 63.804467109358136
0.11999999999999998, 70.74764178210016, 63.79739545062227
0.12999999999999998, 70.96944116961869, 63.79335248869424
0.13999999999999999, 71.18248477785002, 63.79205965883197
0.15, 71.3870806646659, 63.79325495596729
0.16, 71.58352981935587, 63.79669236378152
0.17, 71.77212607864352, 63.80214127518658
0.18000000000000002, 71.95315605166644, 63.809385906771716
0.19000000000000003, 72.12689905572431, 63.818224709695734
0.20000000000000004, 72.2936270642355, 63.82846977940824
0.21000000000000005, 72.45360466800615, 63.839946266470726
0.01, 72.60708905060768, 63.85249179062326
0.02, 72.91079181257346, 63.86535039615065
0.03, 73.20372469825963, 63.86648968199789
0.04, 73.4857565421587, 63.85698313328364
0.05, 73.75683064075855, 63.83786394034605
0.060000000000000005, 74.01695805885186, 63.81012117619076
0.07, 74.26621092477728, 63.77469676937661
0.08, 74.50471579736448, 63.73248323083663
0.09, 74.73264717787966, 63.68432208598332
0.09999999999999999, 74.95022123046647, 63.63100295792148
0.10999999999999999, 75.15768976469, 63.57326324363247
0.11999999999999998, 75.3553345240361, 63.511788322510846
0.12999999999999998, 75.54346181478499, 63.4472122355137
0.13999999999999999, 75.72239750072735, 63.3801187732892
0.15, 75.89248238085052, 63.31104291283648
0.16, 76.05406795949378, 63.24047254435778
0.17, 76.20751261162196, 63.16885043283625
0.18000000000000002, 76.35317813983896, 63.096576362353495
0.01, 76.4914267145735, 63.024009415098185
0.02, 76.81298082280304, 62.82903184574214
0.03, 77.11131283921463, 62.622840481133096
0.04, 77.38687776668141, 62.4079180029253
0.05, 77.64034016520499, 62.18653473571337
0.060000000000000005, 77.87253454154535, 61.96074282441361
0.07, 78.08442845958346, 61.7323756534038
0.08, 78.27708879664297, 61.5030516710886
0.09, 78.45165141373191, 61.27418180505868
0.09999999999999999, 78.60929436922237, 61.04697969570552
0.10999999999999999, 78.75121468732976, 60.822474034925534
0.11999999999999998, 78.87860859533805, 60.601522366553226
0.12999999999999998, 78.99265506643036, 60.38482578198276
0.13999999999999999, 79.09450244711783, 60.17294402419042
0.15, 79.18525790797923, 59.966310592779834
0.16, 79.26597943173462, 59.765247519096114
0.17, 79.33767004137695, 59.56997955187686
0.18000000000000002, 79.40127397089887, 59.38064755890067
0.19000000000000003, 79.45767448983958, 59.197321007764764
0.20000000000000004, 79.50769310832452, 59.02000943884191
0.21000000000000005, 79.55208990955201, 58.848672885587774
0.22000000000000006, 79.59156478010001, 58.683231231952796
0.23000000000000007, 79.62675933353702, 58.52357252418452
0.01, 79.6582593484343, 58.36956027543117
0.02, 79.69814169140008, 58.212149729013774
0.01, 79.74419693410798, 58.06042296434125
0.02, 79.79879641955401, 57.90434275774832
0.03, 79.85832387369813, 57.75469106582322
