0.01, 50.0, 0.0
0.01, 50.0, 0.0
0.02, 47.612828238740285, -0.3640358407564942
0.03, 49.932379345603074, 0.32812895324768987
0.04, 52.121281767134185, 1.3158300988392666
0.05, 54.140810041283096, 2.5629071956438834
0.060000000000000005, 55.96139054585688, 4.029467974657292
0.07, 57.56242443457119, 5.673900929158213
0.08, 58.93174393170811, 7.454639942286269
0.09, 60.06479450237454, 9.331636704983774
0.09999999999999999, 60.96363282113099, 11.267521362624844
0.10999999999999999, 61.635823058890516, 13.228452615610388
0.11999999999999998, 62.093303273435524, 15.184674968287808
0.12999999999999998, 62.35128098415304, 17.11081287314702
0.13999999999999999, 62.42720353062168, 18.98593934763885
0.15, 62.33983554781775, 20.793460665928375
0.16, 62.108463604991506, 22.52085951646814
0.17, 61.75223729107632, 24.159337222827823
0.18000000000000002, 61.28964711186563, 25.703391929176103
0.19000000000000003, 60.738132626221365, 27.150364706946107
0.20000000000000004, 60.11380926351673, 28.499979934513195
0.21000000000000005, 59.43129908278594, 29.753900534754727
0.22000000000000006, 58.70364912148561, 30.915313117961457
0.23000000000000007, 57.942320655863384, 31.988553052439904
0.24000000000000007, 57.15723335661068, 32.97877515159212
0.25000000000000006, 56.35684968275398, 33.8916721125261
0.26000000000000006, 55.548286651458284, 34.73324008097278
0.2700000000000001, 54.737444129173525, 35.50958870771625
0.2800000000000001, 53.92914083341331, 36.2267917217629
0.2900000000000001, 53.12725118354512, 36.890773271886836
0.3000000000000001, 52.33483790525386, 37.50722496935596
0.3100000000000001, 51.554276825862054, 38.08154859098287
0.3200000000000001, 50.78737157552349, 38.61881967295733
0.3300000000000001, 50.03545693417383, 39.12376765581664
0.34000000000000014, 49.29949035343222, 39.6007687588241
0.35000000000000014, 48.58013176344076, 40.053848313335905
0.36000000000000015, 47.87781217865069, 40.486689829618776
0.37000000000000016, 47.19279187655664, 40.90264858306512
0.38000000000000017, 46.52520907049697, 41.30476796742195
0.3900000000000002, 45.87512005983643, 41.69579726629339
0.4000000000000002, 45.242531842062974, 42.07820983761088
0.4100000000000002, 44.6274281312335, 42.45422099095147
0.4200000000000002, 44.0297896613515, 42.8258050690894
0.4300000000000002, 43.449609573496474, 43.194711428974045
0.4400000000000002, 42.886904600505886, 43.562479159971254
0.45000000000000023, 42.34172267875945, 43.93045048517019
0.46000000000000024, 41.814147537071214, 44.29978287090473
0.47000000000000025, 41.30430074019476, 44.671459925792036
0.48000000000000026, 40.81234160014605, 45.04630120825105
0.49000000000000027, 40.33846531276117, 45.424971084596365
0.5000000000000002, 39.88289962937808, 45.80798679168485
0.5100000000000002, 39.445900333644545, 46.19572586138122
0.5200000000000002, 39.027745760386175, 46.58843306092949
0.5300000000000002, 38.62873056629619, 46.986226995348446
0.5400000000000003, 38.24915893999348, 47.38910650652449
0.5500000000000003, 37.88933742082686, 47.7969569897775
0.5600000000000003, 37.54956748083617, 48.20955673311998
0.5700000000000003, 37.23013801174934, 48.62658336783838
0.5800000000000003, 36.93131784812592, 49.04762050188654
0.5900000000000003, 36.6533484481696, 49.47216459028912
0.6000000000000003, 36.39643684483728, 49.89963207962741
0.6100000000000003, 36.160748971268696, 50.32936684699342
0.6200000000000003, 35.94640345593123, 50.76064793778255
0.6300000000000003, 35.75346597397901, 51.19269759155761
0.6400000000000003, 35.581944231994456, 51.62468953114126
0.6500000000000004, 35.43178365341077, 52.055757477246765
0.6600000000000004, 35.30286382146001, 52.485003839487796
0.6700000000000004, 35.19499572546172, 52.911508524647914
0.6800000000000004, 35.10791984471683, 53.33433779475328
0.6900000000000004, 35.04130509229513, 53.75255310086828
0.7000000000000004, 34.994748628733355, 54.16521981369215
0.7100000000000004, 34.96777654325086, 54.57141576901671
0.7200000000000004, 34.959845387721465, 54.97023954492473
0.7300000000000004, 34.97034453650671, 55.360818388248305
0.7400000000000004, 34.99859933355916, 55.742315710220275
0.7500000000000004, 35.04387497714933, 56.113938075358575
0.7600000000000005, 35.105381082353475, 56.474941613313966
0.7700000000000005, 35.18227685225135, 56.82463779054519
0.7800000000000005, 35.27367678079206, 57.16239848709407
0.7900000000000005, 35.37865680364272, 57.48766033322396
0.8000000000000005, 35.49626080815948, 57.79992827104475
0.8100000000000005, 35.625507410005696, 58.09877831724688
0.8200000000000005, 35.76539690194547, 58.38385951446427
0.8300000000000005, 35.91491827998484, 58.65489507033625
0.8400000000000005, 36.07305625330435, 58.911682694795225
0.8500000000000005, 36.238798147275716, 59.15409415722996
0.8600000000000005, 36.41114061319696, 59.382074095737394
0.8700000000000006, 36.589096064098754, 59.59563812046752
0.8800000000000006, 36.77169876292233, 59.794870261899845
0.8900000000000006, 36.95801049737598, 59.97991982260448
0.9000000000000006, 37.1471257846502, 60.15099769750687
0.9100000000000006, 37.33817655870502, 60.30837223279486
0.9200000000000006, 37.5303363028206, 60.45236469731841
0.9300000000000006, 37.72282360030425, 60.583344442608556
0.9400000000000006, 37.91490508645761, 60.701723828491986
0.9500000000000006, 38.10589779491671, 60.80795299074172
0.9600000000000006, 38.295170901091154, 60.902514525356786
0.9700000000000006, 38.48214687446799, 60.98591816100417
0.9800000000000006, 38.666302059856626, 61.05869548701083
0.9900000000000007, 38.8471667151026, 61.12139479920544
1.0000000000000007, 39.02432453928754, 61.17457612003897
1.0100000000000007, 39.197411730885946, 61.21880644292797
1.0200000000000007, 39.36611561972185, 61.25465524383824
1.0300000000000007, 39.53017291984296, 61.282690295932134
1.0400000000000007, 39.68936765261777, 61.303473815806946
0.01, 39.84352879049821, 61.31755896261382
0.02, 38.8325703752616, 61.426407482695886
0.03, 37.87520833998087, 61.712563284505826
0.04, 36.987507852729586, 62.151405120065704
0.05, 37.79626442854097, 61.58122598818948
0.060000000000000005, 38.507345006271834, 60.90088143938209
0.07, 39.10766694654968, 60.13325056370255
0.08, 39.58946260029352, 59.3017063786609
0.09, 39.94984192779676, 58.429012956398026
0.09999999999999999, 40.19017470510863, 57.5364406081185
0.10999999999999999, 40.31536296699336, 56.64311090637347
0.11999999999999998, 40.333067242975325, 55.76556569657191
0.12999999999999998, 40.25294003124249, 54.91754087684865
0.13999999999999999, 40.085908280215875, 54.109916639044684
0.15, 39.84353463784327, 53.35081076074003
0.16, 39.53747585083142, 52.64577988473896
0.17, 39.179046643687386, 51.99809484457514
0.18000000000000002, 38.77888911052726, 51.40905926259242
0.19000000000000003, 38.34674130409923, 50.87834514457803
0.20000000000000004, 37.89129430174439, 50.40432437287331
0.21000000000000005, 37.42012441168172, 49.98438031371831
0.22000000000000006, 36.939686097818495, 49.61518878374845
0.23000000000000007, 36.45535133459939, 49.29296207316168
0.24000000000000007, 35.97148212737726, 49.013653428059804
0.25000000000000006, 35.49152453707977, 48.773122284920426
0.26000000000000006, 35.018114457880465, 48.56726264140011
0.2700000000000001, 34.5531873919383, 48.392098313581585
0.2800000000000001, 34.098086380874165, 48.24384958010434
0.2900000000000001, 33.65366397848654, 48.11897597428234
0.3000000000000001, 33.22037562000566, 48.014199882873626
0.3100000000000001, 32.798362935463174, 47.92651526081161
0.3200000000000001, 32.38752647294191, 47.85318527406177
0.3300000000000001, 31.987587965419944, 47.791732116882784
0.34000000000000014, 31.59814272764767, 47.73992167395218
0.35000000000000014, 31.21870304658187, 47.695745152377896
0.36000000000000015, 30.84873356970463, 47.65739931825406
0.37000000000000016, 30.48767973606828, 47.62326654952785
0.38000000000000017, 30.134990266019184, 47.591895564888084
0.3900000000000002, 29.79013465238446, 47.56198340441901
0.4000000000000002, 29.452616497895985, 47.53235901542622
0.4100000000000002, 29.121983435084175, 47.50196862781355
0.4200000000000002, 28.79783425576065, 47.46986297879901
0.4300000000000002, 28.479823773996056, 47.43518635805432
0.4400000000000002, 28.16766585298823, 47.397167383814384
0.45000000000000023, 27.861134944260836, 47.355111381487305
0.46000000000000024, 27.560066417738206, 47.30839421329655
0.47000000000000025, 27.264355903033834, 47.25645739609193
0.48000000000000026, 26.973957814867436, 47.19880434123505
0.49000000000000027, 26.688883197715196, 47.134997552791745
0.5000000000000002, 26.40919699532682, 47.06465662622448
0.5100000000000002, 26.13501482834979, 46.9874568979935
0.5200000000000002, 25.866499346802154, 46.90312860598866
0.5300000000000002, 25.603856212459114, 46.811456430885386
0.5400000000000003, 25.347329758420067, 46.71227929894183
0.5500000000000003, 25.09719836838173, 46.605490337189615
0.5600000000000003, 24.853769615757265, 46.491036882292
0.5700000000000003, 24.617375202154427, 46.36892045449887
0.5800000000000003, 24.388365735354196, 46.23919661811079
0.5900000000000003, 24.16710538839103, 46.10197465969195
0.6000000000000003, 23.95396648327095, 45.95741702496878
0.6100000000000003, 23.74932404497589, 45.80573846494052
0.6200000000000003, 23.55355037344319, 45.64720485122444
0.6300000000000003, 23.36700968297116, 45.48213163006152
0.6400000000000003, 23.19005285981555, 45.310881893703936
0.6500000000000004, 23.02301238947115, 45.133864057062105
0.6600000000000004, 22.866197505170824, 44.95152913645908
0.6700000000000004, 22.71988960840219, 44.764367636062886
0.6800000000000004, 22.58433801068737, 44.57290605596823
0.6900000000000004, 22.459756043466527, 44.37770304389449
0.7000000000000004, 22.34631757966746, 44.179345219965825
0.7100000000000004, 22.24415400645187, 43.9784427109467
0.7200000000000004, 22.15335168374577, 43.775624436526556
0.7300000000000004, 22.073949917550646, 43.57153319568804
0.7400000000000004, 22.005939470775928, 43.36682060576775
0.7500000000000004, 21.94926162753337, 43.162141950449325
0.7600000000000005, 21.90380781960643, 42.958150995551776
0.7700000000000005, 21.869419816282456, 42.755494833041645
0.7800000000000005, 21.845890471052858, 42.55480881417415
0.7900000000000005, 21.832965010993384, 42.35671163204427
0.8000000000000005, 21.83034284708429, 42.161800612112145
0.8100000000000005, 21.837679876469426, 41.970647266489834
0.8200000000000005, 21.85459124083115, 41.78379316399008
0.8300000000000005, 21.880654498814035, 41.60174616321809
0.8400000000000005, 21.915413164892936, 41.424977050427586
0.8500000000000005, 21.958380562363818, 41.253916617577445
0.8600000000000005, 22.0090439343344, 41.088953209143504
0.8700000000000006, 22.066868753782114, 40.930430758905274
0.8800000000000006, 22.131303171981376, 40.77864733029204
0.8900000000000006, 22.20178254391001, 40.633854166095865
0.01, 22.27773396962942, 40.49625524560214
0.02, 21.69869646683292, 41.29184688860738
0.03, 21.033838116362727, 42.01584237386421
0.04, 21.773549312345352, 41.36097044433215
0.05, 22.567978120018505, 40.78900716570884
0.060000000000000005, 23.40482533422696, 40.30324123218418
0.07, 24.272072268583397, 39.90513351436678
0.08, 25.15821943657415, 39.5944835262011
0.09, 26.05248207959614, 39.36961798503984
0.09999999999999999, 26.944942859185044, 39.22759309404539
0.10999999999999999, 27.826663272000076, 39.16440296237501
0.11999999999999998, 28.68975636044615, 39.175187480407764
0.12999999999999998, 29.527424081560266, 39.25443394316593
0.13999999999999999, 30.33396326930119, 39.39616772639855
0.15, 31.10474449278722, 39.59412833113976
0.16, 31.836168291856904, 39.84192809245436
0.17, 32.52560328188141, 40.13319176960429
0.18000000000000002, 33.17131048526066, 40.461676076113804
0.19000000000000003, 33.77235799266212, 40.82136895263571
0.20000000000000004, 34.32852970888407, 41.206569022020204
0.21000000000000005, 34.84023152217879, 41.611946188754516
0.22000000000000006, 35.308397776781696, 42.03258475309658
0.23000000000000007, 35.73440044913958, 42.464010707270965
0.24000000000000007, 36.11996294917638, 42.902205074210364
0.25000000000000006, 36.46708000603947, 43.3436052485846
0.26000000000000006, 36.77794466691786, 43.785096317392224
0.2700000000000001, 37.05488304803843, 44.22399428656865
0.2800000000000001, 37.30029713577665, 44.65802303472991
0.2900000000000001, 37.51661564678869, 45.08528666895546
0.3000000000000001, 37.70625272022612, 45.504238783276456
0.3100000000000001, 37.87157403114288, 45.91364992992845
0.3200000000000001, 38.01486977898809, 46.31257441658614
0.3300000000000001, 38.13833391406463, 46.70031734817225
0.34000000000000014, 38.24404891257572, 47.076402646122624
0.35000000000000014, 38.33397539144706, 47.440542606186774
0.36000000000000015, 38.40994586144516, 47.79260940134545
0.37000000000000016, 38.47366194533766, 48.1326088012137
0.38000000000000017, 38.52669443148887, 48.46065626413965
0.3900000000000002, 38.57048558744954, 48.7769554628915
0.4000000000000002, 38.60635321854474, 49.08177922837714
0.4100000000000002, 38.63549601965086, 49.37545283674818
0.4200000000000002, 38.658999831448284, 49.658339521638304
0.4300000000000002, 38.677844473269765, 49.93082806312536
0.4400000000000002, 38.692910881666656, 50.193322286188696
0.45000000000000023, 38.70498833594336, 50.446232291914285
0.46000000000000024, 38.7147815985624, 50.68996724256952
0.47000000000000025, 38.72291783925365, 50.92492952519891
0.48000000000000026, 38.72995324690438, 51.15151012606511
0.49000000000000027, 38.73637926309785, 51.37008505878464
0.5000000000000002, 38.74262839588431, 51.581012701311884
0.5100000000000002, 38.74907959247494, 51.78463191014593
0.5200000000000002, 38.75606316555521, 51.98126079359926
0.5300000000000002, 38.76386528034086, 52.171196039169885
0.5400000000000003, 38.77273201885576, 52.35471270263682
0.5500000000000003, 38.78287304467452, 52.53206437821036
0.5600000000000003, 38.79446489598201, 52.70348367976837
0.5700000000000003, 38.80765393764953, 52.86918297282787
0.5800000000000003, 38.8225590044557, 53.0293553054277
0.01, 38.839273767887, 53.184175493564425
0.02, 38.86844543202614, 53.40316981178039
0.03, 38.90225955101161, 53.61496901605477
0.04, 38.940594963396514, 53.81964340698853
0.05, 38.983311070001676, 54.017252592119355
0.060000000000000005, 39.030249314878155, 54.20784802390023
0.07, 39.08123465798522, 54.39147540410823
0.08, 39.13607705207834, 54.568176943103964
0.09, 39.19457293234164, 54.737993463688504
0.09999999999999999, 39.2565067236826, 54.90096634064123
0.10999999999999999, 39.32165236734475, 55.057139268401954
0.11999999999999998, 39.38977486559476, 55.20655985080017
