0.01, 40.0, 80.0
0.01, 40.0, 80.0
0.02, 41.51477688886292, 80.15953362331112
0.03, 42.97731320581507, 80.46632747122818
0.04, 44.37221580048192, 80.90637066128176
0.05, 45.687128058237256, 81.46451609749766
0.060000000000000005, 46.91264698604964, 82.1250284596677
0.07, 48.04216126716545, 82.87206791032295
0.08, 49.071628905066376, 83.69010290151853
0.09, 49.999312234311596, 84.56424935657701
0.09999999999999999, 50.82548664134548, 85.48053682333395
0.10999999999999999, 51.552137477861116, 86.42610490159343
0.11999999999999998, 52.18265751957334, 87.38933532901218
0.12999999999999998, 52.721555066516224, 88.35992658667946
0.13999999999999999, 53.1741805207439, 89.32891880266287
0.15, 53.54647711546073, 90.28867715148826
0.16, 53.844759484957805, 91.23284194492531
0.17, 54.07552201301399, 92.15625326600878
0.18000000000000002, 54.24527741247292, 93.05485739652832
0.19000000000000003, 54.36042478471269, 93.92560150749296
0.20000000000000004, 54.427145482150486, 94.76632219462788
0.21000000000000005, 54.451324433911005, 95.57563250966169
0.22000000000000006, 54.43849416867415, 96.35281121493892
0.23000000000000007, 54.39379854746379, 97.09769711416077
0.24000000000000007, 54.321973167434585, 97.81059051495185
0.25000000000000006, 54.227339479635184, 98.49216317818156
0.26000000000000006, 54.1138098448608, 99.14337751412083
0.2700000000000001, 53.98490100071066, 99.76541529861714
0.2800000000000001, 53.84375370257239, 100.35961579965313
0.2900000000000001, 53.693156608812586, 100.92742291778887
0.3000000000000001, 53.53557278802999, 101.47034074218014
0.3100000000000001, 53.37316752042537, 101.98989679474931
0.3200000000000001, 53.20783633685578, 102.48761216588434
0.3300000000000001, 53.041232482207626, 102.9649777233634
0.34000000000000014, 52.874793201483435, 103.42343559062347
0.35000000000000014, 52.70976442686655, 103.86436513089708
0.36000000000000015, 52.5472235930982, 104.28907273152059
0.37000000000000016, 52.38810042901193, 104.69878475079246
0.38000000000000017, 52.23319566796404, 105.09464306253011
0.3900000000000002, 52.08319769246334, 105.47770270668285
0.4000000000000002, 51.93869718189819, 105.84893122492481
0.4100000000000002, 51.80019987012209, 106.20920932598457
0.4200000000000002, 51.66813754477505, 106.55933258527588
0.4300000000000002, 51.54287743524621, 106.90001393651669
0.4400000000000002, 51.42473014342043, 107.23188675927324
0.45000000000000023, 51.313956272732185, 107.55550840589432
0.46000000000000024, 51.21077190816282, 107.87136404449348
0.47000000000000025, 51.11535309393521, 108.17987072202311
0.48000000000000026, 51.02783944778142, 108.4813815736717
0.49000000000000027, 50.94833704154566, 108.77619012244156
0.5000000000000002, 50.87692066810368, 109.06453462646036
0.5100000000000002, 50.8136356045378, 109.34660244194738
0.5200000000000002, 50.758498971489026, 109.6225343773547
0.5300000000000002, 50.7115007787997, 109.89242901953953
0.5400000000000003, 50.67260473807951, 110.15634701635176
0.5500000000000003, 50.64174891373753, 110.4143153021359
0.5600000000000003, 50.61884627535427, 110.6663312536979
0.5700000000000003, 50.603785206025336, 110.91236676456842
0.5800000000000003, 50.59643001348805, 111.15237222516089
0.5900000000000003, 50.596621483430944, 111.38628039588389
0.6000000000000003, 50.60417750737065, 111.61401015959954
0.6100000000000003, 50.61889381085195, 111.83547013916571
0.6200000000000003, 50.64054480147729, 112.05056216527097
0.6300000000000003, 50.668884550402446, 112.25918457945754
0.6400000000000003, 50.70364791544938, 112.46123535718971
0.6500000000000004, 50.744551808895544, 112.65661503610887
0.6600000000000004, 50.79129660831489, 112.84522943524401
0.6700000000000004, 50.843567704585915, 113.02699215192732
0.6800000000000004, 50.90103717736386, 113.20182682449112
0.6900000000000004, 50.963365584955945, 113.36966915047533
0.7000000000000004, 51.030203852655866, 113.53046865202394
0.7100000000000004, 51.101195241200394, 113.68419018235448
0.7200000000000004, 51.17597737511536, 113.83081516959965
0.01, 51.2541843093251, 113.97034259689171
0.02, 51.69125290119873, 114.66898690835751
0.03, 52.14901452376222, 115.32808915090847
0.04, 52.62469180430141, 115.94750803415945
0.05, 53.11555357967191, 116.52729996201967
0.060000000000000005, 53.61893176018997, 117.06771154289682
0.07, 54.1322370016089, 117.56917046577557
0.08, 54.6529730310158, 118.03227492740456
0.09, 55.17874949957108, 118.45778180945175
0.09999999999999999, 55.707293263221196, 118.84659381412477
0.10999999999999999, 56.23645802122677, 119.19974577234638
0.11999999999999998, 56.76423227095694, 119.51839034016895
0.12999999999999998, 57.28874556532459, 119.8037832968437
0.13999999999999999, 57.80827308593663, 120.05726865205175
0.15, 58.321238570021265, 120.28026376055652
0.16, 58.826215652047466, 120.47424463031435
0.17, 59.321927701319794, 120.64073159529892
0.18000000000000002, 59.80724625444276, 120.78127550741253
0.19000000000000003, 60.281188156211634, 120.89744458335002
0.20000000000000004, 60.742911534092315, 120.99081202263979
0.21000000000000005, 61.19171073997268, 121.06294449279443
0.22000000000000006, 61.62701039834823, 121.11539155702756
0.23000000000000007, 62.048358702661645, 121.14967609977269
0.24000000000000007, 62.45542010132599, 121.16728578567229
0.25000000000000006, 62.84796751225399, 121.16966556914525
0.26000000000000006, 63.22587419976045, 121.15821125438633
0.2700000000000001, 63.58910544080376, 121.13426408994701
0.2800000000000001, 63.93771009900531, 121.09910636807756
0.2900000000000001, 64.27181221506395, 121.0539579869013
0.3000000000000001, 64.59160271139582, 120.9999739233147
0.3100000000000001, 64.89733129739851, 120.93824255627766
0.3200000000000001, 65.18929864996612, 120.86978477384665
0.3300000000000001, 65.4678489320483, 120.79555379283535
0.34000000000000014, 65.7333627004013, 120.7164356172541
0.35000000000000014, 65.98625024244318, 120.63325006054258
0.36000000000000015, 66.22694537147946, 120.54675225690923
0.37000000000000016, 66.4558996996604, 120.45763458865095
0.38000000000000017, 66.67357739897717, 120.3665289589633
0.3900000000000002, 66.88045045248157, 120.27400934327905
0.4000000000000002, 67.07699439076866, 120.18059455640696
0.4100000000000002, 67.26368450261154, 120.0867511775082
0.4200000000000002, 67.44099250347463, 119.99289658007801
0.4300000000000002, 67.60938364142683, 119.89940201944536
0.4400000000000002, 67.76931421668014, 119.80659573572792
0.45000000000000023, 67.92122948853184, 119.71476603556475
0.46000000000000024, 68.0655619418149, 119.62416432119669
0.47000000000000025, 68.20272988398459, 119.53500804049068
0.01, 68.33313634360283, 119.44748353624522
0.02, 69.08548599915149, 118.8413950311591
0.03, 69.76277768388279, 118.19469584337467
0.04, 70.36530653282634, 117.51763921500891
0.05, 70.8946148979349, 116.81965118192214
0.060000000000000005, 71.35326920196857, 116.10923595890371
0.07, 71.74464508393697, 115.39392344947711
0.08, 72.0727265247399, 114.68025309711268
0.09, 72.34192304865842, 113.97378800604314
0.09999999999999999, 72.55690763778803, 113.2791532801986
0.10999999999999999, 72.72247671257313, 112.6000927974842
0.11999999999999998, 72.84343244635383, 111.93953909258197
0.12999999999999998, 72.92448680488485, 111.29969160622842
0.13999999999999999, 72.9701860305093, 110.68209921933739
0.15, 72.98485381274182, 110.08774368033863
0.16, 72.9725510830172, 109.51712121578392
0.17, 72.93705021731228, 108.97032025827254
0.18000000000000002, 72.88182139999137, 108.44709381104138
0.19000000000000003, 72.81002896897189, 107.94692548179488
0.20000000000000004, 72.72453570078177, 107.46908865285019
0.21000000000000005, 72.62791318125076, 107.01269860929627
0.22000000000000006, 72.52245662347777, 106.57675772474332
0.23000000000000007, 72.41020272281007, 106.16019401158502
0.24000000000000007, 72.29294936582706, 105.76189348769186
0.25000000000000006, 72.1722762270443, 105.38072690331389
0.26000000000000006, 72.04956548656301, 105.0155714201618
0.2700000000000001, 71.92602208009077, 104.66532784829965
0.2800000000000001, 71.80269304768018, 104.32893403402123
0.2900000000000001, 71.68048567884902, 104.00537496071111
0.3000000000000001, 71.56018426034943, 103.69369008110311
0.3100000000000001, 71.44246532045595, 103.39297834850343
0.3200000000000001, 71.3279113324553, 103.10240136051101
0.3300000000000001, 71.21702289249173, 102.82118497462425
0.34000000000000014, 71.11022942554085, 102.54861970309102
0.35000000000000014, 71.00789850043837, 102.28406014593556
0.36000000000000015, 70.91034385277564, 102.02692367719379
0.37000000000000016, 70.81783222503887, 101.77668856046581
0.38000000000000017, 70.73058913829624, 101.53289163606414
0.3900000000000002, 70.64880371043684, 101.29512569316967
0.4000000000000002, 70.57263263359604, 101.06303661620628
0.4100000000000002, 70.50220341888804, 100.83632037471041
0.4200000000000002, 70.43761701063173, 100.61471990985126
0.4300000000000002, 70.37894986545199, 100.39802195797536
0.4400000000000002, 70.32625558437296, 100.18605384164168
0.45000000000000023, 70.27956617858587, 99.9786802511346
0.46000000000000024, 70.23889304217522, 99.77580003398177
0.47000000000000025, 70.20422769785503, 99.57734300618995
0.48000000000000026, 70.17554237478434, 99.38326679641193
0.49000000000000027, 70.15279047084258, 99.19355373278032
0.5000000000000002, 70.13590694536919, 99.00820778143665
0.5100000000000002, 70.12480868231341, 98.82725154562952
0.5200000000000002, 70.11939485799145, 98.65072333446875
0.5300000000000002, 70.11954734220197, 98.47867431085068
0.5400000000000003, 70.12513115629565, 98.31116572858375
0.5500000000000003, 70.13599500692322, 98.14826626924042
0.01, 70.15197190959442, 97.99004948965954
0.02, 70.25646503662311, 97.25839746241508
0.03, 70.38807721789793, 96.54927387345852
0.04, 70.54543172696374, 95.86349024239833
0.05, 70.72708653364272, 95.2017894362647
0.060000000000000005, 70.93154240417634, 94.56483734860839
0.07, 71.15725161232456, 93.95321571541321
0.08, 71.40262714688221, 93.36741610809155
0.09, 71.66605229447444, 92.80783513025004
0.09999999999999999, 71.94589047220997, 92.2747708305853
0.10999999999999999, 72.24049518282213, 91.76842032952754
0.11999999999999998, 72.54821996529046, 91.28887864242604
0.12999999999999998, 72.86742821654192, 90.83613866749127
0.13999999999999999, 73.19650276457278, 90.41009229269049
0.15, 73.53385508005594, 90.01053256262855
0.16, 73.8779340220186, 89.63715683440287
0.17, 74.22723402326646, 89.28957084073345
0.18000000000000002, 74.5803026326466, 88.96729356953198
0.19000000000000003, 74.93574734370742, 88.66976286164243
0.20000000000000004, 75.29224165254834, 88.39634162286777
0.21000000000000005, 75.64853030135869, 88.14632454265708
0.22000000000000006, 76.00343367803276, 87.91894520998119
0.23000000000000007, 76.35585135603175, 87.71338351694398
0.24000000000000007, 76.70476477207032, 87.52877324249164
0.25000000000000006, 77.04923905198716, 87.36420971208138
0.26000000000000006, 77.38842400708867, 87.21875743421246
0.2700000000000001, 77.72155433414054, 87.09145762113063
0.2800000000000001, 78.04794906186203, 86.9813355085963
0.2900000000000001, 78.36701029512999, 86.8874073981445
0.3000000000000001, 78.6782213150368, 86.8086873545349
0.3100000000000001, 78.98114409842212, 86.74419350086775
0.3200000000000001, 79.27541632449976, 86.69295386390012
0.3300000000000001, 79.56074793875152, 86.65401173221865
0.34000000000000014, 79.83691734541597, 86.62643049990818
0.35000000000000014, 80.10376729974216, 86.60929797801235
0.36000000000000015, 80.36120056981592, 86.60173016524914
0.37000000000000016, 80.60917543532355, 86.60287447798011
0.38000000000000017, 80.8477010872359, 86.61191244722254
0.3900000000000002, 81.07683298822474, 86.62806189745051
0.4000000000000002, 81.29666824881717, 86.65057862799293
0.4100000000000002, 81.50734106900865, 86.67875762296867
0.4200000000000002, 81.70901828944046, 86.7119338198899
0.4300000000000002, 81.90189509044895, 86.7494824703266
0.4400000000000002, 82.08619087144297, 86.79081912838946
0.45000000000000023, 82.26214533728526, 86.83539930430247
0.46000000000000024, 82.4300148127469, 86.88271782106516
0.47000000000000025, 82.59006880076406, 86.93230791221835
0.48000000000000026, 82.74258679522495, 86.98374009810935
0.01, 82.88785535441184, 87.03662087688801
0.02, 83.06507483512384, 87.10869904928214
0.03, 83.23285536072503, 87.18406573073958
0.04, 83.39151168560655, 87.26204155468113
0.05, 83.54138521698376, 87.34200645838948
0.060000000000000005, 83.68283756992213, 87.42339799898491
0.01, 83.81624471796026, 87.50570920578096
0.02, 84.095674013426, 87.67495730632928
0.03, 84.36574882218014, 87.83533653853031
0.04, 84.62683430035709, 87.98714743060087
0.05, 84.87927161425377, 88.13068852801989
0.060000000000000005, 85.1233798962794, 88.26625580142662
0.07, 85.35945807980245, 88.39414212687905
0.08, 85.58778661612082, 88.51463682903788
0.09, 85.80862907708229, 88.62802527902313
0.09999999999999999, 86.02223364711787, 88.73458853977256
0.10999999999999999, 86.22883450863283, 88.834603052718
0.11999999999999998, 86.42865312483575, 88.92834036048778
0.12999999999999998, 86.62189942418523, 89.01606686114567
0.13999999999999999, 86.80877289070062, 89.09804359019235
0.15, 86.98946356442484, 89.17452602718868
0.16, 87.16415295634614, 89.24576392441622
0.17, 87.33301488208699, 89.31200115547293
0.18000000000000002, 87.49621621865235, 89.37347558211731
0.19000000000000003, 87.65391758850105, 89.43041893802672
0.20000000000000004, 87.80627397516186, 89.48305672842955
0.01, 87.95343527456346, 89.53160814481312
0.02, 87.56539035731637, 89.45993734199322
0.03, 87.96104067724558, 89.4830442313422
0.04, 88.35294081373694, 89.45870442308484
0.05, 88.7345567485364, 89.3898084738498
0.060000000000000005, 89.100271818564, 89.2800551141989
0.07, 89.44544279068815, 89.13372958409934
0.08, 89.76641174405725, 88.95549366834067
0.09, 90.0604805828525, 88.75019421284743
0.09999999999999999, 90.32585548778292, 88.52269486134882
0.10999999999999999, 90.56156865859663, 88.27773386322725
0.11999999999999998, 90.76738438460532, 88.01980913061313
0.12999999999999998, 90.94369588929813, 87.75309030701742
0.13999999999999999, 91.09141860989747, 87.48135647213861
0.15, 91.21188466908181, 87.20795725149414
0.16, 91.30674234186998, 86.9357945139088
0.17, 91.3778633735385, 86.66732150156537
0.18000000000000002, 91.4272601107984, 86.404556114661
0.19000000000000003, 91.457013602857, 86.14910512876311
0.20000000000000004, 91.46921313444368, 85.9021963184513
0.21000000000000005, 91.46590708172347, 85.66471575684484
0.22000000000000006, 91.44906453729268, 85.43724792073876
0.23000000000000007, 91.42054682755929, 85.22011662304493
0.24000000000000007, 91.38208783440393, 85.0134251909923
0.25000000000000006, 91.33528191881713, 84.81709468873501
0.26000000000000006, 91.28157821073557, 84.63089933105391
0.2700000000000001, 91.22228005937511, 84.45449854052758
0.2800000000000001, 91.15854851530833, 84.2874653584897
0.2900000000000001, 91.0914088241005, 84.12931112884925
0.3000000000000001, 91.0217590382465, 83.97950653510387
0.01, 90.95037998851122, 83.83749918851832
0.02, 90.79180574954958, 83.49549717467153
0.03, 90.64763724329524, 83.15579762406101
0.04, 90.5178619574813, 82.81864827427992
0.05, 90.40243685056525, 82.48434394044916
0.060000000000000005, 90.30128597312617, 82.15322045107528
0.07, 90.21429836069937, 81.82564858121799
0.08, 90.14132625155709, 81.50202799672945
0.09, 90.0821836738814, 81.18278122977428
0.09999999999999999, 90.03664543787157, 80.86834771153804
0.10999999999999999, 90.00444655955721, 80.5591778928754
0.11999999999999998, 89.98528213445582, 80.25572748755134
0.12999999999999998, 89.97880767074676, 79.95845187563233
0.13999999999999999, 89.98463988338278, 79.66780070645311
0.15, 90.0023579425902, 79.38421274140515
0.16, 90.03150516259718, 79.10811097657411
0.17, 90.07159110926095, 78.83989808402431
0.18000000000000002, 90.12209409862714, 78.57995220833843
0.19000000000000003, 90.18246405243677, 78.3286231519375
0.20000000000000004, 90.2521256712798, 78.08622897881591
0.21000000000000005, 90.33048188155607, 77.85305306172768
0.22000000000000006, 90.4169175087078, 77.62934159266965
0.23000000000000007, 90.5108031263837, 77.41530157084603
0.24000000000000007, 90.61149902931855, 77.21109927630208
0.25000000000000006, 90.71835927678013, 77.01685923121762
0.26000000000000006, 90.83073575344821, 76.83266364459358
0.2700000000000001, 90.94798219552605, 76.65855232988397
0.2800000000000001, 91.06945813170755, 76.4945230791541
0.2900000000000001, 91.19453269127361, 76.34053247170804
0.3000000000000001, 91.32258823499855, 76.19649708993916
0.3100000000000001, 91.4530237686225, 76.06229511051654
0.3200000000000001, 91.58525810328858, 75.93776823501364
0.3300000000000001, 91.71873273244404, 75.8227239207804
0.34000000000000014, 91.85291440014561, 75.71693787030698
0.35000000000000014, 91.987297341369, 75.62015673555442
0.36000000000000015, 92.12140518068021, 75.53210099274838
0.01, 92.25479248136142, 75.45246794293506
0.02, 92.41877167830954, 75.3676302465921
0.03, 92.58286337085174, 75.29480712467091
0.04, 92.74615598685807, 75.23354050437248
0.05, 92.9078209544062, 75.18331128765442
0.060000000000000005, 93.06711454623405, 75.14355076621446
0.01, 93.22337837848353, 75.11365162041977
0.02, 93.38872342118006, 75.08069098324604
0.03, 93.54722002008874, 75.04788977562616
0.01, 93.69915612778141, 75.0153516406925
0.02, 94.09179172414609, 74.90411545546789
0.03, 94.46389952435057, 74.77276630754385
0.04, 94.81491851647998, 74.62405201044456
0.05, 95.1445958362537, 74.46060129386186
0.060000000000000005, 95.45295100416303, 74.28489871201417
0.07, 95.74024000293365, 74.09926587319828
0.08, 96.00692002720473, 73.9058484737804
0.09, 96.25361559241897, 73.70660855002237
0.09999999999999999, 96.48108654768106, 73.50332131890356
0.10999999999999999, 96.69019840187462, 73.29757596159874
0.11999999999999998, 96.88189524689493, 73.09077970718613
0.12999999999999998, 97.05717544886545, 72.88416459591762
0.13999999999999999, 97.21707017924714, 72.67879633734495
0.15, 97.36262477364752, 72.47558472520596
0.16, 97.4948828370486, 72.27529512489119
0.17, 97.61487295968601, 72.07856060750194
0.18000000000000002, 97.72359786706237, 71.88589436432743
0.19000000000000003, 97.8220257993602, 71.69770209478035
0.20000000000000004, 97.91108389839886, 71.51429411764404
0.21000000000000005, 97.99165337269227, 71.33589700853209
0.22000000000000006, 98.06456621150396, 71.16266461477746
0.23000000000000007, 98.13060322548802, 70.994688341948
0.24000000000000007, 98.1904932030643, 70.83200664353927
0.25000000000000006, 98.2449129867474, 70.67461367709586
0.26000000000000006, 98.29448829103293, 70.52246711623927
0.01, 98.33979510211705, 70.3754951291711
0.02, 98.39505640095051, 70.1846086006849
0.03, 98.44537027639291, 70.0003212066183
0.04, 98.49138275927902, 69.82248699593782
0.05, 98.53368201660096, 69.65094100306807
0.060000000000000005, 98.57280163708086, 69.48550486985113
0.07, 98.60922402261352, 69.32599162576221
0.01, 98.64338380202769, 69.17220970338843
0.02, 98.68855400279423, 68.96041067937496
0.03, 98.73069092545977, 68.75621917167123
0.04, 98.77032515749949, 68.55937529890126
0.05, 98.80793152322967, 68.36962068808623
0.060000000000000005, 98.84393335787226, 68.18670155343237
0.07, 98.87870657397262, 68.01037111240849
0.08, 98.91258349524794, 67.84039142486928
0.09, 98.9458564440111, 67.67653473388908
0.09999999999999999, 98.97878107721647, 67.51858437972693
0.01, 99.01157947316936, 67.36633535119691
0.02, 99.0506688581579, 67.18359783916227
0.03, 99.08838746138798, 67.00746022925442
0.04, 99.1250717744324, 66.83768880437995
0.05, 99.1610182316734, 66.67405921569954
0.060000000000000005, 99.19648651634199, 66.51635746133971
0.01, 99.23170262688892, 66.36438050120678
0.02, 99.27087205816491, 66.20193479050074
0.03, 99.31031529105178, 66.04543176211654
0.01, 99.35017361304554, 65.89468718955865
0.02, 99.39435527204502, 65.73561683912683
0.01, 99.43915021048151, 65.58248745420144
0.02, 99.49264480604869, 65.40907708905773
0.03, 99.54699873062508, 65.24227585672277
0.04, 99.60226829923731, 65.08191153014576
0.05, 99.65848852452633, 64.92782265662474
0.01, 99.715675042358, 64.7798574350322
0.02, 99.78150645853856, 64.61850580122027
0.03, 99.84819975249958, 64.46375433025486
0.04, 99.915741466232, 64.31544914474142
0.01, 99.98410241863755, 64.17344309283013
0.02, 100.05922751747356, 64.02488784830976
0.03, 100.13475633391971, 63.88280432754672
0.01, 100.2106596482228, 63.74703727419871
0.02, 100.29651681265123, 63.60004489439641
0.03, 100.38223046816788, 63.45970748278084
0.01, 100.46778378571805, 63.325854168311494
0.02, 100.55763661896802, 63.190937503072306
