0.01, 50.0, 50.0
0.02, 50.0, 50.0
0.02, 50.0, 50.0
0.03, 49.01520901861562, 49.75241600597959
0.04, 48.140902360160574, 49.30214899215852
0.05, 47.39966550727087, 48.692635389679225
0.060000000000000005, 46.8012187731672, 47.96174313838016
0.07, 46.34729260038592, 47.140486335341485
0.08, 46.65932499134239, 48.02758632583254
0.09, 46.824369620030055, 48.94499157557637
0.09999999999999999, 46.846411557599055, 49.86433268331624
0.10999999999999999, 46.73462714535195, 50.76067548296754
0.11999999999999998, 46.502075598314576, 51.61323681592764
0.12999999999999998, 46.16439629462144, 52.4057156349276
0.13999999999999999, 45.738601750474864, 53.126294840313705
0.15, 45.242028950413584, 53.76738290211221
0.16, 44.69148539451444, 54.325168840296435
0.17, 44.102603096926835, 54.79906135740196
0.18000000000000002, 43.48939513239133, 55.19107490228639
0.19000000000000003, 42.86399573030466, 55.50521422435975
0.20000000000000004, 42.23655629207447, 55.74689637119078
0.21000000000000005, 41.61526553499177, 55.922436567850255
0.22000000000000006, 41.00646143688736, 56.03861307495111
0.23000000000000007, 40.414804832712164, 56.10231663380824
0.24000000000000007, 39.843488458772285, 56.12028278858365
0.25000000000000006, 39.294460109713974, 56.098900248494736
0.26000000000000006, 38.76864367915546, 56.04408532559008
0.2700000000000001, 38.26614668932269, 55.96121103015277
0.2800000000000001, 37.78644714949366, 55.85507924174726
0.2900000000000001, 37.3285560470206, 55.72992511276411
0.3000000000000001, 36.8911544237453, 55.58944415505616
0.3100000000000001, 36.47270587025457, 55.436834022721676
0.3200000000000001, 36.071546481662374, 55.27484461966727
0.3300000000000001, 35.68595498890563, 55.10583168217992
0.34000000000000014, 35.31420604076572, 54.93181032677376
0.35000000000000014, 34.9546095855336, 54.75450617157958
0.36000000000000015, 34.60553909042078, 54.57540252904176
0.37000000000000016, 34.265451022753176, 54.39578284425686
0.38000000000000017, 33.932897659593394, 54.21676804475255
0.3900000000000002, 33.60653493279633, 54.039348806610775
0.4000000000000002, 33.28512668034447, 53.864412961294214
0.4100000000000002, 32.96754637619835, 53.69276839704018
0.4200000000000002, 32.65277715561361, 53.52516187346709
0.4300000000000002, 32.33991074122494, 53.36229418843205
0.4400000000000002, 32.028145704195325, 53.20483212786311
0.45000000000000023, 31.716785359687552, 53.053417603868176
0.46000000000000024, 31.405235491515995, 52.90867435213587
0.47000000000000025, 31.093002021811945, 52.771212522089876
0.48000000000000026, 30.779688683051422, 52.64163145604267
0.49000000000000027, 30.46499470763593, 52.52052091886799
0.5000000000000002, 30.148712520840537, 52.40846100861025
0.5100000000000002, 29.830725403453425, 52.30602095141966
0.5200000000000002, 29.511005078510234, 52.21375696125043
0.5300000000000002, 29.18960917035515, 52.1322093256227
0.5400000000000003, 28.86667848242923, 52.061898863015294
0.5500000000000003, 28.54243404161481, 52.003322884647595
0.5600000000000003, 28.217173860832045, 51.95695078302868
0.5700000000000003, 27.89126937726672, 51.92321936121947
0.5800000000000003, 27.565161530635315, 51.9025280098211
0.5900000000000003, 27.23935645390048, 51.89523383286241
0.6000000000000003, 26.91442075755506, 51.90164681865095
0.6100000000000003, 26.590976397767324, 51.92202514695751
0.6200000000000003, 26.269695128134416, 51.956570719353635
0.6300000000000003, 25.9512925443593, 52.00542499488396
0.6400000000000003, 25.636521740697987, 52.0686652083409
0.6500000000000004, 25.32616660637632, 52.14630104306682
0.6600000000000004, 25.021034799211083, 52.23827182432104
0.6700000000000004, 24.72195044225312, 52.34444429273515
0.6800000000000004, 24.429746597266472, 52.46461101018999
0.6900000000000004, 24.145257576135048, 52.59848944256467
0.7000000000000004, 23.869311157718673, 52.74572175524433
0.7100000000000004, 23.602720783140178, 52.90587534807116
0.7200000000000004, 23.346277806859824, 53.078444146651115
0.7300000000000004, 23.100743884078636, 53.262850656682225
0.7400000000000004, 22.866843576918626, 53.458448777366776
0.7500000000000004, 22.645257262382696, 53.66452735914841
0.7600000000000005, 22.43661442424816, 53.880314480133215
0.7700000000000005, 22.2414874087659, 54.1049824047821
0.7800000000000005, 22.060385720318497, 54.33765317798208
0.7900000000000005, 21.893750928058534, 54.57740479760474
0.8000000000000005, 21.741952248054815, 54.82327789933032
0.8100000000000005, 21.60528285770053, 55.07428287904208
0.8200000000000005, 21.483956990193782, 55.3294073706565
0.8300000000000005, 21.37810784692546, 55.58762399101463
0.8400000000000005, 21.287786354766915, 55.8478982585662
0.8500000000000005, 21.212960783728263, 56.10919658915458
0.8600000000000005, 21.15351722846577, 56.37049427035528
0.8700000000000006, 21.109260944877963, 56.630783315599466
0.8800000000000006, 21.079918520780293, 56.88908010076121
0.8900000000000006, 21.065140847628346, 57.14443268900008
0.9000000000000006, 21.06450684871126, 57.39592775439059
0.9100000000000006, 21.07752790839464, 57.642697021161695
0.9200000000000006, 21.103652937079264, 57.8839231431001
0.9300000000000006, 21.14227399776279, 58.118844956696655
0.9400000000000006, 21.192732412627652, 58.34676205175716
0.9500000000000006, 21.25432526208197, 58.56703861425481
0.9600000000000006, 21.326312184270606, 58.77910650794529
0.9700000000000006, 21.407922380333755, 58.98246757345459
0.9800000000000006, 21.498361729663916, 59.17669513593148
0.9900000000000007, 21.59681992010266, 59.361434724675206
1.0000000000000007, 21.70247750038903, 59.5364040201508
1.0100000000000007, 21.814512766145356, 59.70139205524639
1.0200000000000007, 21.932108396150145, 59.85625770828217
1.0300000000000007, 22.054457762453925, 60.00092753494418
1.0400000000000007, 22.18077084586595, 60.13539299481109
1.0500000000000007, 22.310279697276183, 60.25970713532373
1.0600000000000007, 22.44224339495892, 60.37398080180486
1.0700000000000007, 22.575952458200558, 60.478378446399496
1.0800000000000007, 22.71073268806825, 60.57311361153966
0.02, 22.84594841665352, 60.6584441647476
0.03, 23.49319312123203, 61.09308244642057
0.04, 24.103156945044503, 61.52709468938058
0.05, 24.67788033590612, 61.958730981953934
0.060000000000000005, 25.21937822212694, 62.3864628180705
0.07, 25.72962573600318, 62.80896640933357
0.08, 26.210546357021663, 63.22510608184094
0.09, 26.664002277330045, 63.633917977559726
0.09999999999999999, 27.091786786023686, 64.03459424098557
0.10999999999999999, 27.495618467788358, 64.42646783548086
0.11999999999999998, 27.877137014608355, 64.8089981004575
0.12999999999999998, 28.23790045582223, 65.18175713067286
0.13999999999999999, 28.579383621049182, 65.54441703244248
0.15, 28.902977661743996, 65.89673808853249
0.16, 29.20999046976212, 66.23855784378406
0.17, 29.501647844797347, 66.56978110698036
0.18000000000000002, 29.779095276437843, 66.89037085087871
0.19000000000000003, 30.043400220490085, 67.20033998145232
0.20000000000000004, 30.295554762836005, 67.4997439389461
0.21000000000000005, 30.536478577172186, 67.78867408707615
0.22000000000000006, 30.767022095348434, 68.06725184231325
0.23000000000000007, 30.98796982054667, 68.33562349242278
0.24000000000000007, 31.20004372413577, 68.59395565203148
0.25000000000000006, 31.403906676659677, 68.84243130272269
0.26000000000000006, 31.600165872052226, 69.081246365811
0.2700000000000001, 31.78937621183682, 69.31060675732562
0.2800000000000001, 31.97204362279621, 69.53072587666932
0.2900000000000001, 32.14862828743656, 69.74182248277256
0.3000000000000001, 32.319547771580424, 69.94411891420533
0.3100000000000001, 32.48518003767215, 70.13783961253907
0.3200000000000001, 32.6458663359368, 70.32320991118105
0.3300000000000001, 32.801913968471816, 70.50045505486533
0.34000000000000014, 32.953598923740074, 70.66979941792201
0.35000000000000014, 33.101168380842005, 70.83146589231818
0.36000000000000015, 33.24484308443815, 70.98567541923667
0.37000000000000016, 33.38481959233239, 71.13264664061069
0.38000000000000017, 33.52127239856586, 71.27259564954666
0.3900000000000002, 33.65435593546304, 71.4057358209353
0.4000000000000002, 33.78420645845992, 71.53227770576596
0.4100000000000002, 33.91094381777044, 71.652428974721
0.4200000000000002, 34.034673121046005, 71.76639439853626
0.4300000000000002, 34.155486291185866, 71.87437585437293
0.02, 34.27346352338824, 71.97657234906175
0.03, 34.43845211064199, 72.1256096694765
0.04, 34.59403146875235, 72.27174096675125
0.05, 34.74083156763933, 72.4147144465795
0.060000000000000005, 34.87945393774645, 72.55432540646001
0.07, 35.010470549542475, 72.69041119169259
0.08, 35.13442315947022, 72.82284646922092
0.09, 35.2518230572886, 72.95153883275046
0.09999999999999999, 35.36315115432494, 73.07642474503562
0.10999999999999999, 35.46885835708063, 73.19746581688399
0.02, 35.569366175741656, 73.31464541719133
0.03, 35.38982063773777, 73.18690624771439
0.04, 35.19360127033286, 73.10603071378057
0.05, 34.991432840453925, 73.06937070754665
0.060000000000000005, 34.79118280312637, 73.07270733811659
0.07, 34.59824447174014, 73.11135169333554
0.08, 34.416096940180346, 73.18081157636767
0.09, 34.24685805483832, 73.27711785277359
0.09999999999999999, 34.401974244635035, 73.15730904720168
0.10999999999999999, 34.537850959500176, 73.01934404197378
0.11999999999999998, 34.652776718180924, 72.86728578257961
0.12999999999999998, 34.74588317916022, 72.70515119777079
0.13999999999999999, 34.8170526836325, 72.53675920481828
0.15, 34.866806385512085, 72.36561403970076
0.16, 34.89618264859125, 72.19482352785643
0.17, 34.90661401766271, 72.02704989787426
0.18000000000000002, 34.89980945124359, 71.86448931175124
0.02, 34.877646803416575, 71.70887540951611
0.03, 34.85424752110145, 71.54888798417535
0.02, 34.83139627673311, 71.39441620058581
0.03, 34.80795674650092, 71.23311288024651
