0.01, 40.0, 140.0
0.01, 40.0, 140.0
0.02, 44.624043232218256, 139.6150010563955
0.03, 49.081749985540945, 138.87774049861594
0.04, 53.34608181270163, 137.82277438665076
0.05, 57.39582876982576, 136.48556026263634
0.060000000000000005, 61.2152819409231, 134.9016462815425
0.07, 64.7938224742556, 133.10597313939766
0.08, 68.12545088834631, 131.13229081738245
0.09, 71.20827851285833, 129.01268837196642
0.09999999999999999, 74.04400061468276, 126.77723186473517
0.10999999999999999, 76.63736816801236, 124.4537030511354
0.11999999999999998, 78.99567249412287, 122.06742961937806
0.12999999999999998, 81.12825424260163, 119.64119655129342
0.13999999999999999, 83.04604551381028, 117.1952275104494
0.15, 84.76115141595152, 114.7472249808912
0.16, 86.28647507260611, 112.31245810596941
0.17, 87.63538809162787, 109.90388773094072
0.18000000000000002, 88.82144679894974, 107.53231895597705
0.19000000000000003, 89.85815313976588, 105.20657248252242
0.20000000000000004, 90.75875804927226, 102.93366711687963
0.21000000000000005, 91.53610427894233, 100.71900692033749
0.22000000000000006, 92.2025051070079, 98.56656761461721
0.23000000000000007, 92.76965503252917, 96.47907792462395
0.24000000000000007, 93.24856841711176, 94.45819253714183
0.25000000000000006, 93.649542061915, 92.50465425329287
0.26000000000000006, 93.98213785586472, 90.6184437017805
0.2700000000000001, 94.2551818719109, 88.79891565385357
0.2800000000000001, 94.47677659292926, 87.04492154014339
0.2900000000000001, 94.65432329242846, 85.35491821920108
0.3000000000000001, 94.79455195664941, 83.72706339615206
0.3100000000000001, 94.903556497078, 82.15929834800916
0.3200000000000001, 94.9868333528826, 80.6494187916377
0.3300000000000001, 95.04932191191844, 79.19513484330243
0.34000000000000014, 95.0954454804048, 77.79412107703324
0.35000000000000014, 95.1291518014854, 76.4440577038795
0.36000000000000015, 95.15395236005763, 75.14266387559056
0.37000000000000016, 95.17295991558132, 73.88772407324977
0.38000000000000017, 95.18892387735309, 72.6771084814891
0.3900000000000002, 95.20426328010123, 71.50878817842039
0.4000000000000002, 95.2210972343917, 70.38084589541462
0.4100000000000002, 95.24127281918472, 69.29148302330529
0.4200000000000002, 95.26639045596649, 68.23902346546619
0.4300000000000002, 95.29782685815702, 67.22191486565356
0.4400000000000002, 95.33675568874494, 66.2387276709412
0.45000000000000023, 95.38416608587391, 65.28815242837716
0.46000000000000024, 95.44087923268204, 64.36899565856478
0.47000000000000025, 95.50756315607251, 63.48017460028877
0.48000000000000026, 95.5847459409927, 62.6207110773854
0.49000000000000027, 95.6728275436774, 61.78972470193579
0.5000000000000002, 95.77209038038947, 60.986425596067754
0.5100000000000002, 95.88270885847518, 60.21010678764603
0.5200000000000002, 96.00475800486143, 59.46013641234372
0.5300000000000002, 96.1382213341229, 58.7359498354525
0.5400000000000003, 96.2829980844688, 58.03704179075864
0.5500000000000003, 96.43890993586253, 57.362958620373576
0.5600000000000003, 96.60570731032703, 56.7132906880947
0.5700000000000003, 96.78307534056364, 56.08766502926514
0.5800000000000003, 96.97063957952773, 55.48573829183379
0.5900000000000003, 97.16797151071994, 54.907190016074956
0.6000000000000003, 97.37459390678994, 54.35171629394529
0.6100000000000003, 97.5899860727071, 53.81902384311892
0.6200000000000003, 97.81358899930196, 53.30882452517834
0.6300000000000003, 98.04481044347801, 52.82083033211787
0.6400000000000003, 98.28302994287549, 52.35474886014574
0.6500000000000004, 98.52760376526116, 51.91027928468857
0.6600000000000004, 98.77786978643579, 51.48710884547677
0.6700000000000004, 99.03315228499348, 51.084909845612856
0.6800000000000004, 99.29276663782676, 50.703337163609206
0.6900000000000004, 99.55602389682522, 50.34202627255569
0.7000000000000004, 99.82223522473537, 50.00059175588162
0.7100000000000004, 100.09071616659064, 49.678626304659254
0.7200000000000004, 100.36079073243477, 49.37570017711265
0.7300000000000004, 100.6317952671849, 49.09136109700195
0.7400000000000004, 100.90308208434752, 48.82513456390473
0.7500000000000004, 101.17402284182958, 48.57652454516541
0.7600000000000005, 101.44401164019992, 48.34501451647731
0.7700000000000005, 101.71246782636065, 48.13006881573925
0.7800000000000005, 101.9788384885961, 47.93113427301997
0.7900000000000005, 102.24260063228245, 47.747642078190275
0.8000000000000005, 102.50326302907324, 47.579009847054216
0.8100000000000005, 102.76036773603055, 47.42464384662697
0.8200000000000005, 103.01349128486247, 47.2839413405565
0.8300000000000005, 103.26224554506965, 47.156293016547124
0.8400000000000005, 103.5062782683203, 47.0410854589846
0.8500000000000005, 103.74527332469512, 46.93770363174446
0.8600000000000005, 103.97895064450908, 46.84553333834034
0.8700000000000006, 104.20706588217594, 46.76396362908398
0.8800000000000006, 104.42940982099083, 46.69238912772559
0.8900000000000006, 104.64580753973677, 46.630212253060364
0.9000000000000006, 104.85611736365081, 46.57684531416304
0.9100000000000006, 105.060229623505, 46.53171246118378
0.9200000000000006, 105.25806524736583, 46.49425147694533
0.9300000000000006, 105.44957421000153, 46.46391539786469
0.9400000000000006, 105.6347338649259, 46.44017395592889
0.9500000000000006, 105.81354718372562, 46.422514836534766
0.9600000000000006, 105.98604092664276, 46.41044474991351
0.9700000000000006, 106.15226376741305, 46.40349031656629
0.9800000000000006, 106.31228439412978, 46.40119876960661
0.01, 106.46618960645517, 46.403138479116485
0.02, 107.07475180196707, 46.4490029339633
0.03, 107.65999774054671, 46.52925445999592
0.04, 108.22035854993045, 46.64036277641092
0.05, 108.75469351131966, 46.7788551112123
0.060000000000000005, 109.26225514844832, 46.94135760243203
0.07, 109.74265205982618, 47.12462963640642
0.08, 110.19581054789506, 47.32559138288942
0.09, 110.6219359812126, 47.54134490739111
0.09999999999999999, 111.02147470020466, 47.769189335394046
0.10999999999999999, 111.39507714816895, 48.006630611854064
0.11999999999999998, 111.74356278123904, 48.2513864441789
0.12999999999999998, 112.0678871875148, 48.50138703980832
0.13999999999999999, 112.36911172947742, 48.754772253120585
0.15, 112.64837591741507, 49.00988574345889
0.16, 112.90687262651645, 49.26526671953307
0.17, 113.14582618755037, 49.51963980823249
0.18000000000000002, 113.36647331108189, 49.7719035408058
0.19000000000000003, 113.57004674793008, 50.021117899046466
0.20000000000000004, 113.75776154358485, 50.266491310932736
0.21000000000000005, 113.93080371078054, 50.5073674311637
0.22000000000000006, 114.09032112133988, 50.743211988934675
0.23000000000000007, 114.23741640455918, 50.97359993449391
0.24000000000000007, 114.3731416335216, 51.198203068577065
0.25000000000000006, 114.49849458149353, 51.41677829547758
0.26000000000000006, 114.6144163367011, 51.62915660175321
0.2700000000000001, 114.72179007409096, 51.83523282862248
0.2800000000000001, 114.8214407960459, 52.03495627699743
0.2900000000000001, 114.91413586946483, 52.228322159695516
0.3000000000000001, 115.0005862032762, 52.415363895412746
0.3100000000000001, 115.08144792761755, 52.5961462231719
0.3200000000000001, 115.15732445299736, 52.77075910377633
0.3300000000000001, 115.22876880430312, 52.93931236586216
0.34000000000000014, 115.2962861401867, 53.10193104800379
0.35000000000000014, 115.36033638290517, 53.25875138455233
0.36000000000000015, 115.42133689696688, 53.409917381060545
0.01, 115.4796651668478, 53.5555779248906
0.02, 115.82722191480559, 54.70458589955106
0.03, 116.06873350509036, 55.83727413022452
0.04, 116.21330652221855, 56.94388408617771
0.05, 116.2704831800694, 58.016662370619
0.060000000000000005, 116.24992014688276, 59.04971636464798
0.07, 116.16112578444266, 60.03883746608065
0.08, 116.01325390427343, 60.98130538592279
0.09, 115.81495005531826, 61.87568488403328
0.09999999999999999, 115.57424493364596, 62.721624144764704
0.10999999999999999, 115.29848867159878, 63.51966185520951
0.11999999999999998, 114.99431942946423, 64.27104806012369
0.12999999999999998, 114.66765977699781, 64.97758210161864
0.13999999999999999, 114.32373471492049, 65.64146945045938
0.15, 113.96710575452319, 66.26519801526527
0.16, 113.60171616454419, 66.85143357128307
0.17, 113.23094324008265, 67.40293326168087
0.18000000000000002, 112.85765419468164, 67.92247566151084
0.19000000000000003, 112.48426298437894, 68.41280562225361
0.20000000000000004, 112.11278601502963, 68.87659199622355
0.21000000000000005, 111.74489524624126, 69.3163963393548
0.22000000000000006, 111.381967680522, 69.73465077548067
0.23000000000000007, 111.025130615228, 70.13364334701583
0.24000000000000007, 110.67530234290481, 70.51550935269518
0.25000000000000006, 110.33322822096584, 70.8822273643726
0.26000000000000006, 109.99951220424143, 71.23561880806606
0.2700000000000001, 109.67464405414444, 71.57735017971333
0.2800000000000001, 109.35902251609545, 71.90893713710435
0.2900000000000001, 109.0529748016659, 72.23174986250963
0.3000000000000001, 108.75677273173376, 72.54701922401138
0.3100000000000001, 108.47064589866076, 72.85584337733759
0.3200000000000001, 108.19479219469888, 73.15919454498659
0.3300000000000001, 107.92938603495847, 73.45792578712592
0.34000000000000014, 107.67458457972373, 73.75277764101206
0.35000000000000014, 107.4305322352003, 74.04438455448789
0.36000000000000015, 107.19736368570983, 74.33328107643172
0.37000000000000016, 106.97520568510596, 74.6199077947002
0.38000000000000017, 106.76417781151959, 74.9046170318004
0.3900000000000002, 106.56439236785022, 75.18767832172307
0.4000000000000002, 106.37595359085786, 75.46928369935083
0.4100000000000002, 106.1989563142559, 75.7495528377117
0.4200000000000002, 106.03348421572528, 76.02853806899776
0.4300000000000002, 105.87960776406204, 76.306229323474
0.4400000000000002, 105.73738197049482, 76.58255901679763
0.45000000000000023, 105.60684403731995, 76.85740691137231
0.46000000000000024, 105.4880109871572, 77.13060497160487
0.47000000000000025, 105.38087734710665, 77.40194222666666
0.48000000000000026, 105.2854129536905, 77.67116964787692
0.49000000000000027, 105.20156093652525, 77.93800504136273
0.5000000000000002, 105.12923593105494, 78.20213795040617
0.5100000000000002, 105.06832256328077, 78.46323455602808
0.5200000000000002, 105.01867424217532, 78.72094255901392
0.5300000000000002, 104.98011228832404, 78.97489602186906
0.5400000000000003, 104.95242542027842, 79.22472014518588
0.5500000000000003, 104.93536961313636, 79.47003594967819
0.5600000000000003, 104.92866833701379, 79.71046483273649
0.5700000000000003, 104.93201317637892, 79.94563296680944
0.5800000000000003, 104.945064824742, 80.17517550623042
0.5900000000000003, 104.96745444299503, 80.39874056927832
0.6000000000000003, 104.9987853638477, 80.61599296326224
0.6100000000000003, 105.0386351193833, 80.82661762221177
0.6200000000000003, 105.0865577638339, 81.03032272928125
0.6300000000000003, 105.1420864593176, 81.22684249916863
0.6400000000000003, 105.20473628855589, 81.41593959962474
0.6500000000000004, 105.27400725554945, 81.59740719539391
0.6600000000000004, 105.34938743287944, 81.77107060257985
0.6700000000000004, 105.43035621274795, 81.93678854636278
0.6800000000000004, 105.51638761809144, 82.0944540200931
0.6900000000000004, 105.6069536300944, 82.2439947489383
0.7000000000000004, 105.70152748918241, 82.3853732663513
0.7100000000000004, 105.79958692805283, 82.51858661654995
0.7200000000000004, 105.90061729746176, 82.64366570084805
0.01, 106.0041145482691, 82.76067428996069
0.02, 106.70703211000837, 83.39392044907652
0.03, 107.4714845697921, 83.94340026021167
0.04, 108.28395246688733, 84.40450345493167
0.05, 109.13107901207351, 84.77481921445333
0.060000000000000005, 109.99998942565716, 85.05395164500695
0.07, 110.87855495510514, 85.24330055491127
0.08, 111.75560102885517, 85.34581953818265
0.09, 112.6210609873108, 85.36576229836845
0.09999999999999999, 113.46607844889233, 85.30842687046177
0.10999999999999999, 114.28306262530687, 85.17990599212855
0.11999999999999998, 115.06570181089795, 84.98685040458642
0.12999999999999998, 115.80894085839745, 84.73625038747464
0.13999999999999999, 116.50892874656505, 84.4352394023191
0.15, 117.16294237847043, 84.09092237876344
0.16, 117.76929256104596, 83.71022996083319
0.17, 118.3272177480178, 83.29979896228991
0.18000000000000002, 118.83677062125831, 82.86587837679018
0.19000000000000003, 119.29870198103542, 82.41425955767642
0.20000000000000004, 119.7143457523036, 81.95022862353561
0.21000000000000005, 120.08550822723035, 81.47853875208328
0.22000000000000006, 120.41436398414375, 81.00339978378688
0.23000000000000007, 120.70336027532959, 80.52848245101274
0.24000000000000007, 120.95513108032654, 80.0569345585955
0.25000000000000006, 121.172421491691, 79.59140654630738
0.26000000000000006, 121.35802264542775, 79.13408404118748
0.2700000000000001, 121.51471703237158, 78.68672523728819
0.2800000000000001, 121.64523372955594, 78.25070120293087
0.2900000000000001, 121.75221286841747, 77.82703749409417
0.3000000000000001, 121.83817850337431, 77.41645573276739
0.3100000000000001, 121.90551895191172, 77.01941407947653
0.3200000000000001, 121.95647363679923, 76.63614578102295
0.3300000000000001, 121.99312546304678, 76.26669520170931
0.34000000000000014, 122.017397797433, 75.91095094529656
0.35000000000000014, 122.03105517822524, 75.56867584402403
0.36000000000000015, 122.03570695924377, 75.23953373029592
0.37000000000000016, 122.03281317894019, 74.92311301744756
0.38000000000000017, 122.02369203603796, 74.61894720064203
0.3900000000000002, 122.0095284440378, 74.32653245029876
0.4000000000000002, 121.99138322412486, 74.04534251172308
0.4100000000000002, 121.97020257730924, 73.77484114907534
0.4200000000000002, 121.94682755042021, 73.51449238268327
0.4300000000000002, 121.92200327600142, 73.2637687689299
0.4400000000000002, 121.89638782292799, 73.02215796420609
0.45000000000000023, 121.87056054282873, 72.78916780101228
0.46000000000000024, 121.84502983759751, 72.56433008717546
0.47000000000000025, 121.82024030607363, 72.34720331990057
0.48000000000000026, 121.79657925413589, 72.1373744862549
0.49000000000000027, 121.77438257281442, 71.93446010164287
0.5000000000000002, 121.75394000440241, 71.73810661856027
0.5100000000000002, 121.73549982773397, 71.5479903198973
0.5200000000000002, 121.71927300151005, 71.36381679458522
0.5300000000000002, 121.70543680945221, 71.18532007860726
0.5400000000000003, 121.69413805371397, 71.01226153136845
0.5500000000000003, 121.68549584386842, 70.84442850610804
0.5600000000000003, 121.6796040283304, 70.68163286335385
0.01, 121.67653331359968, 70.52370936823417
0.02, 121.65657438674852, 69.50314694533415
0.03, 121.63905050109938, 68.51758027792329
0.04, 121.62555911645116, 67.56538557604728
0.05, 121.61748227953011, 66.64505462291106
0.060000000000000005, 121.61600708390829, 65.75519537991646
0.07, 121.62214400108778, 64.89453069151185
0.08, 121.63674323889407, 64.06189544696124
0.09, 121.66050929710829, 63.25623250487496
0.09999999999999999, 121.69401389666514, 62.47658764120461
0.10999999999999999, 121.73770745934695, 61.72210374216875
0.11999999999999998, 121.7919293110574, 60.992014429858635
0.12999999999999998, 121.85691677457682, 60.285637279597374
0.13999999999999999, 121.93281330809647, 59.602366763953135
0.15, 122.0196758345421, 58.94166703808371
0.16, 122.11748139431694, 58.30306466426547
0.17, 122.22613324109176, 57.68614135950965
0.18000000000000002, 122.34546648701205, 57.090526838603196
0.19000000000000003, 122.47525339046821, 56.51589181528602
0.20000000000000004, 122.61520836660851, 55.961941216194155
0.21000000000000005, 122.76499278823856, 55.428407655313336
0.22000000000000006, 122.92421963278115, 54.91504521070262
0.23000000000000007, 123.09245801966975, 54.421623539915075
0.24000000000000007, 123.26923767199817, 53.94792236565811
0.25000000000000006, 123.45405332650974, 53.493726358640295
0.26000000000000006, 123.64636910712927, 53.05882044012076
0.2700000000000001, 123.84562286925329, 52.64298552232552
0.2800000000000001, 124.0512305149427, 52.24599470056466
0.2900000000000001, 124.26259027302059, 51.86760990654652
0.3000000000000001, 124.47908693286927, 51.507579028032296
0.3100000000000001, 124.70009601643994, 51.16563349562048
0.3200000000000001, 124.92498786962084, 50.841486333122226
0.3300000000000001, 125.15313165162924, 50.534830663726716
0.34000000000000014, 125.38389919946867, 50.24533866000828
0.35000000000000014, 125.61666874367852, 49.97266092184787
0.36000000000000015, 125.8508284515508, 49.71642626258722
0.37000000000000016, 126.08577977463617, 49.476241880260375
0.38000000000000017, 126.32094057864201, 49.25169388760745
0.3900000000000002, 126.55574803566611, 49.04234817181819
0.4000000000000002, 126.78966126103097, 48.847751552619776
0.4100000000000002, 127.02216367970381, 48.667433205448596
0.4200000000000002, 127.25276511032041, 48.500906315053605
0.4300000000000002, 127.48100355809176, 48.347669923985165
0.4400000000000002, 127.70644671127523, 48.20721094003172
0.45000000000000023, 127.92869313935483, 48.07900626677263
0.46000000000000024, 128.1473731945178, 47.962525022002886
0.47000000000000025, 128.36214962136535, 47.857230809829616
0.48000000000000026, 128.5727178829855, 47.762584013707965
0.49000000000000027, 128.77880621448634, 47.678044079533606
0.5000000000000002, 128.9801754177888, 47.60307176009446
0.5100000000000002, 129.17661841386624, 47.53713129465199
0.5200000000000002, 129.367959570662, 47.47969250011816
0.5300000000000002, 129.55405382659313, 47.43023275315926
0.5400000000000003, 129.7347856308462, 47.388238845535135
0.5500000000000003, 129.91006772258453, 47.3532086980138
0.5600000000000003, 130.07983977172123, 47.3246529212327
0.5700000000000003, 130.2440669040826, 47.30209621485669
0.01, 130.40273813360938, 47.285078599262576
0.02, 130.11738904486486, 47.239728546575265
0.03, 129.86139950068107, 47.130097635589
0.04, 129.64392031333458, 46.970043479757145
0.05, 129.46924078153515, 46.772209491990864
0.060000000000000005, 129.33845865058706, 46.5471869179517
0.07, 129.25084124298579, 46.30340311611241
0.08, 129.2969106028545, 46.559419051202994
0.09, 129.3014359239132, 46.816715470303066
0.09999999999999999, 129.26693323148572, 47.0677389380996
0.10999999999999999, 129.19716294146414, 47.30615703748544
0.11999999999999998, 129.09672726725918, 47.52698349939944
0.12999999999999998, 128.97069174557166, 47.72659613265259
0.13999999999999999, 128.82425290919224, 47.902668684669216
0.15, 128.66246547429898, 48.05403993347178
0.16, 128.49003463639167, 48.18054290884595
0.17, 128.31117269497778, 48.28281484702389
0.18000000000000002, 128.12951449515515, 48.36210498959779
0.19000000000000003, 127.94808310323333, 48.42009327433673
0.20000000000000004, 127.76929557435666, 48.458728855341434
0.21000000000000005, 127.59499836444304, 48.48009362127647
0.22000000000000006, 127.42652257466135, 48.48629270367415
0.23000000000000007, 127.26475047543083, 48.47937150576751
0.01, 127.11018634840325, 48.46125705421183
0.02, 126.90387057879877, 48.43273071058727
0.03, 126.70322609564981, 48.40157626597923
0.04, 126.50771135992554, 48.368669379946496
0.05, 126.31680229626582, 48.33478683126718
0.060000000000000005, 126.13000158089646, 48.300620525428656
0.07, 125.94684537948002, 48.266789945980925
0.08, 125.76690807982888, 48.2338530034418
0.09, 125.58980546750044, 48.2023153124838
0.09999999999999999, 125.41519670457032, 48.172637978391705
0.10999999999999999, 125.2427853953234, 48.14524400402504
0.11999999999999998, 125.07231995772608, 48.12052344432692
0.12999999999999998, 124.90359346591386, 48.098837441211046
0.13999999999999999, 124.73644308557478, 48.08052127081611
0.15, 124.57074918979845, 48.06588653014976
0.16, 124.40643421638907, 48.055222582846994
0.17, 124.2434613075494, 48.04879737537767
0.18000000000000002, 124.08183275808267, 48.04685772636902
0.19000000000000003, 123.92158828782097, 48.04962918326228
0.01, 123.76280314700796, 48.057315532577434
0.02, 124.23181223567153, 48.00575396321394
0.03, 124.69627890623914, 47.929196654184196
0.04, 124.23527235271663, 48.02764686081955
0.05, 123.78100014396017, 48.1476185126816
0.060000000000000005, 123.33470046574845, 48.28897388093398
0.07, 122.89762972342776, 48.4514656241955
0.08, 122.4710512629656, 48.63473484959875
0.09, 122.0562238901879, 48.83831021900948
0.09999999999999999, 121.65439029381824, 49.06160814601156
0.10999999999999999, 121.2667654852279, 49.30393411534734
0.11999999999999998, 120.89452537340874, 49.564485141765964
0.12999999999999998, 120.53879559745467, 49.84235336983734
0.13999999999999999, 120.20064074065655, 50.13653080043223
0.15, 119.88105405008724, 50.445915113474186
0.16, 119.58094778321282, 50.76931654048483
0.17, 119.30114429858862, 51.10546572463664
0.18000000000000002, 119.04236800109466, 51.45302249077549
0.19000000000000003, 118.80523824349046, 51.81058543346385
0.20000000000000004, 118.59026327542088, 52.17670221780704
0.21000000000000005, 118.39783531852319, 52.549880475935055
0.22000000000000006, 118.22822683215674, 52.928599171778885
0.23000000000000007, 118.08158801872327, 53.31132029843919
0.24000000000000007, 117.95794560083223, 53.696500766200856
0.25000000000000006, 117.85720288498567, 54.08260433526736
0.26000000000000006, 117.77914110833524, 54.46811344569911
0.2700000000000001, 117.7234220467423, 54.85154079791635
0.2800000000000001, 117.68959184420707, 55.23144054049582
0.2900000000000001, 117.67708600608655, 55.60641892782173
0.3000000000000001, 117.68523548174812, 55.975144318361885
0.3100000000000001, 117.71327374675117, 56.33635639479036
0.3200000000000001, 117.76034478063242, 56.68887449967726
0.3300000000000001, 117.82551182418246, 57.031604994774305
0.34000000000000014, 117.90776678999087, 57.363547567757266
0.35000000000000014, 118.00604019221105, 57.68380042732337
0.36000000000000015, 118.11921145610422, 57.991564345431925
0.37000000000000016, 118.24611946506297, 58.286145523850585
0.38000000000000017, 118.38557320252193, 58.566957280646356
0.3900000000000002, 118.53636234841542, 58.83352057045795
0.4000000000000002, 118.6972676945529, 59.08546336993261
0.4100000000000002, 118.86707125031205, 59.32251897625339
0.4200000000000002, 119.04456591920204, 59.54452328189799
0.4300000000000002, 119.2285646378826, 59.751411102371755
0.4400000000000002, 119.4179088818555, 59.943211645402734
0.45000000000000023, 119.61147645596031, 60.120043219784684
0.46000000000000024, 119.80818850266705, 60.28210728956798
0.47000000000000025, 120.00701567661571, 60.42968198454853
0.48000000000000026, 120.20698344955326, 60.56311518096966
0.49000000000000027, 120.40717652541615, 60.68281726706645
0.5000000000000002, 120.60674236047198, 60.78925370663463
0.5100000000000002, 120.80489379786285, 60.88293751033594
0.5200000000000002, 121.00091083931244, 60.964421719139004
0.5300000000000002, 121.19414158893731, 61.03429199735894
0.5400000000000003, 121.38400241484825, 61.09315942444532
0.5500000000000003, 121.56997738339852, 61.14165356524402
0.5600000000000003, 121.75161702843573, 61.180415888202106
0.5700000000000003, 121.92853652369587, 61.21009359017658
0.5800000000000003, 122.10041333054046, 61.23133387542377
0.5900000000000003, 122.26698439562303, 61.24477872524901
0.6000000000000003, 122.42804297385939, 61.25106018392908
0.01, 122.58343515138306, 61.250796176101936
0.02, 122.8022533490151, 61.23567413280565
0.03, 123.01291967299525, 61.20714707296395
0.04, 123.21471112248683, 61.16656175026715
0.05, 123.40708361398083, 61.11525642676949
0.060000000000000005, 123.58965863909616, 61.0545416469946
0.07, 123.76220860713335, 60.98568407210955
0.08, 123.92464137214526, 60.90989330109389
0.09, 124.07698439342413, 60.828311542948065
0.09999999999999999, 124.2193689224057, 60.74200595368475
0.10999999999999999, 124.35201455042512, 60.65196341390385
0.01, 124.47521439267246, 60.55908749656452
0.02, 124.89247895941658, 60.202711023655816
0.03, 125.27359657261752, 59.83643179354151
0.04, 125.61998533348867, 59.46369088372463
0.05, 125.93329615788062, 59.08754896787506
0.060000000000000005, 126.21535208835691, 58.710692762708774
0.07, 126.46809387873724, 58.33544819448529
0.08, 126.69353211294602, 57.963798812068255
0.09, 126.89370588656918, 57.59740808713361
0.09999999999999999, 127.07064788786255, 57.23764437869727
0.10999999999999999, 127.22635556424142, 56.88560748951121
0.11999999999999998, 127.3627679482061, 56.54215589802349
0.12999999999999998, 127.48174763981208, 56.2079339047839
0.13999999999999999, 127.58506739701816, 55.88339808101499
0.15, 127.67440076596756, 55.5688425454934
0.16, 127.75131618576768, 55.26442272107636
0.17, 127.81727402203187, 54.970177332453574
0.18000000000000002, 127.87362601601542, 54.68604850125683
0.19000000000000003, 127.92161667771998, 54.41189987355468
0.20000000000000004, 127.96238619845653, 54.147532778651325
0.21000000000000005, 127.99697450818594, 53.89270046809655
0.22000000000000006, 128.02632615317978, 53.64712052129839
0.23000000000000007, 128.05129571836054, 53.4104855306784
0.24000000000000007, 128.0726535647659, 53.18247219654906
0.25000000000000006, 128.0910916950258, 52.96274897142534
0.26000000000000006, 128.10722959799446, 52.75098239682168
0.2700000000000001, 128.12161995747948, 52.54684227411203
0.2800000000000001, 128.13475413932554, 52.35000580596823
0.2900000000000001, 128.14706739608113, 52.16016083729317
0.3000000000000001, 128.15894374936593, 51.97700831531275
0.3100000000000001, 128.1707205272032, 51.800264078302725
0.3200000000000001, 128.18269254737402, 51.629660071871484
0.3300000000000001, 128.1951159486886, 51.46494508123147
0.01, 128.20821168035317, 51.30588505778719
0.02, 128.2361247765067, 51.136364318472296
0.03, 128.2770603059906, 50.97116117217596
0.04, 128.330222423188, 50.81143460978856
0.05, 128.39472299764165, 50.65821078891071
0.060000000000000005, 128.46960097563755, 50.51237886030156
0.07, 128.55384125011986, 50.37468925849588
0.01, 128.64639277422287, 50.24575427544254
0.02, 128.74847703963113, 50.11754805709917
0.01, 128.8538827109723, 49.99785991071507
0.02, 128.965662204585, 49.8812984359086
0.01, 129.07878103849643, 49.77291316890305
0.02, 129.202436375261, 49.6618275727429
0.03, 129.32538363914742, 49.55834175657183
0.01, 129.4473899168484, 49.46220801087713
0.02, 129.5758122360515, 49.36596562041854
