0.01, 20.0, 100.0
0.01, 20.0, 100.0
0.02, 22.100713552689363, 99.91631864277369
0.03, 24.119719313498006, 99.75708855738642
0.04, 26.05673911154279, 99.530114788928
0.05, 27.912020206590405, 99.24284525094976
0.060000000000000005, 29.686279684203623, 98.90234789696896
0.07, 31.380649814365565, 98.5152941986096
0.08, 32.996624968767925, 98.08794846352751
0.09, 34.5360106021252, 97.62616248649316
0.09999999999999999, 36.00087471381487, 97.13537500110553
0.10999999999999999, 37.39350211968967, 96.62061538655466
0.11999999999999998, 38.716351781629136, 96.08651108240524
0.12999999999999998, 39.972017365566664, 95.53729817316575
0.13999999999999999, 41.163191128324954, 94.9768346219769
0.15, 42.29263117031293, 94.40861565760709
0.16, 43.363132035408576, 93.83579084960245
0.17, 44.37749859135845, 93.2611824414794
0.18000000000000002, 45.33852308373363, 92.68730454993016
0.19000000000000003, 46.2489652236755, 92.11638287791014
0.20000000000000004, 47.11153514397368, 91.55037463009575
0.21000000000000005, 47.92887903895125, 90.9909883595874
0.22000000000000006, 48.70356729061189, 90.4397035140821
0.23000000000000007, 49.4380848758918, 89.8977894873915
0.24000000000000007, 50.13482384698658, 89.36632401762282
0.25000000000000006, 50.796077677912734, 88.84621080618541
0.26000000000000006, 51.42403727504791, 88.33819626178044
0.2700000000000001, 52.02078845673503, 87.84288530052106
0.2800000000000001, 52.58831071653505, 87.36075615726493
0.2900000000000001, 53.12847709582212, 86.89217418414249
0.3000000000000001, 53.6430550036412, 86.43740463022593
0.3100000000000001, 54.13370783465717, 85.99662441144744
0.3200000000000001, 54.60199724924345, 85.56993289242222
0.3300000000000001, 55.0493859929716, 85.15736171196956
0.34000000000000014, 55.47724114571371, 84.75888369207894
0.35000000000000014, 55.886837703051064, 84.3744208760682
0.36000000000000015, 56.27936240453805, 84.00385174596005
0.37000000000000016, 56.65591773448575, 83.64701767188727
0.38000000000000017, 57.01752603122832, 83.3037286478412
0.3900000000000002, 57.36513365027319, 82.9737683685045
0.4000000000000002, 57.69961513529625, 82.65689870144412
0.4100000000000002, 58.02177735863172, 82.35286360775133
0.4200000000000002, 58.332363599745136, 82.06139256245405
0.4300000000000002, 58.632057536205636, 81.7822035238251
0.4400000000000002, 58.92148712693593, 81.51500549818363
0.45000000000000023, 59.20122837207017, 81.25950074403455
0.46000000000000024, 59.47180893764924, 81.01538665649761
0.47000000000000025, 59.733711636690124, 80.7823573700112
0.48000000000000026, 59.98737776094219, 80.56010511431643
0.49000000000000027, 60.23321025994756, 80.34832135577793
0.5000000000000002, 60.4715767659126, 80.1466977532184
0.5100000000000002, 60.70281246442709, 79.95492695466065
0.5200000000000002, 60.92722281228777, 79.77270325870595
0.5300000000000002, 61.145086104639255, 79.59972316174655
0.5400000000000003, 61.35665589438065, 79.43568580982249
0.5500000000000003, 61.562163267338555, 79.28029337169573
0.5600000000000003, 61.761818977109115, 79.13325134763156
0.5700000000000003, 61.955815443754204, 78.99426882644696
0.5800000000000003, 62.14432862072387, 78.86305870160953
0.5900000000000003, 62.32751973449166, 78.7393378555429
0.6000000000000003, 62.50553690144897, 78.62282731981286
0.6100000000000003, 62.67851662662468, 78.51325241752777
0.6200000000000003, 62.8465851887894, 78.41034289308003
0.6300000000000003, 63.00985991647904, 78.31383303327827
0.6400000000000003, 63.168450359438104, 78.22346178296513
0.6500000000000004, 63.32245935994442, 78.13897285737634
0.6600000000000004, 63.47198402843749, 78.06011485276753
0.6700000000000004, 63.6171166278354, 77.98664135620767
0.01, 63.757945370890624, 77.91831105490779
0.02, 64.14950122458256, 77.77775604505656
0.03, 64.548486848814, 77.67989557984127
0.04, 64.94921396586359, 77.6237125199587
0.05, 65.34650310189815, 77.60746762173603
0.060000000000000005, 65.73575160472066, 77.62883009954014
0.07, 66.11297550742421, 77.68500751345715
0.08, 66.4748277873667, 77.77287083715832
0.09, 66.81859599988685, 77.88907138613685
0.09999999999999999, 67.14218251703586, 78.03014710002397
0.10999999999999999, 67.44407069268766, 78.1926164465844
0.11999999999999998, 67.72328022874775, 78.37305892674193
0.12999999999999998, 67.97931485658633, 78.56818179258053
0.13999999999999999, 68.21210519783139, 78.77487313214871
0.15, 68.42194935362515, 78.99024191976164
0.16, 68.60945341460075, 79.21164597688508
0.17, 68.77547370647875, 79.4367090394112
0.18000000000000002, 68.92106220704422, 79.66332828856888
0.19000000000000003, 69.04741620505435, 79.88967378398043
0.20000000000000004, 69.1558329327748, 80.11418124953963
0.21000000000000005, 69.24766960045332, 80.33553961800077
0.22000000000000006, 69.32430899900365, 80.55267465094379
0.23000000000000007, 69.38713061944452, 80.76472982930858
0.24000000000000007, 69.43748706461164, 80.97104556731517
0.25000000000000006, 69.4766853986231, 81.1711376493961
0.26000000000000006, 69.50597298919764, 81.36467563433781
0.2700000000000001, 69.52652734273423, 81.5514618200914
0.2800000000000001, 69.53944940691055, 81.73141122193616
0.2900000000000001, 69.54575981502032, 81.90453288954988
0.3000000000000001, 69.54639756497029, 82.07091277731203
0.01, 69.54222065874104, 82.23069828786049
0.02, 69.49328369375878, 82.57943236480911
0.03, 69.4096325654512, 82.9097311116011
0.04, 69.29618209140123, 83.2185805615288
0.05, 69.15781477447094, 83.50401008667596
0.060000000000000005, 68.99921217233776, 83.76496776836383
0.07, 68.82473038725071, 84.00118159055047
0.08, 68.63831623493896, 84.2130168830548
0.09, 68.44345905052629, 84.40133818847285
0.09999999999999999, 68.24317221828815, 84.5673814846949
0.10999999999999999, 68.03999825045884, 84.71264062491112
0.11999999999999998, 67.83603144997073, 84.8387700651825
0.12999999999999998, 67.63295273361466, 84.94750449259189
0.13999999999999999, 67.43207193721008, 85.04059485962655
0.15, 67.2343737635392, 85.11975955600654
0.16, 67.04056438079469, 85.1866489693223
0.17, 66.85111647195713, 85.24282145006894
0.18000000000000002, 66.66631123415394, 85.28972865015187
0.19000000000000003, 66.48627641116333, 85.3287082935672
0.20000000000000004, 66.3110199064435, 85.36098261634037
0.21000000000000005, 66.14045887389535, 85.38766094053817
0.22000000000000006, 65.97444443146007, 85.40974509364293
0.23000000000000007, 65.81278230470491, 85.42813662769206
0.01, 65.65524980094717, 85.44364501777095
0.02, 65.05967515673163, 85.44356425531176
0.03, 64.49035847897356, 85.39079405632624
0.04, 63.95006515289517, 85.293173119319
0.05, 63.44012004940332, 85.1579881101923
0.060000000000000005, 62.960695744304005, 84.99183586588032
0.07, 62.51107852091596, 84.8005571051107
0.08, 62.08990286206912, 84.58922503136932
0.09, 61.695350202579775, 84.36217346310798
0.09999999999999999, 61.32531150077184, 84.12305120788827
0.10999999999999999, 60.97751577605697, 83.87489184671368
0.11999999999999998, 60.649628321931374, 83.62019056867648
0.12999999999999998, 60.33932305541617, 83.36098196756579
0.13999999999999999, 60.0443336239946, 83.0989146551019
0.15, 59.76248765682145, 82.83532011165205
0.16, 59.491728080722204, 82.57127439044925
0.17, 59.23012484649773, 82.307652154224
0.18000000000000002, 58.97587981359008, 82.04517310861536
0.19000000000000003, 58.72732697618852, 81.78444126364289
0.20000000000000004, 58.482929711905555, 81.52597765820657
0.21000000000000005, 58.24127630822727, 81.27024727067504
0.22000000000000006, 58.00107467342075, 81.01768084957891
0.23000000000000007, 57.761146861916544, 80.7686923616326
0.24000000000000007, 57.520423830313504, 80.52369269113704
0.25000000000000006, 57.27794067880524, 80.28310015004132
0.26000000000000006, 57.03283251394222, 80.04734828122542
0.2700000000000001, 56.78433098315366, 79.81689136478822
0.2800000000000001, 56.53176147162076, 79.59220797149968
0.2900000000000001, 56.274540911578256, 79.37380285052214
0.3000000000000001, 56.01217612788962, 79.1622073902956
0.3100000000000001, 56.280089627880216, 79.36643592888547
0.3200000000000001, 56.00727991381047, 79.16786338708016
0.3300000000000001, 55.73040328413069, 78.97648699429693
0.34000000000000014, 55.44907824561414, 78.7928710193036
0.35000000000000014, 55.16301362552479, 78.61759532130883
0.36000000000000015, 54.87200740980015, 78.45125297980763
0.37000000000000016, 55.168069142015476, 78.60805888128819
0.38000000000000017, 54.867391514145794, 78.4589402157894
0.3900000000000002, 54.563433016732844, 78.31890529709565
0.4000000000000002, 54.25608000042248, 78.18853589190425
0.4100000000000002, 53.94530690710142, 78.06841077781844
0.4200000000000002, 53.631174374793034, 77.95910192579832
0.4300000000000002, 53.31382717931209, 77.86117012044495
0.4400000000000002, 52.993491946349984, 77.77516013191969
0.45000000000000023, 52.67047457378378, 77.7015955457038
0.46000000000000024, 52.34515731131163, 77.64097335061227
0.47000000000000025, 52.017995452709236, 77.59375838102714
0.48000000000000026, 51.689513604850745, 77.560377705801
0.49000000000000027, 51.36030150696853, 77.54121505334669
0.5000000000000002, 51.03100938329739, 77.53660535976616
0.5100000000000002, 50.70234282213833, 77.54682952421706
0.5200000000000002, 50.375057184372146, 77.5721094528482
0.5300000000000002, 50.049951554443126, 77.61260346936692
0.5400000000000003, 49.72786225670629, 77.66840216648328
0.5500000000000003, 49.409655969671746, 77.7395247679877
0.5600000000000003, 49.0962224799645, 77.82591606597458
0.5700000000000003, 48.788467126621576, 77.9274439916662
0.5800000000000003, 48.487302994539775, 78.04389787139353
0.5900000000000003, 48.19364292333449, 78.17498741155413
0.6000000000000003, 47.90839140444117, 78.32034244782277
0.6100000000000003, 47.63243644485851, 78.47951348459692
0.6200000000000003, 47.36664148037529, 78.65197304069986
0.6300000000000003, 47.111837424330886, 78.83711780684916
0.6400000000000003, 46.86881493983709, 79.03427160946123
0.6500000000000004, 46.63831702385743, 79.24268916415477
0.6600000000000004, 46.421031990543256, 79.46156059101139
0.6700000000000004, 46.21758693872973, 79.69001665243341
0.6800000000000004, 46.028541784494934, 79.92713466350483
0.6900000000000004, 45.85438393420268, 80.17194501431263
0.7000000000000004, 45.6955236665392, 80.42343823392618
0.7100000000000004, 45.5522902837986, 80.68057251686142
0.7200000000000004, 45.42492908318752, 80.94228162506494
0.7300000000000004, 45.31359918835076, 81.20748307191724
0.7400000000000004, 45.218372269838774, 81.47508648963169
0.7500000000000004, 45.139232171044306, 81.74400207784831
0.7600000000000005, 45.076075443446825, 82.01314902929485
0.7700000000000005, 45.02871278205824, 82.28146382818245
0.7800000000000005, 44.99687133900835, 82.54790831855657
0.7900000000000005, 44.98019788049983, 82.811477443134
0.8000000000000005, 44.978262740154015, 83.07120655818383
0.8100000000000005, 44.9905645103091, 83.32617823667329
0.8200000000000005, 45.016535402357185, 83.57552848008265
0.8300000000000005, 45.055547197932405, 83.8184522688415
0.8400000000000005, 45.10691770488028, 84.05420839206484
0.8500000000000005, 45.16991762561008, 84.28212350895795
0.8600000000000005, 45.243777740782626, 84.50159540667238
0.8700000000000006, 45.32769630840337, 84.7120954322775
0.8800000000000006, 45.420846577320646, 84.91317008959446
0.8900000000000006, 45.52238431487457, 85.10444180465134
0.9000000000000006, 45.63145525096396, 85.28560887619138
0.9100000000000006, 45.747202345015026, 85.4564446397444
0.9200000000000006, 45.868772788126066, 85.61679588501381
0.9300000000000006, 45.99532465986976, 85.76658057652149
0.9400000000000006, 46.12603316767224, 85.90578493640508
0.9500000000000006, 46.26009640614149, 86.03445995582197
0.9600000000000006, 46.396740583955484, 86.1527174074671
0.9700000000000006, 46.535224676697, 86.26072543618199
0.9800000000000006, 46.674844475087994, 86.35870380748571
0.9900000000000007, 46.81493600918224, 86.44691889510031
1.0000000000000007, 46.954878339981846, 86.52567848822055
0.01, 47.094095720425535, 86.59532649747123
0.02, 47.62740950446031, 86.80610976811651
0.03, 48.165952723075655, 86.96739870234498
0.04, 48.7042756230778, 87.08081041086723
0.05, 49.237444389465324, 87.14851774641387
0.060000000000000005, 49.76107713480194, 87.1731448111738
0.07, 50.271362935968895, 87.15766550113841
0.08, 50.76506571378689, 87.10530725031562
0.09, 51.23951491981474, 87.01946169666886
0.09999999999999999, 51.69258508367873, 86.90360356074956
0.10999999999999999, 52.12266629101055, 86.76121861882604
0.11999999999999998, 52.52862761532915, 86.5957412744924
0.12999999999999998, 52.90977542686638, 86.41050189383101
0.13999999999999999, 53.26580835787511, 86.20868377460648
0.15, 53.59677052800109, 85.99328937294217
0.16, 53.90300443523031, 85.76711521267588
0.17, 54.18510470751243, 85.53273475244228
0.18000000000000002, 54.44387369626356, 85.29248838119797
0.19000000000000003, 54.68027968327306, 85.04847965077619
0.20000000000000004, 54.89541827348218, 84.80257682951284
0.21000000000000005, 55.09047736269021, 84.55641886872591
0.22000000000000006, 55.26670590511826, 84.31142490819823
0.23000000000000007, 55.4253865632409, 84.06880650207856
0.24000000000000007, 55.567812202495304, 83.8295818172228
0.25000000000000006, 55.69526609645203, 83.59459113677504
0.26000000000000006, 55.809005632960954, 83.36451308809694
0.2700000000000001, 55.91024925715991, 83.139881101993
0.2800000000000001, 56.000166351042594, 82.92109969623722
0.2900000000000001, 56.07986972919564, 82.70846025807727
0.3000000000000001, 56.150410423841684, 82.50215607574788
0.3100000000000001, 56.212774436952394, 82.30229643676893
0.3200000000000001, 56.2678811504997, 82.10891967019384
0.3300000000000001, 56.31658310564475, 81.92200506074478
0.34000000000000014, 56.359666885807684, 81.74148360504223
0.35000000000000014, 56.3978548653683, 81.56724761432446
0.36000000000000015, 56.43180761375619, 81.39915919478763
0.37000000000000016, 56.46212677271466, 81.2370576567326
0.01, 56.489358251652554, 81.08076591792369
0.02, 56.53044740091695, 80.8595899649995
0.03, 56.57285064378098, 80.64627882798696
0.04, 56.61670998394837, 80.44059502419181
0.05, 56.662135717148594, 80.24231966156016
0.060000000000000005, 56.70920913342947, 80.05125110218808
0.07, 56.757984991150884, 79.86720353744383
0.08, 56.808493791274394, 79.69000550699226
0.09, 56.86074387834963, 79.51949838956139
0.09999999999999999, 56.914723392179006, 79.3555348894417
0.10999999999999999, 56.97040209159415, 79.19797753937205
0.11999999999999998, 57.02773306918022, 79.04669723756285
0.01, 57.08665437320072, 78.90157183406502
0.02, 57.16051447285064, 78.73204469816724
0.03, 57.236281008006685, 78.56977600462568
0.04, 57.3138159809112, 78.41463963106992
0.05, 57.39297093330882, 78.26651092540925
0.060000000000000005, 57.47358854428438, 78.125265477346
0.01, 57.555504181228656, 77.99077802297141
0.02, 57.67772137256056, 77.78061921886028
0.03, 57.79131984811533, 77.57663684623894
0.04, 57.89710814599924, 77.37888956696847
0.05, 57.99583908975775, 77.18739112246308
0.060000000000000005, 58.0882108901338, 77.00211768990992
0.07, 58.174868722483964, 76.82301446597
0.08, 58.256406666706496, 76.65000150900464
0.09, 58.333369911705105, 76.48297887911417
0.09999999999999999, 58.40625714078759, 76.32183112097793
0.10999999999999999, 58.475523027761916, 76.16643113803526
0.11999999999999998, 58.54158078570415, 76.01664350831848
0.01, 58.604804721357866, 75.87232729258079
0.02, 58.687625469848825, 75.64767999007391
0.03, 58.75480327916798, 75.42761932562668
0.04, 58.80779992687652, 75.21304696637681
0.05, 58.84804924207611, 75.00464966198591
0.060000000000000005, 58.87693598526008, 74.8029230582701
0.07, 58.89577987403947, 74.60819564080948
0.08, 58.90582418384969, 74.42065210036901
0.09, 58.908228318300516, 74.24035558004648
0.09999999999999999, 58.90406374000662, 74.06726841624973
0.10999999999999999, 58.89431267288829, 73.90127111887422
0.01, 58.8798690247771, 73.74217944897032
0.02, 58.856343916273055, 73.54585906043742
0.03, 58.82882234760695, 73.35776206741178
0.04, 58.798132517672535, 73.17750626281958
0.05, 58.76501119053435, 73.00469065614945
0.060000000000000005, 58.730111004217136, 72.83890559302873
0.07, 58.69400786179825, 72.67974105435948
0.01, 58.65720819654281, 72.5267933418847
0.02, 58.622291392220795, 72.34935983515425
0.03, 58.59548609733579, 72.17420934044354
0.04, 58.57663196682589, 72.00166630000359
0.05, 58.565542815140624, 71.83205383188347
0.060000000000000005, 58.56200699541044, 71.66569044833564
0.07, 58.56578808468166, 71.50288690071156
0.01, 58.57662586499084, 71.34394317904913
0.02, 58.59978630244782, 71.12562979614006
0.03, 58.63048247115531, 70.91378347083409
0.04, 58.66838326081034, 70.70858285062187
0.05, 58.71313845748316, 70.51019627619526
0.060000000000000005, 58.76438049994439, 70.31877905911121
0.07, 58.821726414391506, 70.13447103085068
0.08, 58.8847799065514, 69.95739437673868
0.09, 58.953133587214786, 69.78765176558488
0.09999999999999999, 59.02637130490113, 69.6253247829792
0.10999999999999999, 59.10407055757504, 69.47047267300043
0.11999999999999998, 59.18580495414477, 69.32313138974384
0.12999999999999998, 59.27114669587057, 69.18331295662267
0.01, 59.35966904778396, 69.05100512792617
0.02, 59.45346810512417, 68.92101075972244
0.01, 59.548821809986855, 68.79831832623701
0.02, 59.65237768727131, 68.67079027449599
0.01, 59.75503463189908, 68.54988671837634
0.02, 59.86158862818005, 68.4280224621588
0.01, 59.966069716063785, 68.31213575184563
0.02, 60.0750983841829, 68.19281914155282
0.01, 60.180900598543765, 68.07877610995419
0.02, 60.29068770035122, 67.96114961626753
0.01, 60.39674006487723, 67.84842077480502
0.02, 60.50733423626546, 67.73046023919488
