0.01, 10.0, 10.0
0.01, 10.0, 10.0
0.02, 12.503462551378455, 10.112584429854559
0.03, 14.910262420892927, 10.326931983599575
0.04, 17.21888455516911, 10.632579301810692
0.05, 19.428652870792714, 11.019480604280382
0.060000000000000005, 21.539647383830758, 11.478055854058969
0.07, 23.552621606922877, 11.999228045358734
0.08, 25.46892136846002, 12.574450326808506
0.09, 27.29040604919733, 13.195723762647189
0.09999999999999999, 29.019373071293213, 13.85560659874255
0.10999999999999999, 30.6584863171031, 14.547215939493938
0.11999999999999998, 32.210709003426174, 15.264222757875281
0.12999999999999998, 33.67924139407637, 16.000841156599638
0.13999999999999999, 35.067463601809685, 16.751812776371064
0.15, 36.37888361139458, 17.512387210284395
0.16, 37.61709055001678, 18.278299234504065
0.17, 38.78571313981086, 19.045743607191593
0.18000000000000002, 39.88838319020138, 19.81134812290052
0.19000000000000003, 40.9287039246169, 20.572145540753755
0.20000000000000004, 41.91022288638443, 21.325544933846317
0.21000000000000005, 42.83640913133827, 22.069302936382815
0.22000000000000006, 43.71063438880895, 22.801495295677384
0.23000000000000007, 44.53615785699217, 23.52048906963183
0.24000000000000007, 45.31611429195659, 24.224915747697406
0.25000000000000006, 46.05350505043295, 24.9136455153777
0.26000000000000006, 46.75119175375595, 25.58576282955859
0.2700000000000001, 47.411892252676395, 26.240543424650216
0.2800000000000001, 48.03817858907979, 26.877432827798874
0.2900000000000001, 48.63247666989019, 27.496026425218773
0.3000000000000001, 49.19706738967125, 28.096051090820055
0.3100000000000001, 49.73408896084248, 28.67734836248673
0.3200000000000001, 50.24554023331079, 29.239859130229416
0.3300000000000001, 50.73328480809614, 29.78360978359741
0.34000000000000014, 51.19905577173545, 30.308699752749018
0.35000000000000014, 51.644460899515884, 30.815290368004923
0.36000000000000015, 52.07098819564199, 31.303594956106604
0.37000000000000016, 52.48001165709153, 31.773870087347166
0.38000000000000017, 52.87279716503955, 32.22640788583505
0.3900000000000002, 53.25050842327014, 32.661529315022534
0.4000000000000002, 53.61421287693833, 33.07957835194451
0.4100000000000002, 53.96488755741923, 33.480916966068925
0.4200000000000002, 54.30342480984672, 33.86592082199345
0.4300000000000002, 54.63063786938187, 34.234975629206005
0.4400000000000002, 54.947266260359584, 34.588474066562746
0.45000000000000023, 55.25398099934875, 34.9268132138635
0.46000000000000024, 55.55138958894041, 35.250392427784966
0.47000000000000025, 55.840040793864745, 35.55961160435681
0.48000000000000026, 56.12042919494457, 35.85486977504724
0.49000000000000027, 56.392999519530264, 36.13656398829512
0.5000000000000002, 56.65815074953186, 36.405088432933574
0.5100000000000002, 56.91624001006545, 36.66083376435788
0.5200000000000002, 57.167586243152016, 36.90418659847284
0.5300000000000002, 57.412473671928446, 37.13552914239447
0.5400000000000003, 57.65115506152456, 37.35523893456966
0.5500000000000003, 57.883854783192234, 37.56368867041153
0.5600000000000003, 58.110771688498026, 37.761246092728804
0.5700000000000003, 58.33208180045954, 37.9482739291599
0.5800000000000003, 58.54794082845846, 38.12512986151222
0.5900000000000003, 58.758486513636065, 38.29216651436398
0.6000000000000003, 58.96384081129874, 38.449731452518584
0.6100000000000003, 59.16411191665504, 38.59816717892031
0.6200000000000003, 59.35939613999175, 38.73781112645514
0.6300000000000003, 59.54977963718748, 38.86899563868273
0.6400000000000003, 59.73534000127006, 38.99204793598431
0.6500000000000004, 59.91614772055522, 39.107290064877475
0.6600000000000004, 60.092267508762596, 39.21503882935188
0.6700000000000004, 60.263759512393975, 39.315605704029636
0.6800000000000004, 60.43068040057663, 39.40929672975989
0.6900000000000004, 60.5930843425205, 39.49641239292861
0.7000000000000004, 60.75102387770885, 39.577247490310256
0.7100000000000004, 60.9045506839336, 39.65209098171751
0.7200000000000004, 61.05371624829437, 39.721225833027724
0.01, 61.198572446299735, 39.7849288523884
0.02, 61.72864012804072, 39.95016430536357
0.03, 62.26750937094736, 40.05564147862021
0.04, 62.80699395894988, 40.10298756410532
0.05, 63.33968338759194, 40.09489530092285
0.060000000000000005, 63.85904508654307, 40.03492034201321
0.07, 64.359484988919, 39.92728020503329
0.08, 64.83637073985729, 39.77666158311239
0.09, 65.28602254707934, 39.58804136912112
0.09999999999999999, 65.70567706922795, 39.36652535414037
0.10999999999999999, 66.0934298516568, 39.1172072468367
0.11999999999999998, 66.44816169633147, 38.84504946459533
0.12999999999999998, 66.76945403730899, 38.55478609805371
0.13999999999999999, 67.0574979312496, 38.25084756633112
0.15, 67.31300070777827, 37.93730576929789
0.16, 67.53709369865999, 37.61783800548351
0.17, 67.73124381491479, 37.295707552007116
0.18000000000000002, 67.89717109919097, 36.973758582508616
0.19000000000000003, 68.03677377305078, 36.65442301226718
0.20000000000000004, 68.15206174522453, 36.33973688542914
0.21000000000000005, 68.24509906114412, 36.031364035060754
0.22000000000000006, 68.31795536421535, 35.73062493009794
0.23000000000000007, 68.3726661082406, 35.43852885280316
0.24000000000000007, 68.41120100675347, 35.15580780667766
0.25000000000000006, 68.43544002394675, 34.882950821150715
0.26000000000000006, 68.44715609604762, 34.62023758198562
0.2700000000000001, 68.44800371250524, 34.36777056450611
0.2800000000000001, 68.43951247349746, 34.12550507276661
0.2900000000000001, 68.42308476422268, 33.89327678674271
0.3000000000000001, 68.39999673784564, 33.67082658900129
0.3100000000000001, 68.37140186927596, 33.45782258162199
0.3200000000000001, 68.33833642373989, 33.25387931444906
0.3300000000000001, 68.30172627115536, 33.05857432925691
0.34000000000000014, 68.26239456469925, 32.87146218406181
0.35000000000000014, 68.22106988593733, 32.6920861609565
0.36000000000000015, 68.17839453684668, 32.519987882961914
0.37000000000000016, 68.13493272932934, 32.354715073867034
0.38000000000000017, 68.09117848451811, 32.195827693009356
0.01, 68.04756310706169, 32.04290266723746
0.02, 67.85046720035548, 31.544256435730688
0.03, 67.61640882033369, 31.084019951279917
0.04, 67.35259332603735, 30.66322809545176
0.05, 67.06564019863464, 30.28180927294687
0.060000000000000005, 66.76148454882014, 29.938803950627758
0.07, 66.44532818788649, 29.632570862048553
0.08, 66.12163097595895, 29.36097375976486
0.09, 65.79413321197504, 29.12154446518253
0.09999999999999999, 65.46590045411646, 28.91162036300774
0.10999999999999999, 65.13938316050192, 28.728456370153893
0.11999999999999998, 64.8164847456035, 28.569312784576503
0.12999999999999998, 64.4986329173456, 28.431521332357047
0.13999999999999999, 64.18685038722334, 28.312532248902855
0.15, 63.88182215885261, 28.20994543064256
0.16, 63.58395755693493, 28.12152865641658
0.17, 63.29344594104563, 28.04522567632765
0.18000000000000002, 63.01030565780428, 27.979156663334773
0.19000000000000003, 62.73442623438132, 27.92161317027518
0.20000000000000004, 62.465604126940086, 27.87104937066051
0.21000000000000005, 62.203572533839946, 27.826071012299145
0.22000000000000006, 61.948025889812925, 27.785423195422386
0.23000000000000007, 61.69863969664316, 27.747977810510925
0.24000000000000007, 61.455086337904135, 27.71272123851024
0.25000000000000006, 61.217047486328326, 27.678742726598703
0.26000000000000006, 60.984223655167646, 27.64522370258925
0.2700000000000001, 60.7563413789961, 27.61142817549909
0.2800000000000001, 60.533158441581065, 27.576694283405658
0.2900000000000001, 60.314467503222815, 27.540426987095586
0.3000000000000001, 60.10009842009517, 27.502091864318068
0.3100000000000001, 59.88991949507686, 27.46120993040764
0.3200000000000001, 59.68383785388509, 27.417353393062708
0.3300000000000001, 59.48179910193826, 27.370142239246583
0.34000000000000014, 59.28378638582792, 27.31924154822161
0.35000000000000014, 59.089818957902985, 27.264359424869486
0.36000000000000015, 58.89995032249783, 27.205245450370246
0.37000000000000016, 58.714266026991936, 27.14168955204313
0.38000000000000017, 58.53288114942402, 27.07352120000993
0.3900000000000002, 58.35593752611235, 27.00060884485355
0.4000000000000002, 58.18360075703955, 26.9228595172993
0.4100000000000002, 58.016057023106505, 26.84021851794665
0.4200000000000002, 57.853509747279595, 26.752669132106963
0.4300000000000002, 57.69617613074979, 26.660232311795973
0.4400000000000002, 57.54428359515244, 26.56296627385774
0.45000000000000023, 57.398066162376324, 26.460965970049934
0.46000000000000024, 57.257760804279215, 26.35436239169597
0.47000000000000025, 57.123603795523195, 26.243321678206925
0.48000000000000026, 56.995827103578385, 26.128044005390333
0.49000000000000027, 56.87465485058161, 26.008762235982058
0.5000000000000002, 56.76029988206388, 25.885740321240867
0.5100000000000002, 56.65296047749038, 25.759271448703714
0.5200000000000002, 56.55281723702122, 25.62967593727448
0.5300000000000002, 56.460030177854534, 25.497298886663454
0.01, 56.374736071926414, 25.362507593756394
0.02, 55.968610350863564, 24.740088317135214
0.03, 55.552589845671186, 24.12520833577814
0.04, 55.98034173315674, 24.73185032717146
0.05, 55.54340443319028, 24.130944983912574
0.060000000000000005, 55.09682047990099, 23.538570990739096
0.07, 55.5547995659964, 24.121620228072914
0.08, 55.08744587891662, 23.544735084353604
0.09, 54.61087279792325, 22.977367746183695
0.09999999999999999, 54.123422190005925, 22.420398345847904
0.10999999999999999, 54.62322047850679, 22.966004726105275
0.11999999999999998, 54.113215937636205, 22.428686335310474
0.12999999999999998, 53.59343543539326, 21.902819579863277
0.13999999999999999, 53.0624862782024, 21.389436106173147
0.15, 53.60580534889296, 21.88923223353754
0.16, 53.05190874617683, 21.399587118322156
0.17, 52.48853217517866, 20.923421104987693
0.18000000000000002, 51.9145413619867, 20.461882066437887
0.19000000000000003, 51.32899755142696, 20.016172666079196
0.20000000000000004, 51.926839844771116, 20.44479814116948
0.21000000000000005, 51.31826504550655, 20.029595573414532
0.22000000000000006, 50.70080474660568, 19.631013479991555
0.23000000000000007, 50.0737535795787, 19.25030766796163
0.24000000000000007, 49.436602988350465, 18.888761182256864
0.25000000000000006, 48.78903858422077, 18.547678177466327
0.26000000000000006, 49.447139593818086, 18.86698026911928
0.2700000000000001, 48.7792411935131, 18.565312766228036
0.2800000000000001, 48.104785047424535, 18.284278476463516
0.2900000000000001, 47.42363668353157, 18.025136251774736
0.3000000000000001, 46.73585194929954, 17.789129342661063
0.3100000000000001, 46.04167234504923, 17.57747666389055
0.3200000000000001, 45.34151991168571, 17.391362957416877
0.3300000000000001, 44.63599154043343, 17.2319280990385
0.34000000000000014, 43.92585258654136, 17.10025577990993
0.35000000000000014, 43.21202968563555, 16.99736178200423
0.36000000000000015, 42.495602689885104, 16.924182057093322
0.37000000000000016, 41.77779566093603, 16.881560810928388
0.38000000000000017, 41.05996687728062, 16.870238787346416
0.3900000000000002, 40.34359783505371, 16.89084194037989
0.4000000000000002, 39.630281242903585, 16.943870675577553
0.4100000000000002, 38.9217080333128, 17.029689834212725
0.4200000000000002, 38.21965343428543, 17.1485195854991
0.4300000000000002, 37.52596216641193, 17.300427382064665
0.4400000000000002, 36.84253285070121, 17.485321122535694
0.45000000000000023, 36.17130173195674, 17.70294365200693
0.46000000000000024, 35.51422584058324, 17.952868716340006
0.47000000000000025, 34.87326573225752, 18.23449846962356
0.48000000000000026, 34.250367959593916, 18.54706261579249
0.49000000000000027, 33.64744744250304, 18.889619245448777
0.5000000000000002, 33.06636991411896, 19.261057407519317
0.5100000000000002, 32.50893462671015, 19.660101432750267
0.5200000000000002, 31.976857506682368, 20.08531700244652
0.5300000000000002, 31.47175494944975, 20.535118931640167
0.5400000000000003, 30.99512844346285, 21.007780611373935
0.5500000000000003, 30.548350207958254, 21.501445030408515
0.5600000000000003, 30.132650021010388, 22.014137272824907
0.5700000000000003, 29.749103403259824, 22.543778365127977
0.5800000000000003, 29.398621308367066, 23.088200325004035
0.5900000000000003, 29.08194145396575, 23.645162244276055
0.6000000000000003, 28.799621406901167, 24.212367221251107
0.6100000000000003, 28.552033514140128, 24.787479942952675
0.6200000000000003, 28.339361746289452, 25.368144706023845
0.6300000000000003, 28.161600494580593, 25.952003656672996
0.6400000000000003, 28.01855533493391, 26.536715025149455
0.6500000000000004, 27.90984574481263, 27.119971129051272
0.6600000000000004, 27.83490973054683, 27.699515922374545
0.6700000000000004, 27.793010295200702, 28.273161873625963
0.6800000000000004, 27.783243650423405, 28.838805966466655
0.6900000000000004, 27.804549050605594, 29.394444630079875
0.7000000000000004, 27.85572010457569, 29.938187423519125
0.7100000000000004, 27.935417399488934, 30.46826931837882
0.7200000000000004, 28.042182253913584, 30.98306144684627
0.7300000000000004, 28.17445140276344, 31.481080207087413
0.7400000000000004, 28.330572405952463, 31.960994644481968
0.7500000000000004, 28.50881956566035, 32.421632054909075
0.7600000000000005, 28.7074101340153, 32.86198178451773
0.7700000000000005, 28.924520593846413, 33.281197228612456
0.7800000000000005, 29.158302799866004, 33.67859605986213
0.7900000000000005, 29.406899776052995, 34.05365874243732
0.8000000000000005, 29.668460976877615, 34.40602541337223
0.8100000000000005, 29.9411568350113, 34.73549123495273
0.8200000000000005, 30.223192435911002, 35.04200034183549
0.8300000000000005, 30.512820179703116, 35.32563852355842
0.8400000000000005, 30.80835131262404, 35.58662479684474
0.8500000000000005, 31.108166233377332, 35.825302032450395
0.8600000000000005, 31.410723503601687, 36.042126808166
0.8700000000000006, 31.71456751567142, 36.237658662955624
0.8800000000000006, 32.018334794748355, 36.41254892717768
0.8900000000000006, 32.32075893487821, 36.56752930055017
0.9000000000000006, 32.620674190524376, 36.703400343228644
0.9100000000000006, 32.91701776486069, 36.82102003635882
0.9200000000000006, 33.20883085406541, 36.921292557096805
0.9300000000000006, 33.49525852250598, 37.005157399747965
0.9400000000000006, 33.77554849688116, 37.07357895977611
0.9500000000000006, 34.04904897797491, 37.127536681407435
0.9600000000000006, 34.31520557662514, 37.1680158528264
0.9700000000000006, 34.573557485842045, 37.19599911595096
0.9800000000000006, 34.82373300381067, 37.21245874087578
0.9900000000000007, 35.06544452292246, 37.2183496986441
1.0000000000000007, 35.29848309819277, 37.214603550373006
1.0100000000000007, 35.522712704665715, 37.2021231561855
1.0200000000000007, 35.73806428794493, 37.181778194118905
1.0300000000000007, 35.94452970509779, 37.154401467353736
1.0400000000000007, 36.14215564515186, 37.12078596785656
1.0500000000000007, 36.33103760952417, 37.08168265592193
1.0600000000000007, 36.51131402327993, 37.037798908149696
1.0700000000000007, 36.68316053837275, 36.98979758108023
1.0800000000000007, 36.84678458021993, 36.938296633966864
1.0900000000000007, 37.00242017933287, 36.88386925189645
0.01, 37.15032312044456, 36.82704440955342
0.02, 37.977673613222855, 36.583507505777156
0.03, 38.80205395902401, 36.40987073229411
0.04, 39.61673990741995, 36.302728643684055
0.05, 40.415784690065706, 36.25811542490982
0.060000000000000005, 41.19403508922097, 36.27163759007703
0.07, 41.94712903047049, 36.33859896672972
0.08, 42.67147719386839, 36.454116034854586
0.09, 43.36423121553559, 36.61322219887613
0.09999999999999999, 44.023241048059866, 36.81096005216633
0.10999999999999999, 44.6470039730259, 37.04246113634145
0.11999999999999998, 45.234607623924, 37.303013093579914
0.12999999999999998, 45.78566919448827, 37.58811445350184
0.13999999999999999, 46.3002727882992, 37.89351758335276
0.15, 46.77890662205435, 38.215260560179104
0.16, 47.22240153836337, 38.54968889730929
0.17, 47.63187202431417, 38.893468177511075
0.18000000000000002, 48.00866067814201, 39.24358871591111
0.19000000000000003, 48.35428682539945, 39.59736340248841
0.20000000000000004, 48.670399763806564, 39.95241986279962
0.21000000000000005, 48.958736916635104, 40.306688033077975
0.22000000000000006, 49.221087000735125, 40.65838417857647
0.23000000000000007, 49.45925816846883, 41.00599229841257
0.24000000000000007, 49.67505096299521, 41.348243762213464
0.25000000000000006, 49.870235832667355, 41.68409591896112
0.26000000000000006, 50.04653488108133, 42.012710311289695
0.2700000000000001, 50.205607482284655, 42.3334310230123
0.2800000000000001, 50.349039363158326, 42.64576358697481
0.2900000000000001, 50.478334744167476, 42.94935478680108
0.3000000000000001, 50.59491113262009, 43.243973601337395
0.3100000000000001, 50.70009637644694, 43.529493465606066
0.3200000000000001, 50.795127608663925, 43.805875957267666
0.3300000000000001, 50.88115174069382, 44.07315596293513
0.34000000000000014, 50.95922719449735, 44.33142833378817
0.35000000000000014, 51.0303265971983, 44.580836004141325
0.36000000000000015, 51.095340196109476, 44.821559519079635
0.37000000000000016, 51.15507978560934, 45.05380789703967
0.38000000000000017, 51.210282969299065, 45.27781073928371
0.3900000000000002, 51.26161761065985, 45.49381148959761
0.4000000000000002, 51.309686352619835, 45.70206174328916
0.4100000000000002, 51.35503111080432, 45.902816503794334
0.4200000000000002, 51.398137466703204, 46.09633028712242
0.4300000000000002, 51.439438905584005, 46.28285397829353
0.4400000000000002, 51.47932085982864, 46.4626323492505
0.45000000000000023, 51.518124531660206, 46.63590215396601
0.46000000000000024, 51.55615048017119, 46.80289072321207
0.47000000000000025, 51.593661966406735, 46.96381498839436
0.01, 51.63088805724202, 47.11888087073418
0.02, 51.608259329972505, 46.959760688894896
0.01, 51.599804253419016, 46.80475449904136
0.02, 51.58415857657347, 47.02334935329485
0.03, 51.543439046676646, 47.23235538797462
0.04, 51.48079384572324, 47.42897511272955
0.05, 51.39951215664886, 47.61119962380526
0.060000000000000005, 51.30286832254818, 47.777743159915026
0.07, 51.193998670597, 47.927956434430556
0.08, 51.075810712382214, 48.061728351873676
0.09, 50.95092242497063, 48.17938421029133
0.09999999999999999, 50.821627962711325, 48.281586774342266
