0.01, 140.0, 90.0
0.01, 140.0, 90.0
0.02, 141.1915314578996, 89.95025055721044
0.03, 142.33684053822844, 89.85556743132413
0.04, 143.4355669637403, 89.72058480135284
0.05, 144.48768493282876, 89.54973453228587
0.060000000000000005, 145.49346866408226, 89.34722982776302
0.07, 146.45345836622465, 89.11705301537035
0.08, 147.3684270413394, 88.86294717205847
0.09, 148.23934846987456, 88.58841126802643
0.09999999999999999, 149.06736666668024, 88.29669848773722
0.10999999999999999, 149.85376703954475, 87.99081737587123
0.11999999999999998, 150.59994942648385, 87.67353545317128
0.12999999999999998, 151.307403136311, 87.34738495136774
0.13999999999999999, 151.9776840694837, 87.01467032671107
0.15, 152.61239395339388, 86.67747722706554
0.16, 153.21316168847088, 86.33768260702158
0.17, 153.7816267688469, 85.99696570808615
0.18000000000000002, 154.3194247138941, 85.65681964578914
0.19000000000000003, 154.82817442455038, 85.31856337165298
0.20000000000000004, 155.30946736076413, 84.98335380465439
0.21000000000000005, 155.76485842328276, 84.6521979534024
0.22000000000000006, 156.1958584139964, 84.32596487620766
0.23000000000000007, 156.60392794369488, 84.00539735106727
0.24000000000000007, 156.99047265394836, 83.6911231509824
0.25000000000000006, 157.35683962041935, 83.38366584169583
0.26000000000000006, 157.70431480780087, 83.08345503870635
0.2700000000000001, 158.03412145131813, 82.79083607818306
0.2800000000000001, 158.3474192459218, 82.50607907212692
0.2900000000000001, 158.6453042315664, 82.22938733182863
0.3000000000000001, 158.9288092709743, 81.96090515541371
0.3100000000000001, 159.19890502473964, 81.70072498514544
0.3200000000000001, 159.45650133727582, 81.44889394829946
0.3300000000000001, 159.70244895574479, 81.20541980197177
0.34000000000000014, 159.9375415125509, 80.97027630728876
0.35000000000000014, 160.16251771010516, 80.74340806230988
0.36000000000000015, 160.378063654258, 80.52473482560954
0.37000000000000016, 160.5848152899915, 80.3141553642457
0.38000000000000017, 160.78336089960314, 80.11155086071473
0.3900000000000002, 160.97424362967757, 79.91678791368938
0.4000000000000002, 161.15796401862087, 79.72972116696418
0.4100000000000002, 161.33498250143086, 79.5501956002004
0.4200000000000002, 161.50572187271328, 79.37804851387173
0.4300000000000002, 161.67056969275566, 79.2131112393477
0.4400000000000002, 161.82988062476974, 79.05521060338968
0.45000000000000023, 161.98397869424878, 78.90417017453956
0.46000000000000024, 162.13315946379635, 78.75981131700449
0.47000000000000025, 162.27769211881036, 78.62195407573027
0.48000000000000026, 162.41782146109134, 78.49041791444395
0.49000000000000027, 162.5537698088256, 78.36502232656358
0.5000000000000002, 162.6857388025134, 78.2455873370412
0.5100000000000002, 162.81391111730176, 78.1319339114418
0.5200000000000002, 162.93845208287655, 78.0238842868773
0.01, 163.05951121260117, 77.92126223782083
0.02, 163.87750875857577, 77.29456229737754
0.03, 164.70031497829092, 76.72580588023591
0.04, 165.52427743691288, 76.21334196676774
0.05, 166.34598648495816, 75.75530457716289
0.060000000000000005, 167.16228591602447, 75.3496411943522
0.07, 167.97028037018956, 74.99414127127558
0.08, 168.76733959563455, 74.68646444991559
0.09, 169.55109972292905, 74.42416814828628
0.09999999999999999, 170.319461742715, 74.20473420480978
0.10999999999999999, 171.0705874078253, 74.02559430623246
0.11999999999999998, 171.80289280492545, 73.88415396440695
0.12999999999999998, 172.51503985849783, 73.77781484788096
0.13999999999999999, 173.20592604148277, 73.70399531531089
0.15, 173.87467257238396, 73.66014903833603
0.16, 174.52061137850026, 73.6437816408721
0.17, 175.14327109963799, 73.65246531907026
0.18000000000000002, 175.74236239674903, 73.68385144081341
0.19000000000000003, 176.31776281606102, 73.73568115507979
0.20000000000000004, 176.86950144208285, 73.80579406940984
0.21000000000000005, 177.39774355307512, 73.89213507781135
0.22000000000000006, 177.9027754708541, 73.99275944158713
0.23000000000000007, 178.3849897738174, 74.1058362417451
0.24000000000000007, 178.84487101846472, 74.22965033392417
0.25000000000000006, 179.28298209101584, 74.36260294530524
0.26000000000000006, 179.69995128751236, 74.50321105800991
0.2700000000000001, 180.0964601984715, 74.65010572531814
0.2800000000000001, 180.4732324531123, 74.80202946599857
0.2900000000000001, 180.83102335868654, 74.95783287851192
0.3000000000000001, 181.17061045273798, 75.11647061120345
0.3100000000000001, 181.49278497033376, 75.27699681723196
0.3200000000000001, 181.79834421453748, 75.43856021426888
0.3300000000000001, 182.08808480665022, 75.60039885930327
0.34000000000000014, 182.36279678299925, 75.76183473854115
0.35000000000000014, 182.62325849723183, 75.92226826169544
0.36000000000000015, 182.87023228106113, 76.08117273919436
0.37000000000000016, 183.10446081207593, 76.23808891022342
0.38000000000000017, 183.32666413440745, 76.39261957925153
0.3900000000000002, 183.5375372765765, 76.54442440893261
0.4000000000000002, 183.7377484105452, 76.69321490813918
0.4100000000000002, 183.92793749669582, 76.83874964546034
0.4200000000000002, 184.10871536098375, 76.98082971084067
0.4300000000000002, 184.28066315269882, 77.11929444117655
0.4400000000000002, 184.4443321339689, 77.25401741962995
0.45000000000000023, 184.60024375521525, 77.38490275315299
0.46000000000000024, 184.748889974095, 77.51188162821131
0.47000000000000025, 184.8907337789383, 77.63490914090966
0.48000000000000026, 185.026209881211, 77.75396139460898
0.49000000000000027, 185.15572554503262, 77.86903285562646
0.5000000000000002, 185.27966152519195, 77.980133955667
0.01, 185.39837308837707, 78.0872889281888
0.02, 184.746413332193, 77.23549588228137
0.03, 185.24581327534068, 78.18398039828315
0.04, 185.58354323841385, 79.19448242282512
0.05, 185.75841088514602, 80.23376335327538
0.060000000000000005, 185.7758905700038, 81.27138149989763
0.07, 185.64679827649613, 82.28080354737769
0.08, 185.38588169491052, 83.24007919780567
0.09, 185.01044042897732, 84.13211930150011
0.09999999999999999, 184.53906411410182, 84.94463996407622
0.10999999999999999, 183.99054784495772, 85.66984685041027
0.11999999999999998, 183.3830176020347, 86.30393668321697
0.12999999999999998, 182.73327531011702, 86.84648870152895
0.13999999999999999, 182.05635489600846, 87.29980970741303
0.15, 181.36526764599697, 87.668284316521
0.16, 180.6709071169631, 87.9577689193184
0.17, 179.98208022912, 88.1750550778457
0.18000000000000002, 179.30563110904922, 88.32741664656942
0.19000000000000003, 178.6466268010367, 88.42224543576971
0.20000000000000004, 178.00857818383915, 88.46677299910024
0.21000000000000005, 177.3936744877335, 88.46787110745639
0.22000000000000006, 176.80301503268834, 88.43192045136526
0.23000000000000007, 176.23682671431445, 88.36473575462728
0.24000000000000007, 175.69466003859827, 88.271535392715
0.25000000000000006, 175.17555999244394, 88.15694440426864
0.26000000000000006, 174.67821069968988, 88.02502111840614
0.2700000000000001, 174.20105470253966, 87.87929921287852
0.2800000000000001, 173.74238892979918, 87.72283865704209
0.2900000000000001, 173.30044009393583, 87.55828053538745
0.3000000000000001, 172.87342253011172, 87.38790210646282
0.3100000000000001, 172.4595814726745, 87.21366958895443
0.3200000000000001, 172.05722456033465, 87.03728707512285
0.3300000000000001, 171.66474405122221, 86.8602406669778
0.34000000000000014, 171.28063187302848, 86.68383743978445
0.35000000000000014, 170.90348927279362, 86.50923919293173
0.36000000000000015, 170.53203249175985, 86.33749118215277
0.37000000000000016, 170.16509558767115, 86.16954616902686
0.38000000000000017, 169.80163126629066, 86.00628419877411
0.3900000000000002, 169.44071036652664, 85.84852854599536
0.4000000000000002, 169.08152046683074, 85.69705826607175
0.4100000000000002, 168.7233639400769, 85.55261776926429
0.4200000000000002, 168.36565567483626, 85.41592380364744
0.4300000000000002, 168.0079205976874, 85.28767019772766
0.4400000000000002, 167.64979106916272, 85.16853067777609
0.45000000000000023, 167.29100418092062, 85.05916004089805
0.46000000000000024, 166.93139895016898, 84.96019393396857
0.47000000000000025, 166.57091338630065, 84.87224746136127
0.48000000000000026, 166.20958139174698, 84.79591282098922
0.49000000000000027, 165.8475294523185, 84.73175614836812
0.5000000000000002, 165.4849730702976, 84.68031373184155
0.5100000000000002, 165.1222128951235, 84.64208774832638
0.5200000000000002, 164.7596305107748, 84.61754165746785
0.5300000000000002, 164.3976838452238, 84.60709538246641
0.5400000000000003, 164.03690217507705, 84.61112039760863
0.5500000000000003, 163.6778807073112, 84.62993483529874
0.5600000000000003, 163.32127472953167, 84.66379871878316
0.5700000000000003, 162.96779333014743, 84.71290942047563
0.5800000000000003, 162.61819270004113, 84.7773974395572
0.5900000000000003, 162.27326903751424, 84.85732258611945
0.6000000000000003, 161.93385108831848, 84.95267065236388
0.6100000000000003, 161.60079236227742, 85.06335064412599
0.6200000000000003, 161.27496307718997, 85.18919263816147
0.6300000000000003, 160.9572418892367, 85.32994632215483
0.6400000000000003, 160.64850747682888, 85.48528026526284
0.6500000000000004, 160.3496300516052, 85.6547819571984
0.6600000000000004, 160.06146287596036, 85.83795864343635
0.6700000000000004, 159.78483387095517, 86.0342389731586
0.6800000000000004, 159.5205374016059, 86.2429754651504
0.6900000000000004, 159.26932632828348, 86.46344778514474
0.7000000000000004, 159.03190441320194, 86.69486681623536
0.7100000000000004, 158.80891916969, 86.9363794921126
0.7200000000000004, 158.6009552390954, 87.18707435120366
0.7300000000000004, 158.4085283757752, 87.44598775851678
0.7400000000000004, 158.23208011470928, 87.7121107312963
0.7500000000000004, 158.0719731889066, 87.98439629469709
0.7600000000000005, 157.9284877550496, 88.26176728477708
0.7700000000000005, 157.80181847587053, 88.54312450837449
0.7800000000000005, 157.69207249673386, 88.8273551630519
0.7900000000000005, 157.59926834199274, 89.11334141540459
0.8000000000000005, 157.5233357441098, 89.39996903276965
0.8100000000000005, 157.46411640550897, 89.68613596183101
0.8200000000000005, 157.42136567990468, 89.97076074785511
0.8300000000000005, 157.39475514669266, 90.25279069033685
0.8400000000000005, 157.38387603914387, 90.5312096346726
0.8500000000000005, 157.38824347487858, 90.80504530505196
0.8600000000000005, 157.40730142566213, 91.0733760909807
0.8700000000000006, 157.44042835319212, 91.335337208582
0.8800000000000006, 157.4869434284547, 91.59012616790524
0.8900000000000006, 157.54611324460035, 91.8370074887015
0.9000000000000006, 157.61715892728358, 92.07531661927672
0.9100000000000006, 157.6992635421446, 92.30446302585672
0.9200000000000006, 157.79157969666008, 92.52393243312946
0.9300000000000006, 157.89323723299322, 92.73328820999373
0.9400000000000006, 158.00335090971913, 92.93217190776491
0.9500000000000006, 158.12102797334146, 93.1203029708958
0.9600000000000006, 158.24537552525342, 93.2974776524069
0.9700000000000006, 158.37550759610215, 93.46356717744592
0.9800000000000006, 158.51055184721758, 93.61851520849928
0.9900000000000007, 158.64965582767178, 93.76233467457489
1.0000000000000007, 158.79199272541595, 93.89510403402177
1.0100000000000007, 158.93676656156225, 94.01696304643792
1.0200000000000007, 159.08321678798347, 94.12810813327879
1.0300000000000007, 159.2306222597422, 94.22878740928867
1.0400000000000007, 159.37830456517918, 94.31929546775287
1.0500000000000007, 159.52563070754917, 94.39996800186519
1.0600000000000007, 159.67201514266662, 94.47117634231581
0.01, 159.81692118691006, 94.53332198765138
0.02, 160.66530405798258, 94.8309960189342
0.03, 161.50828070126053, 95.06531178804377
0.04, 162.34076558004205, 95.2394029099765
0.05, 163.1582489946792, 95.35674148938477
0.060000000000000005, 163.95679943348833, 95.42105562763166
0.07, 164.73305612174008, 95.43625194188974
0.08, 165.4842130430738, 95.40634398727495
0.09, 166.20799574128918, 95.33538724493357
0.09999999999999999, 166.90263220972597, 95.22742112076712
0.10999999999999999, 167.56681914389688, 95.0864181957291
0.11999999999999998, 168.1996847748254, 94.91624078314811
0.12999999999999998, 168.8007494201759, 94.72060468420217
0.13999999999999999, 169.36988479246938, 94.50304989143459
0.15, 169.90727299318652, 94.26691787310006
0.16, 170.4133660029518, 94.01533497834325
0.17, 170.8888463555575, 93.75120143415762
0.18000000000000002, 171.33458956119674, 93.47718535850527
0.19000000000000003, 171.751628725308, 93.19572118811706
0.20000000000000004, 172.14112169670824, 92.90901191214763
0.21000000000000005, 172.50432097444389, 92.61903451156442
0.22000000000000006, 172.8425465086707, 92.32754802628558
0.23000000000000007, 173.1571614479749, 92.03610370499197
0.24000000000000007, 173.44955081444226, 91.74605673362775
0.25000000000000006, 173.72110302857993, 91.45857908542561
0.26000000000000006, 173.97319415861597, 91.17467308560573
0.2700000000000001, 174.2071747321407, 90.89518533572156
0.2800000000000001, 174.42435892166233, 90.62082069426302
0.2900000000000001, 174.62601589840304, 90.35215606018005
0.3000000000000001, 174.81336313942612, 90.08965375335293
0.3100000000000001, 174.98756147078177, 89.83367432989083
0.3200000000000001, 175.14971163260446, 89.58448870992557
0.3300000000000001, 175.30085215985525, 89.34228953095719
0.34000000000000014, 175.44195838361517, 89.10720167067129
0.35000000000000014, 175.57394237153642, 88.87929190952372
0.36000000000000015, 175.69765364139496, 88.6585777254439
0.37000000000000016, 175.8138804979299, 88.44503523101054
0.38000000000000017, 175.92335185968676, 88.23860627774069
0.3900000000000002, 176.0267394589102, 88.0392047630849
0.4000000000000002, 176.12466031326684, 87.8467221837378
0.4100000000000002, 176.2176793830343, 87.66103248436029
0.4200000000000002, 176.30631234116456, 87.48199625415778
0.4300000000000002, 176.39102839619235, 87.3094643253384
0.4400000000000002, 176.47225311924703, 87.14328082762664
0.45000000000000023, 176.55037123642524, 86.98328575203594
0.46000000000000024, 176.62572935651596, 86.82931707527796
0.47000000000000025, 176.6986386115949, 86.68121249373756
0.01, 176.76937719439633, 86.53881081306744
0.02, 177.24393642511907, 85.51168962883949
0.03, 177.6735668340211, 84.51389185764498
0.04, 178.0627986256425, 83.54602330249568
0.05, 178.41586582519847, 82.60837501755725
0.060000000000000005, 178.73670555157906, 81.70097378583066
0.07, 179.02896174540732, 80.82362779267892
0.08, 179.29599241805224, 79.97596752935596
0.09, 179.5408795958754, 79.15748205997367
0.09999999999999999, 179.76644124181954, 78.36755086020804
0.10999999999999999, 179.97524454056264, 77.60547148956648
0.11999999999999998, 180.1696200315341, 76.870483394343
0.12999999999999998, 180.35167616452523, 76.16178815851626
0.13999999999999999, 180.523313934452, 75.47856652766185
0.15, 180.6862413245841, 74.8199925290634
0.16, 180.84198735118645, 74.18524500194064
0.17, 180.99191555728373, 73.57351683707853
0.18000000000000002, 181.13723684963512, 72.9840222068419
0.19000000000000003, 181.2790216116256, 72.41600204600407
0.20000000000000004, 181.41821105636333, 71.86872802213388
0.21000000000000005, 181.55562780958076, 71.34150521235975
0.22000000000000006, 181.69198573173816, 70.83367368182736
0.23000000000000007, 181.82789900376315, 70.34460913857083
0.24000000000000007, 181.96389051183044, 69.87372282015195
0.25000000000000006, 182.10039957413701, 69.42046074948767
0.26000000000000006, 182.23778905734292, 68.98430248088152
0.2700000000000001, 182.37635193274747, 68.56475944242221
0.2800000000000001, 182.51631732281083, 68.16137296757526
0.2900000000000001, 182.65785608770778, 67.7737120968956
0.3000000000000001, 182.80108599955474, 67.401371220225
0.3100000000000001, 182.94607654907134, 67.04396762038928
0.3200000000000001, 183.09285342596795, 66.70113897114791
0.3300000000000001, 183.24140271049373, 66.37254083484672
0.34000000000000014, 183.39167480950516, 66.05784419875776
0.35000000000000014, 183.5435881662608, 65.75673308334561
0.36000000000000015, 183.6970327690272, 65.46890225057072
0.37000000000000016, 183.85187347958401, 65.1940550357355
0.38000000000000017, 184.00795319891537, 64.93190132221686
0.3900000000000002, 184.16509588382647, 64.6821556746424
0.4000000000000002, 184.32310942496926, 64.44453564260058
0.4100000000000002, 184.4817883938329, 64.21876024378282
0.4200000000000002, 184.6409166636703, 64.00454863250528
0.4300000000000002, 184.80026990710635, 63.80161895682286
0.4400000000000002, 184.95961797130727, 63.60968740491381
0.45000000000000023, 185.1187271300851, 63.4284674390673
0.46000000000000024, 185.2773622111521, 63.25766921344669
0.47000000000000025, 185.4352885959191, 63.09699916982521
0.48000000000000026, 185.592274088725, 62.946159803702855
0.49000000000000027, 185.748090652174, 62.80484959161679
0.5000000000000002, 185.9025160053131, 62.672763069058625
0.5100000000000002, 186.05533508167701, 62.549591047215536
0.5200000000000002, 186.20634134473354, 62.43502095576307
0.5300000000000002, 186.35533795894045, 62.3287372981588
0.5400000000000003, 186.5021388154501, 62.23042220531855
0.5500000000000003, 186.64656941243007, 62.139756073199884
0.5600000000000003, 186.7884675909786, 62.0564182696667
0.01, 186.92768412866914, 61.980087896057626
0.02, 187.16467368897966, 61.85607018475252
0.03, 187.39512081116405, 61.74116453467898
0.04, 187.61909720278598, 61.63494499878174
0.05, 187.83667514958003, 61.53699465478919
0.060000000000000005, 188.04792828900827, 61.44690586010105
0.07, 188.25293225884533, 61.36428051029634
0.08, 188.45176522856642, 61.28873029662634
0.09, 188.64450832134835, 61.219876957958256
0.09999999999999999, 188.83124593451276, 61.157352522823324
0.10999999999999999, 189.01206596623604, 61.10079953748459
0.11999999999999998, 189.18705995631885, 61.04987127626274
0.12999999999999998, 189.35632314874533, 61.00423193073061
0.13999999999999999, 189.51995448366424, 60.96355677479745
0.15, 189.67805652629082, 60.92753230314118
0.01, 189.83073534005837, 60.895856340900615
0.02, 189.46269475249258, 60.89420605885667
0.03, 189.10992344213307, 60.82343947839453
0.04, 188.78010330466077, 60.693053917482736
0.05, 188.4778306433373, 60.51158272872008
0.060000000000000005, 188.75002407008375, 60.73689847607068
0.07, 188.9847904445024, 60.99708520052668
0.08, 189.1785356073834, 61.2839031003843
0.09, 189.32946325887409, 61.58916050877578
0.09999999999999999, 189.43738317832097, 61.90505971589797
0.10999999999999999, 189.5034703132862, 62.22446335566918
0.11999999999999998, 189.52999814412738, 62.54108086815503
0.12999999999999998, 189.5200666123831, 62.84957984976965
0.13999999999999999, 189.47734103077252, 63.14563091006562
0.15, 189.40581422909597, 63.42589702516677
0.16, 189.30960010746924, 63.68797946618209
0.17, 189.19276304709703, 63.930332400486584
0.18000000000000002, 189.05918445745718, 64.15215746042551
0.19000000000000003, 188.91246521951786, 64.35328819926646
0.20000000000000004, 188.75586094524203, 64.53407264415989
0.21000000000000005, 188.59224578261427, 64.69526031584384
0.22000000000000006, 188.4240998785054, 64.83789828009145
0.23000000000000007, 188.25351546835896, 64.96323914769442
0.24000000000000007, 188.08221678004745, 65.07266252616745
0.25000000000000006, 187.91158940831264, 65.16761028667628
0.26000000000000006, 187.74271543501692, 65.24953515132414
0.2700000000000001, 187.5764112539465, 65.31986151226606
0.2800000000000001, 187.41326574084042, 65.37995703256664
0.2900000000000001, 187.25367704250274, 65.43111340799523
0.3000000000000001, 187.0978868137089, 65.47453464512998
0.01, 186.9460111924394, 65.51133129215418
0.02, 186.62630170856647, 65.57447420532729
0.03, 186.31541132792685, 65.62360887793282
0.04, 186.01329852299193, 65.66092302761432
0.05, 185.71975442869623, 65.68839548923802
0.060000000000000005, 185.43444910317606, 65.7078066965242
0.07, 185.1569700540216, 65.72075266770236
0.08, 184.8868537942549, 65.72866088845817
0.09, 184.6236112807118, 65.73280687666045
0.09999999999999999, 184.36674809905608, 65.73433054615889
0.10999999999999999, 184.11578021944595, 65.73425176006513
0.11999999999999998, 183.8702460750301, 65.73348468084973
0.12999999999999998, 183.62971562725815, 65.73285069152874
0.13999999999999999, 183.3937969884445, 65.7330897866419
0.15, 183.1621410805629, 65.73487042129923
0.16, 182.9344447245008, 65.7387978684879
0.17, 182.71045247850464, 65.7454211754408
0.18000000000000002, 182.48995747933546, 65.75523883454164
0.19000000000000003, 182.2728014847718, 65.76870329733931
0.20000000000000004, 182.05887427095487, 65.78622446520615
0.21000000000000005, 181.84811250173908, 65.80817228962334
0.22000000000000006, 181.64049815859934, 65.83487861096131
0.23000000000000007, 181.43605659764174, 65.86663835834526
0.24000000000000007, 181.23485428379843, 65.90371022573328
0.25000000000000006, 181.03699624039132, 65.94631693133587
0.26000000000000006, 180.84262324405947, 65.99464515938585
0.2700000000000001, 180.6519087898196, 66.04884527526413
0.2800000000000001, 180.46505584813065, 66.10903089722123
0.2900000000000001, 180.28229343472762, 66.17527840044605
0.3000000000000001, 180.10387301422713, 66.24762642201301
0.3100000000000001, 179.93006475971168, 66.32607542824896
0.3200000000000001, 179.76115369235856, 66.41058739925032
0.3300000000000001, 179.59743572743022, 66.5010856785981
0.34000000000000014, 179.43921365536542, 66.59745502971495
0.35000000000000014, 179.28679308912163, 66.69954193374883
0.36000000000000015, 179.1404784111625, 66.80715515732795
0.37000000000000016, 179.0005687554307, 66.92006661200156
0.38000000000000017, 178.86735406118885, 67.03801252066783
0.3900000000000002, 178.74111123666094, 67.16069489981193
0.4000000000000002, 178.62210047089448, 67.28778335996988
0.4100000000000002, 178.5105617321374, 67.4189172205416
0.4200000000000002, 178.40671149024848, 67.55370792895653
0.4300000000000002, 178.31073969921607, 67.69174176831251
0.4400000000000002, 178.22280707374583, 67.832582832034
0.45000000000000023, 178.14304269110718, 67.97577623890345
0.46000000000000024, 178.07154194602916, 68.12085155708729
0.01, 178.00836488245486, 68.26732640157883
0.02, 178.1825732250826, 67.55776914724545
0.03, 178.24427302185288, 66.84989188298455
0.04, 178.20634798187675, 66.1557361466728
0.05, 178.08093131177392, 65.48281263967145
0.060000000000000005, 177.8787511652727, 64.83527422981687
0.07, 177.6088907798845, 64.21491293914224
0.08, 177.93897970936473, 64.80788673083856
0.09, 178.321300401945, 65.36281024729703
0.09999999999999999, 178.74957591281068, 65.87499798030156
0.10999999999999999, 179.21726758461713, 66.34079800313032
0.11999999999999998, 179.71772836264938, 66.75756247679546
0.12999999999999998, 180.2443413773482, 67.12359920963176
0.13999999999999999, 180.7906422666521, 67.4381077290937
0.15, 181.35042430168775, 67.7011032698765
0.16, 181.9178259199873, 67.91333195439478
0.17, 182.48740075511205, 68.07618025039567
0.18000000000000002, 183.05417067569675, 68.19158154660224
0.19000000000000003, 183.6136627070609, 68.26192240171346
0.20000000000000004, 184.16193100267094, 68.28995070599896
0.21000000000000005, 184.6955652604895, 68.27868765928244
0.22000000000000006, 185.21168714187866, 68.23134512515648
0.23000000000000007, 185.70793635112014, 68.151249579036
0.24000000000000007, 186.18244807614937, 68.04177353643553
0.25000000000000006, 186.63382348142372, 67.90627503575637
0.26000000000000006, 187.06109488862404, 67.748045463619
0.2700000000000001, 187.46368718750145, 67.57026575557983
0.2800000000000001, 187.8413768953951, 67.37597078456218
0.2900000000000001, 188.1942501376069, 67.1680215655808
0.3000000000000001, 188.5226606595495, 66.94908475894344
0.3100000000000001, 188.82718881252706, 66.72161884433092
0.3200000000000001, 189.1086022846192, 66.48786626309469
0.3300000000000001, 189.36781918200975, 66.24985078293875
0.34000000000000014, 189.60587390887684, 66.00937932433591
0.35000000000000014, 189.82388614927055, 65.76804749756162
0.36000000000000015, 190.02303312487535, 65.52724812886267
0.37000000000000016, 190.20452518985596, 65.28818209972034
0.38000000000000017, 190.36958472890709, 65.05187088026689
0.3900000000000002, 190.51942824719467, 64.8191702027939
0.4000000000000002, 190.65525148046996, 64.59078439047168
0.4100000000000002, 190.77821730913678, 64.36728092685726
0.4200000000000002, 190.88944622995896, 64.14910492099139
0.4300000000000002, 190.9900091216737, 63.936593188868954
0.4400000000000002, 191.08092203415887, 63.729987733310736
0.45000000000000023, 191.16314273309635, 63.5294484597291
0.46000000000000024, 191.23756874143683, 63.33506501434471
0.47000000000000025, 191.3050366336868, 63.14686767381022
0.48000000000000026, 191.3663223575408, 62.964837250961246
0.49000000000000027, 191.42214237830953, 62.788914010805755
0.5000000000000002, 191.4731554637801, 62.61900561431542
0.5100000000000002, 191.5199649496378, 62.45499412564599
0.5200000000000002, 191.56312134761723, 62.296742131709394
0.01, 191.60312517956862, 62.14409803219618
0.02, 191.67389637554726, 61.858642912568854
0.03, 191.73884597734423, 61.58330562527335
0.04, 191.7988266491344, 61.317791576896745
0.05, 191.8546086560182, 61.06179334308124
0.060000000000000005, 191.90688543657254, 60.81499706362179
0.07, 191.95627909006907, 60.57708772788352
0.08, 192.00334569870884, 60.34775347251717
0.09, 192.04858042676216, 60.12668900753174
0.09999999999999999, 192.09242235669473, 59.91359827942782
0.10999999999999999, 192.13525903746594, 59.70819647186872
0.11999999999999998, 192.1774307324936, 59.51021143572533
0.12999999999999998, 192.21923436460264, 59.31938463162772
0.13999999999999999, 192.26092716292348, 59.13547165965572
0.15, 192.30273002247637, 58.95824244269324
0.16, 192.34483059135565, 58.78748112238151
0.17, 192.38738610326766, 58.6229857196117
0.18000000000000002, 192.43052597491248, 58.46456760513177
0.01, 192.474354188538, 58.31205082011064
0.02, 192.53509152754833, 58.110143883490174
0.03, 192.59642703663388, 57.91586867004342
0.04, 192.65847123114065, 57.729012508064244
0.05, 192.72130731158268, 57.549375975263445
0.060000000000000005, 192.78499357243624, 57.37677180327604
0.07, 192.84956563655308, 57.21102373096581
0.08, 192.91503853501072, 57.051965331686276
0.09, 192.9814086504292, 56.89943883619341
0.09999999999999999, 193.04865553987858, 56.753293969845394
0.01, 193.1167436515475, 56.6133868200125
0.02, 193.21680571787218, 56.40907368350196
0.03, 193.313934979323, 56.212635951938424
0.04, 193.40846858307123, 56.02385328089277
0.05, 193.50070497656424, 55.84250974876791
0.060000000000000005, 193.59090691038315, 55.66839464274893
0.07, 193.67930426982198, 55.50130298386276
0.08, 193.76609673870087, 55.34103583214926
0.09, 193.8514563010496, 55.18740040879258
0.09999999999999999, 193.93552958777923, 55.040210068155346
0.10999999999999999, 194.0184400764093, 54.899284149018676
0.01, 194.10029015242955, 54.764447730963774
0.02, 194.1874497370826, 54.6248028915679
0.01, 194.27330198231135, 54.49125586706034
0.02, 194.3785491081112, 54.33050187587815
0.03, 194.48140649337714, 54.176559133369636
0.04, 194.58205742250334, 54.029236741648
0.05, 194.68066105025233, 53.88834789432403
0.060000000000000005, 194.77735449365554, 53.753709915435756
0.01, 194.87225480023318, 53.62514420899503
0.02, 194.98139655595125, 53.47997350754258
0.03, 195.08788636195393, 53.34116033071236
0.04, 195.1918924245503, 53.208524782693715
0.05, 195.29356195901795, 53.081889942910145
0.01, 195.39302304137433, 52.9610819479676
0.02, 195.49803762477663, 52.83625848305696
0.01, 195.60057039502612, 52.71718211247051
0.02, 195.70667022594327, 52.59625306007281
0.01, 195.8100149929457, 52.4808411107312
0.02, 195.9207560236401, 52.35888627281964
0.01, 196.02826223875434, 52.24233827852299
0.02, 196.13775940353176, 52.12519028109367
