0.01, 110.0, 10.0
0.02, 110.0, 10.0
0.02, 110.0, 10.0
0.03, 105.69228174481724, 9.276423166508794
0.04, 101.56017565280047, 7.910477300863541
0.05, 105.47675216583639, 9.847805278080862
0.060000000000000005, 109.06186181895129, 12.271989079765826
0.07, 112.2580427875336, 15.104063386716613
0.08, 115.02600178191467, 18.26160201158708
0.09, 117.34350142430557, 21.66239852437994
0.09999999999999999, 119.20365380342254, 25.22752756033692
0.10999999999999999, 120.61281764196194, 28.883740700089962
0.11999999999999998, 121.58828056083577, 32.56519826606949
0.12999999999999998, 122.15588400593029, 36.214575872756356
0.13999999999999999, 122.34771979833891, 39.78361182196179
0.15, 122.19999684257965, 43.233178896916336
0.16, 121.75114664054735, 46.532972776501055
0.17, 121.04020872335752, 49.660910528135496
0.18000000000000002, 120.10551318533831, 52.60232801011888
0.19000000000000003, 118.98365791736902, 55.34905613825886
0.20000000000000004, 117.7087631616313, 57.89844439094547
0.21000000000000005, 116.31197553783669, 60.252387017574364
0.22000000000000006, 114.82118732680938, 62.41639432380885
0.23000000000000007, 113.2609339542986, 64.39873901885595
0.24000000000000007, 111.65243260706103, 66.20969654474258
0.25000000000000006, 110.01372701981707, 67.86088893821358
0.26000000000000006, 108.35990701556138, 69.36473426125333
0.2700000000000001, 106.70337576026975, 70.73399796419942
0.2800000000000001, 105.0541424066681, 71.98143857863047
0.2900000000000001, 103.42012246415642, 73.11953765738879
0.3000000000000001, 101.8074325684634, 74.1603026260329
0.3100000000000001, 100.22067016128962, 75.11513091326603
0.3200000000000001, 98.6631718381076, 75.99472413028475
0.3300000000000001, 97.13724675894058, 76.8090419421612
0.34000000000000014, 95.64438356792678, 77.56728642719224
0.35000000000000014, 94.18543078971017, 78.27790900153455
0.36000000000000015, 92.76075173835332, 78.94863328393959
0.37000000000000016, 91.37035566799483, 79.58648851106379
0.38000000000000017, 90.01400729269987, 80.19784923864177
0.3900000000000002, 88.6913169779468, 80.78847805163493
0.4000000000000002, 87.40181392039821, 81.36356884821251
0.4100000000000002, 86.14500453772636, 81.92778896087584
0.4200000000000002, 84.92041812736652, 82.48531894358354
0.4300000000000002, 83.7276416534754, 83.03988930100417
0.4400000000000002, 82.56634530794301, 83.59481378141135
0.45000000000000023, 81.43630027992837, 84.15301911470864
0.46000000000000024, 80.33738996939745, 84.71707126706644
0.47000000000000025, 79.26961569962833, 85.2891984174759
0.48000000000000026, 78.2330978245935, 85.87131095107831
0.49000000000000027, 77.22807299030994, 86.46501881937994
0.5000000000000002, 76.25488819397677, 87.07164664655784
0.5100000000000002, 75.3139921893847, 87.69224697051975
0.5200000000000002, 74.4059247095589, 88.32761200232052
0.5300000000000002, 73.5313039155321, 88.97828427191725
0.5400000000000003, 72.69081243115183, 89.64456650508154
0.5500000000000003, 71.88518228560596, 90.32653104785389
0.5600000000000003, 71.11517905577477, 91.02402912292085
0.5700000000000003, 70.38158547765688, 91.7367001679896
0.5800000000000003, 69.68518477826916, 92.46398147057376
0.5900000000000003, 69.02674396510211, 93.20511827731275
0.6000000000000003, 68.40699729815813, 93.95917451958728
0.6100000000000003, 67.82663015874448, 94.72504426122497
0.6200000000000003, 67.28626351866062, 95.50146393890356
0.6300000000000003, 66.78643920250596, 96.28702543180468
0.6400000000000003, 66.32760612399514, 97.08018996447534
0.6500000000000004, 65.91010766400208, 97.87930281602966
0.6600000000000004, 65.53417034329384, 98.68260878007267
0.6700000000000004, 65.19989392641207, 99.48826829334504
0.6800000000000004, 64.90724307487704, 100.29437412735305
0.6900000000000004, 64.6560406478851, 101.09896851642418
0.7000000000000004, 64.44596272709722, 101.9000605779553
0.7100000000000004, 64.27653541919814, 102.69564386630104
0.7200000000000004, 64.14713346593857, 103.48371389095266
0.7300000000000004, 64.05698066670477, 104.2622854225012
0.7400000000000004, 64.00515209368422, 105.02940940642694
0.7500000000000004, 63.990578054836945, 105.7831893050187
0.7600000000000005, 64.0120497355823, 106.52179669164205
0.7700000000000005, 64.06822642681811, 107.24348592902498
0.7800000000000005, 64.15764422504611, 107.94660777402245
0.7900000000000005, 64.27872607040388, 108.6296217652076
0.8000000000000005, 64.42979297069041, 109.29110726630023
0.8100000000000005, 64.60907624436572, 109.92977305751579
0.8200000000000005, 64.8147306032978, 110.54446538798062
0.8300000000000005, 65.04484788695619, 111.13417442495445
0.8400000000000005, 65.29747125397125, 111.69803905924135
0.8500000000000005, 65.57060963458488, 112.23535005035089
0.8600000000000005, 65.86225224852252, 112.74555151917887
0.8700000000000006, 66.17038299715716, 113.22824081970789
0.8800000000000006, 66.49299454637354, 113.68316684399474
0.8900000000000006, 66.8281019270657, 114.11022683605876
0.9000000000000006, 67.17375549343826, 114.50946180979878
0.9100000000000006, 67.52805309489821, 114.88105068338459
0.9200000000000006, 67.88915133493897, 115.22530325738981
0.9300000000000006, 68.25527580961372, 115.54265217602263
0.9400000000000006, 68.62473023852706, 115.83364402000477
0.9500000000000006, 68.9959044222865, 116.09892968585935
0.9600000000000006, 69.36728098159006, 116.33925420957783
0.9700000000000006, 69.73744085413895, 116.55544619290355
0.9800000000000006, 70.10506754593085, 116.74840698791706
0.9900000000000007, 70.46895015282144, 116.91909979042524
1.0000000000000007, 70.82798518619349, 117.06853878508042
1.0100000000000007, 71.1811772528464, 117.19777847547604
1.0200000000000007, 71.52763865357514, 117.30790332100077
1.0300000000000007, 71.86658797716449, 117.40001778933173
1.0400000000000007, 72.19734777656154, 117.47523691946843
1.0500000000000007, 72.51934142174831, 117.53467747551585
1.0600000000000007, 72.83208922931455, 117.57944975637496
1.0700000000000007, 73.1352039719844, 117.61065011143174
1.0800000000000007, 73.42838587248092, 117.62935419756754
1.0900000000000007, 73.71141718526802, 117.63661099862944
1.1000000000000008, 73.98415646707137, 117.63343761514713
1.1100000000000008, 74.24653263285961, 117.62081481976969
1.1200000000000008, 74.49853888839431, 117.59968336278678
1.1300000000000008, 74.74022662377463, 117.570941002314
1.1400000000000008, 74.97169934485609, 117.53544022534012
1.1500000000000008, 75.19310671125551, 117.49398661888974
1.1600000000000008, 75.40463874110067, 117.44733784504825
1.1700000000000008, 75.60652023396143, 117.39620316948982
1.1800000000000008, 75.79900545470932, 117.3412434903774
1.1900000000000008, 75.98237311257117, 117.28307181297734
1.2000000000000008, 76.1569216615223, 117.22225411493856
1.2100000000000009, 76.32296494052989, 117.15931054780361
1.2200000000000009, 76.48082816510784, 117.09471692181361
1.2300000000000009, 76.63084427525372, 117.02890642330202
0.02, 76.77335063915245, 116.962271516806
0.03, 78.02314993223375, 116.30632821322625
0.04, 79.19641434782275, 115.62255898207289
0.05, 80.29561652896375, 114.91735315987732
0.060000000000000005, 81.32357306717678, 114.1965140218186
0.07, 82.28336651103773, 113.46526961885823
0.08, 83.17827448633663, 112.72829068792295
0.09, 84.01170613162424, 111.98971425076311
0.09999999999999999, 84.78714586641826, 111.25317161147723
0.10999999999999999, 85.50810435204022, 110.52181957340346
0.11999999999999998, 86.17807637665734, 109.79837381744551
0.12999999999999998, 86.80050529542828, 109.08514351081914
0.13999999999999999, 87.3787535818382, 108.3840663432438
0.15, 87.91607899500514, 107.69674331304547
0.16, 88.41561583726465, 107.02447270549246
0.17, 88.88036076383689, 106.36828281767154
0.18000000000000002, 89.31316260894877, 105.72896308670127
0.19000000000000003, 89.71671570758909, 105.10709337004282
0.20000000000000004, 90.09355621643428, 104.50307120759625
0.21000000000000005, 90.44606096893237, 103.91713696508981
0.22000000000000006, 90.7764484358683, 103.3493968172647
0.23000000000000007, 91.08678140203519, 102.79984357808641
0.24000000000000007, 91.3789710102781, 102.26837542443296
0.25000000000000006, 91.65478186482122, 101.75481259031129
0.26000000000000006, 91.91583792537327, 101.25891213159818
0.2700000000000001, 92.16362896121787, 100.78038087758262
0.2800000000000001, 92.39951736974893, 100.3188866961765
0.2900000000000001, 92.62474519631498, 99.8740682054933
0.3000000000000001, 92.84044122156484, 99.44554306643586
0.3100000000000001, 93.04762800865237, 99.03291498977292
0.3200000000000001, 93.24722882567596, 98.63577958761786
0.3300000000000001, 93.44007437870545, 98.2537291938638
0.34000000000000014, 93.62690930784373, 97.88635677149496
0.35000000000000014, 93.80839841319225, 97.53325901722181
0.36000000000000015, 93.98513258956606, 97.19403876593182
0.37000000000000016, 94.15763445858254, 96.86830678929417
0.38000000000000017, 94.32636369457276, 96.55568307472718
0.3900000000000002, 94.49172204688048, 96.25579766299829
0.4000000000000002, 94.65405806574921, 95.96829111509865
0.4100000000000002, 94.81367154237275, 95.69281467180097
0.4200000000000002, 94.97081767599629, 95.42903016251958
0.4300000000000002, 95.12571098238695, 95.17660971377315
0.4400000000000002, 95.27852895870555, 94.93523530170951
0.45000000000000023, 95.42941551995195, 94.70459818778106
0.46000000000000024, 95.57848422184858, 94.48439827174133
0.47000000000000025, 95.72582128438312, 94.27434339164446
0.48000000000000026, 95.87148842934353, 94.07414859644055
0.49000000000000027, 96.01552554413001, 93.8835354130421
0.5000000000000002, 96.1579531829831, 93.70223112636002
0.5100000000000002, 96.2987749155838, 93.52996808774189
0.5200000000000002, 96.43797953180398, 93.36648306446396
0.5300000000000002, 96.57554311025106, 93.21151664040731
0.5400000000000003, 96.71143095718777, 93.06481267576427
0.5500000000000003, 96.84559942143743, 92.92611783155573
0.5600000000000003, 96.97799759002288, 92.7951811628759
0.5700000000000003, 97.10856886854283, 92.67175378310455
0.5800000000000003, 97.2372524496672, 92.55558859982582
0.5900000000000003, 97.36398467263575, 92.44644012185816
0.6000000000000003, 97.48870027626808, 92.34406433562172
0.02, 97.6113335477335, 92.2482186480434
0.03, 98.8712123399276, 91.1094816942385
0.04, 100.00844481404872, 89.92918506779827
0.05, 101.02687094231241, 88.72076491258153
0.060000000000000005, 101.93150306848302, 87.49624352890226
0.07, 102.72825500578648, 86.2662118698218
0.08, 103.42369466560899, 85.03984939937828
0.09, 104.02482308376653, 83.82497415928705
0.09999999999999999, 104.53888132087135, 82.6281162267583
0.10999999999999999, 104.97318553154876, 81.45460826746464
0.11999999999999998, 105.33498953187951, 80.30868753801671
0.12999999999999998, 105.63137344233473, 79.19360442019634
0.13999999999999999, 105.86915643266718, 78.11173332980592
0.15, 106.05483122718657, 77.06468259893127
0.16, 106.19451782066895, 76.05340065211116
0.17, 106.29393378155704, 75.07827646248205
0.18000000000000002, 106.35837855420083, 74.13923286871083
0.19000000000000003, 106.39272929055343, 73.23581184910161
0.20000000000000004, 106.40144592071726, 72.36725128271156
0.21000000000000005, 106.38858339036236, 71.5325530800149
0.22000000000000006, 106.35780923366033, 70.7305428422603
0.23000000000000007, 106.31242489852268, 69.95992141610395
0.24000000000000007, 106.25538948526018, 69.21930885668745
0.25000000000000006, 106.18934479187514, 68.50728140703691
0.26000000000000006, 106.1166407732498, 67.82240215350632
0.2700000000000001, 106.0393607139234, 67.16324603459383
0.2800000000000001, 105.95934558320616, 66.52841987173323
0.2900000000000001, 105.87821718674384, 65.91657806260393
0.3000000000000001, 105.79739985107531, 65.3264345361152
0.3100000000000001, 105.71814047871352, 64.75677151848976
0.3200000000000001, 105.64152689279845, 64.20644560580978
0.3300000000000001, 105.56850445463638, 63.67439158311461
0.34000000000000014, 105.49989098675086, 63.15962437598199
0.35000000000000014, 105.43639007067435, 62.66123946913528
0.36000000000000015, 105.37860281471721, 62.17841207909119
0.37000000000000016, 105.3270382042829, 61.710395324834465
0.38000000000000017, 105.28212215765643, 61.256517602267444
0.3900000000000002, 105.2442054150486, 60.81617933475608
0.4000000000000002, 105.21357038927906, 60.388849243312364
0.4100000000000002, 105.19043710386653, 59.97406025551748
0.4200000000000002, 105.17496833931186, 59.57140515182026
0.4300000000000002, 105.16727410169341, 59.180532030917036
0.4400000000000002, 105.16741551988454, 58.801139662090826
0.45000000000000023, 105.17540826917183, 58.43297278122509
0.46000000000000024, 105.19122561012306, 58.07581737829288
0.47000000000000025, 105.21480112247345, 57.729496017069096
0.48000000000000026, 105.24603120474887, 57.39386322226846
0.49000000000000027, 105.2847774014641, 57.068800964959195
0.5000000000000002, 105.330868611122, 56.75421427366488
0.5100000000000002, 105.38410321997057, 56.45002699580505
0.5200000000000002, 105.44425119860342, 56.15617773183579
0.5300000000000002, 105.51105619105783, 55.87261596246512
0.5400000000000003, 105.58423761910399, 55.59929838749769
0.5500000000000003, 105.66349281795607, 55.33618549310054
0.5600000000000003, 105.74849921369032, 55.08323836249435
0.5700000000000003, 105.83891654724509, 54.840415743205
0.5800000000000003, 105.93438914501684, 54.60767138202043
0.5900000000000003, 106.03454823176517, 54.38495163666994
0.6000000000000003, 106.1390142778066, 54.172193370973716
0.6100000000000003, 106.24739936931509, 53.96932213781059
0.6200000000000003, 106.35930958795623, 53.77625065174421
0.6300000000000003, 106.47434738405538, 53.59287755056236
0.6400000000000003, 106.59211392602829, 53.4190864423595
0.6500000000000004, 106.7122114078678, 53.25474523217081
0.6600000000000004, 106.83424529605949, 53.099705719592805
0.6700000000000004, 106.95782649736549, 52.95380345634674
0.6800000000000004, 107.08257342943249, 52.81685785040253
0.6900000000000004, 107.2081139771098, 52.68867250112542
0.7000000000000004, 107.33408731865984, 52.56903574797479
0.7100000000000004, 107.4601456076585, 52.45772141360898
0.7200000000000004, 107.58595549826558, 52.354489720860315
0.02, 107.7111995036389, 52.25908836196316
0.03, 108.14021216272336, 51.95885758822399
0.04, 108.5667492711422, 51.68516570635176
0.05, 108.98962685746488, 51.437022906885375
0.060000000000000005, 109.40774953458389, 51.21339522480117
0.07, 109.82011234532767, 51.01321231860909
0.08, 110.22580175484705, 50.835375247930905
0.09, 110.62399582231733, 50.67876415378744
0.09999999999999999, 111.01396359427756, 50.54224575329706
0.10999999999999999, 111.39506377043539, 50.4246805689354
0.11999999999999998, 111.76674269990683, 50.32492982171251
0.12999999999999998, 112.12853177158033, 50.2418619273687
0.13999999999999999, 112.48004426657123, 50.17435854475539
0.15, 112.82097174358056, 50.121320135740056
0.16, 113.1510800294345, 50.08167100605402
0.17, 113.47020488723152, 50.054363806303016
0.18000000000000002, 113.77824743345901, 50.03838348171749
0.19000000000000003, 114.07516937327748, 50.03275066798985
0.20000000000000004, 114.3609881200393, 50.03652453860916
0.21000000000000005, 114.63577186115477, 50.04880511636736
0.22000000000000006, 114.89963462778721, 50.06873506810689
0.23000000000000007, 115.15273142070453, 50.0955010072639
0.24000000000000007, 115.39525343908349, 50.1283343333168
0.25000000000000006, 115.62742345329794, 50.16651164087868
0.26000000000000006, 115.84949135685822, 50.20935473389868
0.2700000000000001, 116.06172992682696, 50.256230282302255
0.2800000000000001, 116.26443081632651, 50.30654915945927
0.2900000000000001, 116.45790079726986, 50.35976549918896
0.3000000000000001, 116.64245826626822, 50.41537551066832
0.3100000000000001, 116.81843002185951, 50.47291608868729
0.3200000000000001, 116.98614831680864, 50.531963255274704
0.3300000000000001, 117.14594818528813, 50.59213046688928
0.34000000000000014, 117.29816504127346, 50.653066819214104
0.02, 117.44313254148989, 50.71445517919093
0.03, 117.95511831131961, 51.00671548327187
0.04, 118.42146464227449, 51.348845030168114
0.05, 118.83804251168448, 51.73182381695227
0.060000000000000005, 119.20242551813232, 52.14672230877503
0.07, 119.51371603484829, 52.584973229214526
0.08, 119.77234214673125, 53.038584342765425
0.09, 119.97983955173966, 53.50029361506655
0.09999999999999999, 120.13863061776468, 53.96367067149963
0.10999999999999999, 120.25181055109765, 54.42317029821442
0.11999999999999998, 120.32294832611997, 54.87414488421629
0.12999999999999998, 120.35590779104427, 55.31282326130564
0.13999999999999999, 120.35469231148579, 55.736263452733375
0.15, 120.32331451915012, 56.14228649442969
0.16, 120.26569124240808, 56.52939784987888
0.17, 120.18556252652385, 56.89670210175367
0.18000000000000002, 120.0864327981182, 57.24381566079633
0.19000000000000003, 119.97153166747644, 57.57078126188791
0.20000000000000004, 119.8437915574802, 57.87798707978252
0.21000000000000005, 119.70583925589521, 58.16609243739073
0.22000000000000006, 119.55999856239417, 58.43596132713184
0.23000000000000007, 119.40830139793552, 58.688604336371455
0.24000000000000007, 119.25250502062373, 58.925129065525134
0.25000000000000006, 119.09411331321623, 59.146698747395014
0.26000000000000006, 118.93440044385504, 59.35449850779746
0.2700000000000001, 118.77443553103238, 59.54970853572717
0.2800000000000001, 118.6151072503717, 59.73348333952495
0.2900000000000001, 118.45714759440543, 59.90693623688024
0.3000000000000001, 118.3011542318639, 60.07112824507426
0.3100000000000001, 118.147611108557, 60.22706058946456
0.3200000000000001, 117.99690708901491, 60.375670120803754
0.3300000000000001, 117.8493525598144, 60.51782701586244
0.34000000000000014, 117.70519400621028, 60.65433422351551
0.35000000000000014, 117.5646266380653, 60.78592820451525
0.36000000000000015, 117.42780518390468, 60.9132805939179
0.37000000000000016, 117.29485299771143, 61.037000488285436
0.38000000000000017, 117.16586963585418, 61.157637124191794
0.3900000000000002, 117.0409370647562, 61.27568276988576
0.4000000000000002, 116.92012465643943, 61.39157569843854
0.4100000000000002, 116.80349312120117, 61.50570314893874
0.02, 116.69109751618215, 61.61840421311123
0.03, 116.1413727683505, 62.10906745631003
0.04, 115.58858390726657, 62.55139360428725
0.05, 115.03668297795564, 62.949744495711975
0.060000000000000005, 114.48880958696826, 63.308458562206305
0.07, 113.94739661704871, 63.631760180733345
0.08, 113.41427352848524, 63.92369464908066
0.09, 112.89076391375052, 64.18808456781048
0.09999999999999999, 112.37777515410698, 64.4285035714557
0.10999999999999999, 111.87587898067409, 64.64826368379923
0.11999999999999998, 111.38538247809285, 64.85041300477228
0.12999999999999998, 110.90638960840502, 65.03774091322848
0.13999999999999999, 110.43885370459189, 65.21278844881648
0.15, 109.98262161812004, 65.37786198881656
0.16, 109.53747033272211, 65.53504874456362
0.17, 109.10313690464059, 65.68623295801594
0.18000000000000002, 108.67934258099335, 65.83311197956445
0.19000000000000003, 108.26581190189701, 65.9772116550827
0.20000000000000004, 107.86228752351315, 66.11990064797196
0.21000000000000005, 107.46854141954755, 66.26240347647806
0.22000000000000006, 107.08438303603262, 66.40581216427934
0.23000000000000007, 106.70966489395312, 66.55109648959827
0.24000000000000007, 106.3442860598958, 66.69911288070644
0.25000000000000006, 105.98819383834034, 66.85061204881707
0.26000000000000006, 105.64138398128468, 67.00624547735748
0.2700000000000001, 105.30389966167498, 67.16657090309445
0.2800000000000001, 104.9758294161572, 67.33205693244867
0.2900000000000001, 104.65730422925938, 67.50308693786599
0.3000000000000001, 104.34849390437606, 67.6799623760753
0.3100000000000001, 104.04960284593108, 67.86290566378877
0.3200000000000001, 103.76086536092845, 68.05206273788355
0.3300000000000001, 103.48254057589922, 68.2475054170702
0.34000000000000014, 103.21490705622797, 68.44923367102817
0.35000000000000014, 102.95825720828958, 68.65717789134615
0.36000000000000015, 102.712891540127, 68.87120124661523
0.37000000000000016, 102.47911285301767, 69.0911021918764
0.38000000000000017, 102.2572204337518, 69.31661719046711
0.3900000000000002, 102.0475043153949, 69.54742369425516
0.4000000000000002, 101.85023967240726, 69.78314341638946
0.4100000000000002, 101.66568141398409, 70.02334591912155
0.4200000000000002, 101.49405903715298, 70.26755252804577
0.4300000000000002, 101.33557179835955, 70.51524057335553
0.4400000000000002, 101.19038425887346, 70.76584794850719
0.45000000000000023, 101.05862225527872, 71.01877796711436
0.46000000000000024, 100.94036934153695, 71.27340449005727
0.47000000000000025, 100.8356637436256, 71.52907728677793
0.48000000000000026, 100.74449586158174, 71.7851275876325
0.49000000000000027, 100.6668063469806, 72.04087377807274
0.5000000000000002, 100.602484776527, 72.29562718040475
0.5100000000000002, 100.55136893463839, 72.54869786498976
0.5200000000000002, 100.51324470977025, 72.79940043005858
0.5300000000000002, 100.48784660091546, 73.04705968784114
0.5400000000000003, 100.47485882234156, 73.29101619447853
0.5500000000000003, 100.47391698637061, 73.5306315621795
0.5600000000000003, 100.48461033600907, 73.76529349427675
0.5700000000000003, 100.50648449165607, 73.99442048717837
0.5800000000000003, 100.53904466910639, 74.21746614762048
0.5900000000000003, 100.58175931975883, 74.43392307901347
0.6000000000000003, 100.63406413846805, 74.6433262969187
0.6100000000000003, 100.69536637994692, 74.84525614066114
0.6200000000000003, 100.76504942112602, 75.0393406556263
0.6300000000000003, 100.84247750447334, 75.22525742874753
0.6400000000000003, 100.92700059601172, 75.40273486789017
0.6500000000000004, 101.01795929166052, 75.57155292411353
0.6600000000000004, 101.11468970655912, 75.73154326396269
0.6700000000000004, 101.21652828416887, 75.88258890684668
0.6800000000000004, 101.32281646513208, 76.02462335003423
0.6900000000000004, 101.43290516000948, 76.1576292106999
0.7000000000000004, 101.54615897501301, 76.28163642064969
0.7100000000000004, 101.66196014557649, 76.39672001473784
0.02, 101.77971213892431, 76.50299755846434
0.03, 102.05083840845722, 76.70964084950967
0.04, 102.33265059600143, 76.89027283421679
0.05, 102.62210850154824, 77.04483869255687
0.060000000000000005, 102.91632734187002, 77.17363196878179
0.07, 103.21261061291126, 77.27725422911442
0.08, 103.50847556002246, 77.35657321650028
0.09, 103.80167157573761, 77.41268059446934
0.09999999999999999, 104.09019197198909, 77.44685025161787
0.10999999999999999, 104.3722796756074, 77.46049800774652
0.11999999999999998, 104.64642747259353, 77.45514342648028
0.12999999999999998, 104.91137347857261, 77.43237430132038
0.13999999999999999, 105.1660925412685, 77.39381424634506
0.15, 105.40978428757589, 77.34109369261657
0.16, 105.64185851512093, 77.27582446972478
0.17, 105.8619185987291, 77.19957804121452
0.18000000000000002, 106.06974353884081, 77.11386736473244
0.19000000000000003, 106.26526922463239, 77.02013226381578
0.20000000000000004, 106.4485694224163, 76.91972812896853
0.21000000000000005, 106.61983693270494, 76.81391771111835
0.22000000000000006, 106.77936528982423, 76.7038657303166
0.23000000000000007, 106.92753130857022, 76.59063599580799
0.24000000000000007, 107.06477871520192, 76.47519071919416
0.25000000000000006, 107.19160303676816, 76.35839169893295
0.26000000000000006, 107.30853786471144, 76.24100306027746
0.02, 107.41614255682754, 76.12369524830959
0.03, 108.13661480758837, 75.26912446378965
0.04, 108.79533492651098, 74.42143244826457
0.05, 109.39659216765914, 73.58404654553942
0.060000000000000005, 109.94463735523091, 72.75983532706157
0.07, 110.4436352649389, 71.95115803438611
0.08, 110.89762619115933, 71.15991439879546
0.09, 111.31049585486869, 70.38759376659841
0.09999999999999999, 111.68595276320713, 69.63532267059682
0.10999999999999999, 112.02751212027373, 68.90391018348109
0.11999999999999998, 112.33848540443334, 68.19389056464004
0.12999999999999998, 112.62197476420351, 67.5055628664471
0.13999999999999999, 112.88087143732598, 66.83902729898018
0.15, 113.11785746108991, 66.19421826369057
0.16, 113.33541001216858, 65.57093405777107
0.17, 113.53580778761652, 64.96886332339783
0.18000000000000002, 113.72113891236174, 64.38760837146793
0.19000000000000003, 113.8933099302461, 63.82670554994547
0.20000000000000004, 114.05405550371545, 63.285642854545316
0.21000000000000005, 114.20494851043881, 62.76387499627618
0.22000000000000006, 114.34741028267902, 62.26083614828109
0.23000000000000007, 114.4827207867372, 61.77595059524898
0.24000000000000007, 114.612028585136, 61.30864150403475
0.25000000000000006, 114.73636046349866, 60.85833802542656
0.26000000000000006, 114.8566306375971, 60.424480925440406
0.2700000000000001, 114.97364948417207, 60.00652693110907
0.2800000000000001, 115.08813176233387, 59.60395196128154
0.2900000000000001, 115.20070431113487, 59.21625339810766
0.3000000000000001, 115.31191322377599, 58.842951540148505
0.3100000000000001, 115.42223051037337, 58.483590363790995
0.3200000000000001, 115.53206026974716, 58.137737706114024
0.3300000000000001, 115.64174439674957, 57.804984969717346
0.34000000000000014, 115.75156785563112, 57.48494643837815
0.35000000000000014, 115.86176355221934, 57.17725828177886
0.36000000000000015, 115.97251683857661, 56.88157731794673
0.37000000000000016, 116.08396968359745, 56.597579593422616
0.38000000000000017, 116.1962245419451, 56.32495883347237
0.3900000000000002, 116.30934795202265, 56.06342480779648
0.4000000000000002, 116.42337389150343, 55.81270165110053
0.4100000000000002, 116.53830691645842, 55.57252617247793
0.4200000000000002, 116.65412510743991, 55.342646182745376
0.4300000000000002, 116.7707828431134, 55.12281886458388
0.4400000000000002, 116.88821341925906, 54.912809206502416
0.45000000000000023, 117.006331528257, 54.712388518194274
0.46000000000000024, 117.12503561158242, 54.52133304174148
0.47000000000000025, 117.24421009541034, 54.33942267029405
0.48000000000000026, 117.36372751719625, 54.16643978326728
0.49000000000000027, 117.4834505490838, 54.00216820473129
0.5000000000000002, 117.60323392220857, 53.84639228948703
0.5100000000000002, 117.7229262544285, 53.69889613931319
0.5200000000000002, 117.842371782719, 53.559462950016695
0.5300000000000002, 117.96141200042513, 53.427874488215735
0.5400000000000003, 118.07988719875605, 53.303910695225674
0.5500000000000003, 118.19763791133163, 53.187349414000785
0.5600000000000003, 118.31450626023175, 53.07796623381076
0.02, 118.43033720184323, 52.975534446200484
0.03, 118.25137914405062, 53.079011303375424
0.04, 118.06131577868587, 53.146083374031996
0.05, 117.8661263788329, 53.179309857492726
0.060000000000000005, 117.67008823591267, 53.18160692093884
0.07, 117.47614883496873, 53.155824803536156
0.08, 117.6660172074298, 53.20711794653547
0.09, 117.84594101764564, 53.281315056861956
0.09999999999999999, 118.01305475382773, 53.375710756574705
0.10999999999999999, 118.16515583171926, 53.48734072838245
0.11999999999999998, 118.30068911155934, 53.61312178481804
0.12999999999999998, 118.41870712624717, 53.74997446513103
0.13999999999999999, 118.51881217237539, 53.894925472332794
0.15, 118.60108619450475, 54.045188816592976
0.16, 118.66601388605463, 54.19822583866094
0.17, 118.71440372547217, 54.35178532344037
0.02, 118.74731084507546, 54.50392567512278
0.03, 118.79287465249841, 54.87702038290617
0.04, 118.80513430758498, 55.23935673765045
0.05, 118.78764963155228, 55.58817267642486
0.060000000000000005, 118.74401697032805, 55.92142517156953
0.07, 118.67776252453301, 56.23771905013497
0.08, 118.59225954770834, 56.53622747339508
0.09, 118.49066775543227, 56.81660916278184
0.09999999999999999, 118.37589260020265, 57.07892646676238
0.10999999999999999, 118.25056166528199, 57.323567382502
0.11999999999999998, 118.11701527075947, 57.551173732136675
0.12999999999999998, 117.97730841755282, 57.762576883990334
0.13999999999999999, 117.83322137029025, 57.95874172592288
0.15, 117.68627645155375, 58.14071904934207
0.16, 117.53775894711009, 58.30960608562259
0.17, 117.38874037089072, 58.46651464130487
0.18000000000000002, 117.24010268360182, 58.61254608904583
0.19000000000000003, 117.09256238132753, 58.74877236986258
0.20000000000000004, 116.94669365835877, 58.87622213017184
0.21000000000000005, 116.8029500953708, 58.995871136802975
0.22000000000000006, 116.66168452803997, 59.10863616874294
0.23000000000000007, 116.5231669135492, 59.21537166247017
0.24000000000000007, 116.3876001366743, 59.31686847757727
0.25000000000000006, 116.25513378803583, 59.413854242747796
0.02, 116.12587600996189, 59.50699483312901
0.03, 116.29905416552705, 59.32187295793736
0.04, 116.43083465655852, 59.11657525142594
0.05, 116.52302059404984, 58.89975843273451
0.060000000000000005, 116.57868542787595, 58.678021332599144
0.07, 116.60143686207047, 58.45609235127227
0.08, 116.59491654171501, 58.2371453105662
0.09, 116.56250166038213, 58.02314553096193
0.09999999999999999, 116.507157632835, 57.81516786144502
0.10999999999999999, 116.58292376825187, 58.016675641929126
0.11999999999999998, 116.67747717176596, 58.209054025572904
0.12999999999999998, 116.78909940821438, 58.390408428469534
0.13999999999999999, 116.91591946307078, 58.55915811639758
0.15, 117.05596478556144, 58.71403735845783
0.16, 117.2072089757036, 58.85408952557703
0.17, 117.36761539479417, 58.97865511766659
0.18000000000000002, 117.53517616588945, 59.08735472492107
0.19000000000000003, 117.70794620672541, 59.180067925508844
0.20000000000000004, 117.88407210048622, 59.256909096369384
0.21000000000000005, 118.06181575807497, 59.31820106867062
0.22000000000000006, 118.23957295750633, 59.364447497519336
0.23000000000000007, 118.4158869604509, 59.396304739737495
0.24000000000000007, 118.58945750191599, 59.4145539470268
0.25000000000000006, 118.75914552609157, 59.42007398781624
0.26000000000000006, 118.92397409954316, 59.41381571267625
0.2700000000000001, 119.08312597269412, 59.396777978431565
0.02, 119.23593828286928, 59.369985747849505
0.03, 119.47458159484869, 59.308755390021204
0.04, 119.70104313016377, 59.232055143184255
0.05, 119.91450185730311, 59.14186252086681
0.060000000000000005, 120.11441422378064, 59.04011469522303
0.07, 120.30048768650802, 58.92867753487439
0.08, 120.47265238169194, 58.80932081016154
0.09, 120.63103197613489, 58.68369926897262
0.09999999999999999, 120.77591459894573, 58.55333915851345
0.10999999999999999, 120.90772460339417, 58.41962967526474
0.11999999999999998, 121.02699575930805, 58.28381876470565
0.12999999999999998, 121.13434633238583, 58.147012661039454
0.13999999999999999, 121.23045637239643, 58.0101785513559
0.15, 121.31604741069991, 57.87414976423803
0.02, 121.39186466102827, 57.73963291544881
0.03, 121.4799774188474, 57.56883974696589
0.04, 121.55880758537481, 57.402031499720465
0.05, 121.62921199433084, 57.23950778984571
0.060000000000000005, 121.69200625630369, 57.08148624919877
0.07, 121.74796104933796, 56.928113325976085
0.02, 121.79779980382392, 56.77947441382671
0.03, 121.84789512584175, 56.61961886022942
0.04, 121.89328598327917, 56.465169416317345
0.02, 121.93455377891826, 56.316036665065596
0.03, 121.97648810721535, 56.15840126012056
0.02, 122.01560425354366, 56.00638759438936
0.03, 122.05485404405847, 55.85056544300191
0.02, 122.09214775237365, 55.700367247212434
0.03, 122.1309028468282, 55.544346928568444
