0.01, 100.0, 220.0
0.01, 100.0, 220.0
0.02, 107.73050975032608, 219.17316056905952
0.03, 115.19514895547428, 217.58257431690114
0.04, 122.31261061737409, 215.30074825310464
0.05, 129.01755502731103, 212.40639740447784
0.060000000000000005, 135.26021089021359, 208.9815157577719
0.07, 141.00554555098756, 205.10878621024477
0.08, 146.23210480585976, 200.8693671710293
0.09, 150.93061852561175, 196.34107205740963
0.09999999999999999, 155.10246074383298, 191.5969396378019
0.10999999999999999, 158.75804289155002, 186.70417824182442
0.11999999999999998, 161.9152073603125, 181.72345534998453
0.12999999999999998, 164.59767633991675, 176.70849588765776
0.13999999999999999, 166.8335985917005, 171.70594744056262
0.15, 168.65422505113577, 166.75546823912276
0.16, 170.09273334359142, 161.8899937149809
0.17, 171.18321175553893, 157.13613926591677
0.18000000000000002, 171.95980511927368, 152.51470012001417
0.19000000000000003, 172.45601852215725, 148.04121342892395
0.20000000000000004, 172.70416972821948, 143.72655254448756
0.21000000000000005, 172.73497761338658, 139.57752849616224
0.22000000000000006, 172.57727162394235, 135.59747870269885
0.23000000000000007, 172.25780609412314, 131.786827698336
0.24000000000000007, 171.80116300810926, 128.14360897193185
0.25000000000000006, 171.22972726609785, 124.66394080523038
0.26000000000000006, 170.56371952427523, 121.3424522025577
0.2700000000000001, 169.82127305227812, 118.17265761902681
0.2800000000000001, 169.01854263991743, 115.14728124050889
0.2900000000000001, 168.16983526398914, 112.25853309216609
0.3000000000000001, 167.2877538986175, 109.49834031412065
0.3100000000000001, 166.3833474465039, 106.85853761149961
0.3200000000000001, 165.46626123403158, 104.3310212322265
0.3300000000000001, 164.54488382014023, 101.90787091763896
0.34000000000000014, 163.62648700284487, 99.58144417083963
0.35000000000000014, 162.71735686615608, 97.34444695071825
0.36000000000000015, 161.82291450090946, 95.18998457250213
0.37000000000000016, 160.94782566866596, 93.11159621664078
0.38000000000000017, 160.09609917508817, 91.10327604679651
0.3900000000000002, 159.27117409641417, 89.15948353729989
0.4000000000000002, 158.4759962784526, 87.27514522682708
0.4100000000000002, 157.71308471970696, 85.44564975909283
0.4200000000000002, 156.98458857510636, 83.66683774953525
0.4300000000000002, 156.29233558880273, 81.93498773244487
0.4400000000000002, 155.63787279598148, 80.24679919640641
0.45000000000000023, 155.02250033499385, 78.59937350613879
0.46000000000000024, 154.4472991908085, 76.99019333350955
0.47000000000000025, 153.91315365553362, 75.41710107660955
0.48000000000000026, 153.42076924680686, 73.87827662987598
0.49000000000000027, 152.97068677414546, 72.37221477681028
0.5000000000000002, 152.56329318979687, 70.89770240637992
0.5100000000000002, 152.1988298062928, 69.45379570143791
0.5200000000000002, 151.8773984091864, 68.03979740941466
0.5300000000000002, 151.59896574123815, 66.65523427940303
0.5400000000000003, 151.36336678413787, 65.29983473314283
0.5500000000000003, 151.1703072159686, 63.97350682819109
0.5600000000000003, 151.01936537711688, 62.676316567899036
0.5700000000000003, 150.90999403418965, 61.4084666131299
0.5800000000000003, 150.84152219062295, 60.17027545360783
0.5900000000000003, 150.81315715395723, 58.96215710126772
0.6000000000000003, 150.8239870331022, 57.784601373053135
0.6100000000000003, 150.8729838042403, 56.63815483553058
0.6200000000000003, 150.95900705126618, 55.52340248785361
0.6300000000000003, 151.08080845581497, 54.44095026255587
0.6400000000000003, 151.23703708300653, 53.39140842503717
0.6500000000000004, 151.42624548207743, 52.375375952198624
0.6600000000000004, 151.64689659615644, 51.39342596834755
0.6700000000000004, 151.8973714526552, 50.44609231218158
0.6800000000000004, 152.17597758519634, 49.53385730240522
0.6900000000000004, 152.4809581197892, 48.657140761426994
0.7000000000000004, 152.81050144218833, 47.81629034678865
0.7100000000000004, 153.16275135011762, 47.01157322869571
0.7200000000000004, 153.53581758337592, 46.24316913949834
0.7300000000000004, 153.92778661679912, 45.51116480749204
0.7400000000000004, 154.33673259564196, 44.815549773272
0.7500000000000004, 154.76072829013353, 44.156213572398414
0.7600000000000005, 155.19785594568438, 43.532944253634255
0.7700000000000005, 155.6462179073768, 42.94542818781916
0.7800000000000005, 156.10394690180598, 42.39325110884903
0.7900000000000005, 156.56921586588078, 41.87590031552614
0.8000000000000005, 157.0402472206229, 41.39276795148917
0.8100000000000005, 157.5153214980788, 40.943155270253015
0.8200000000000005, 157.99278524091355, 40.52627778377441
0.8300000000000005, 158.47105810680307, 40.14127118605913
0.8400000000000005, 158.94863912308548, 39.78719793824436
0.8500000000000005, 159.42411205096963, 39.463054398384294
0.8600000000000005, 159.89614983263118, 39.16777837785197
0.8700000000000006, 160.3635181084637, 38.90025700681553
0.8800000000000006, 160.8250778053166, 38.659334793579895
0.8900000000000006, 161.27978680949374, 38.443821766595406
0.9000000000000006, 161.72670075037414, 38.25250159347939
0.9100000000000006, 162.1649729315583, 38.0841395783019
0.9200000000000006, 162.5938534562741, 37.937490446458305
0.9300000000000006, 163.01268760227046, 37.81130583547646
0.9400000000000006, 163.4209135084985, 37.70434141986369
0.9500000000000006, 163.8180592414741, 37.61536360836101
0.9600000000000006, 164.2037393133214, 37.54315576251648
0.9700000000000006, 164.5776507261319, 37.486523896097985
0.9800000000000006, 164.93956861849043, 37.444301825335614
0.9900000000000007, 165.28934158989762, 37.415355750127084
1.0000000000000007, 165.62688677746124, 37.398588255990745
1.0100000000000007, 165.95218475675978, 37.39294173556636
1.0200000000000007, 166.26527433533943, 37.397401236726076
1.0300000000000007, 166.566247303038, 37.410996751775286
1.0400000000000007, 166.8552431983902, 37.43280496873017
1.0500000000000007, 167.13244414491328, 37.46195051121525
1.0600000000000007, 167.39806980525324, 37.497606698115895
1.0700000000000007, 167.65237249513405, 37.53899585775354
1.0800000000000007, 167.89563249293224, 37.58538923405362
1.0900000000000007, 168.1281535746226, 37.636106523992126
1.1000000000000008, 168.3502587979147, 37.690515086595866
1.1100000000000008, 168.56228655372365, 37.748028864004965
1.1200000000000008, 168.7645868977673, 37.80810705466304
1.1300000000000008, 168.95751817012294, 37.87025257766621
1.1400000000000008, 169.14144390605367, 37.93401036576436
1.1500000000000008, 169.31673003736242, 37.99896552255507
1.1600000000000008, 169.48374237996765, 38.06474137712888
1.1700000000000008, 169.64284440032475, 38.130997466896574
1.1800000000000008, 169.79439525073468, 38.197427476632186
0.01, 169.93874806147286, 38.263757158970755
0.02, 168.97689692814276, 37.55115715678337
0.03, 168.1792669997876, 36.68123552878135
0.04, 167.54958225228808, 35.69018707220606
0.05, 168.0128772640065, 36.77352688454232
0.060000000000000005, 168.29971604544377, 37.904336964266975
0.07, 168.41299939025654, 39.04863606663719
0.08, 168.36188322448922, 40.17614292141474
0.09, 168.1603208530134, 41.26116559730268
0.09999999999999999, 167.8255925369981, 42.2830590116123
0.10999999999999999, 167.37692394060696, 43.22630742590357
0.11999999999999998, 166.8342661055346, 44.08030464805332
0.12999999999999998, 166.21728143875967, 44.83891085850476
0.13999999999999999, 165.54455503682004, 45.499863302704085
0.15, 164.83302997366545, 46.0641106146422
0.16, 164.09764963365802, 46.535129339143175
0.17, 163.35117981991135, 46.91826819927307
0.18000000000000002, 162.6041777689831, 47.22015238949013
0.19000000000000003, 161.86507359384217, 47.44816785757238
0.20000000000000004, 161.14033113172346, 47.61003495963167
0.21000000000000005, 160.43465873491, 47.713472450448215
0.22000000000000006, 159.7512453249655, 47.765946610614314
0.23000000000000007, 159.09200228773585, 47.77449628059664
0.24000000000000007, 158.45779694411445, 47.74562238164915
0.25000000000000006, 157.84866799623896, 47.68522978446738
0.26000000000000006, 157.26401729127454, 47.59860974798297
0.2700000000000001, 156.7027753726828, 47.49045222676095
0.2800000000000001, 156.16354061180192, 47.364878823130155
0.2900000000000001, 155.64469330879308, 47.225488793166555
0.3000000000000001, 155.14448713748186, 47.0754121262882
0.3100000000000001, 154.66112081291826, 46.91736519134261
0.3200000000000001, 154.19279300955304, 46.75370571432838
0.3300000000000001, 153.73774346339016, 46.58648490036239
0.34000000000000014, 153.29428294525945, 46.417495338613556
0.35000000000000014, 152.86081446544117, 46.248313954029285
0.36000000000000015, 152.43584771364485, 46.08033972283543
0.37000000000000016, 152.01800838741974, 45.914826181803434
0.38000000000000017, 151.6060437377022, 45.75290896482888
0.3900000000000002, 151.19882537364433, 45.595628721768605
0.4000000000000002, 150.79535012434894, 45.44394983668712
0.4100000000000002, 150.39473955230406, 45.298775384063454
0.4200000000000002, 149.9962385490812, 45.16095875626781
0.4300000000000002, 149.59921331376125, 45.03131237423016
0.4400000000000002, 149.2031489136193, 44.910613863179684
0.45000000000000023, 148.80764654995625, 44.7996100417602
0.46000000000000024, 148.4124205951398, 44.69901903905911
0.47000000000000025, 148.01729542599284, 44.609530822149246
0.48000000000000026, 147.62220205033424, 44.5318063877308
0.49000000000000027, 147.2271745049984, 44.46647584583586
0.5000000000000002, 146.83234599282642, 44.414135601365246
0.5100000000000002, 146.43794472116633, 44.375344820255314
0.5200000000000002, 146.04428940395402, 44.35062135095941
0.5300000000000002, 145.65178439237536, 44.34043725824462
0.5400000000000003, 145.26091440458566, 44.34521411459411
0.5500000000000003, 144.87223883231374, 44.365318184324856
0.5600000000000003, 144.48638561087873, 44.4010556264646
0.5700000000000003, 144.10404464877436, 44.45266783410326
0.5800000000000003, 143.7259608231839, 44.52032702001322
0.5900000000000003, 143.35292655828536, 44.60413215053474
0.6000000000000003, 142.98577401374433, 44.70410532181201
0.6100000000000003, 142.62536692114335, 44.820188664251674
0.6200000000000003, 142.27259211606247, 44.95224185241483
0.6300000000000003, 141.92835082291492, 45.10004028834405
0.6400000000000003, 141.59354975827898, 45.26327401650971
0.6500000000000004, 141.26909212618685, 45.44154741811421
0.6600000000000004, 140.95586858547892, 45.63437972143653
0.6700000000000004, 140.65474827476658, 45.84120635328553
0.6800000000000004, 140.36656998464147, 46.06138114454345
0.6900000000000004, 140.09213356941592, 46.294179390337185
0.7000000000000004, 139.83219169178855, 46.538801752714875
0.7100000000000004, 139.58744199333748, 46.794378980994594
0.7200000000000004, 139.3585197816108, 47.059977412373335
0.7300000000000004, 139.14599132080207, 47.3346052031354
0.7400000000000004, 138.95034780758772, 47.61721922908694
0.7500000000000004, 138.77200010671635, 47.90673258287732
0.7600000000000005, 138.6112743124659, 48.20202258585775
0.7700000000000005, 138.46840819224025, 48.50193922327358
0.7800000000000005, 138.34354855751653, 48.80531390407693
0.7900000000000005, 138.23674959525823, 49.11096844064998
0.8000000000000005, 138.14797217998753, 49.41772413939017
0.8100000000000005, 138.07708417319583, 49.724410890542785
0.8200000000000005, 138.02386170291624, 50.02987614495507
0.8300000000000005, 137.98799140235155, 50.332993666614186
0.8400000000000005, 137.96907357271957, 50.63267195292417
0.8500000000000005, 137.96662622221953, 50.927862219637866
0.8600000000000005, 137.9800899205076, 51.21756585411129
0.8700000000000006, 138.00883339655329, 51.50084124897091
0.8800000000000006, 138.05215979747, 51.77680993822085
0.8900000000000006, 138.1093135170837, 52.04466196907407
0.9000000000000006, 138.17948749580486, 52.30366045514256
0.9100000000000006, 138.26183088794508, 52.553145269816476
0.9200000000000006, 138.3554569890742, 52.79253585242772
0.9300000000000006, 138.45945131440672, 53.02133311384603
0.9400000000000006, 138.5728797195517, 53.23912044220351
0.9500000000000006, 138.6947964572286, 53.4455638231985
0.9600000000000006, 138.82425206766263, 53.64041110261202
0.9700000000000006, 138.96030100621178, 53.82349043101697
0.9800000000000006, 139.10200891918166, 53.99470794193355
0.9900000000000007, 139.24845948756322, 54.154044724674954
1.0000000000000007, 139.39876076835807, 54.3015531616616
1.0100000000000007, 139.55205097399298, 54.437352706925786
1.0200000000000007, 139.70750364181015, 54.56162518778977
1.0300000000000007, 139.86433215748485, 54.67460971522999
1.0400000000000007, 140.02179360819963, 54.776597290233795
1.0500000000000007, 140.17919195323591, 54.86792519355088
1.0600000000000007, 140.3358805110816, 54.94897124471661
1.0700000000000007, 140.49126377297344, 55.020148013193435
1.0800000000000007, 140.64479856279596, 55.08189706008495
1.0900000000000007, 140.79599457227513, 55.134683283296695
0.01, 140.94441430830042, 55.17898943244039
0.02, 141.84453459650328, 55.55925449798428
0.03, 142.6816606721849, 56.02298706503455
0.04, 143.44869862579978, 56.557536722532845
0.05, 144.14092125600024, 57.150200551144934
0.060000000000000005, 144.75576452215773, 57.78859651409591
0.07, 145.29258258301695, 58.460965560844464
0.08, 145.75237834604283, 59.156402989890516
0.09, 146.13752440308434, 59.86502261587605
0.09999999999999999, 146.45148686416837, 60.57805954582594
0.10999999999999999, 146.69856210109901, 61.287918918790595
0.11999999999999998, 146.8836339281863, 61.98817886232714
0.12999999999999998, 147.01195640123362, 62.67355625084768
0.13999999999999999, 147.08896529922475, 63.339843711693796
0.15, 147.12011952693857, 63.98382581790558
0.16, 147.11077217385306, 64.60318163430107
0.17, 147.06606979353435, 65.1963798413993
0.18000000000000002, 146.99087761650023, 65.76257163481742
0.19000000000000003, 146.88972785132472, 66.30148555733076
0.20000000000000004, 146.7667879261487, 66.8133274230874
0.21000000000000005, 146.62584543257807, 67.29868757967182
0.22000000000000006, 146.4703066110789, 67.75845695075243
0.23000000000000007, 146.30320541761486, 68.19375262426834
0.24000000000000007, 146.12722049529324, 68.60585320237963
0.25000000000000006, 145.94469770732755, 68.99614370541303
0.26000000000000006, 145.75767623991464, 69.36606951260407
0.2700000000000001, 145.5679166332025, 69.71709861363715
0.2800000000000001, 145.3769294289756, 70.05069132097032
0.2900000000000001, 145.186003424035, 70.36827653741516
0.3000000000000001, 144.9962327821561, 70.6712336708101
0.3100000000000001, 144.80854248235994, 70.96087932369502
0.3200000000000001, 144.6237117672601, 71.23845794836562
0.3300000000000001, 144.4423954046817, 71.50513573633198
0.34000000000000014, 144.26514269211344, 71.76199709788169
0.35000000000000014, 144.09241422106948, 72.01004317594492
0.36000000000000015, 143.9245964815644, 72.25019192429127
0.37000000000000016, 143.7620144300117, 72.48327936022287
0.38000000000000017, 143.60494217099512, 72.71006167451115
0.3900000000000002, 143.4536119181427, 72.93121794542245
0.4000000000000002, 143.30822140484938, 73.1473532590346
0.4100000000000002, 143.1689399144246, 73.35900208489213
0.4200000000000002, 143.0359130934703, 73.5666317949241
0.4300000000000002, 142.90926670355276, 73.77064624518937
0.4400000000000002, 142.78910945576993, 73.97138936523939
0.45000000000000023, 142.6755350615421, 74.16914871954566
0.46000000000000024, 142.56862362152174, 74.36415902034305
0.47000000000000025, 142.46844246335806, 74.55660558215789
0.48000000000000026, 142.37504652843202, 74.7466277159107
0.49000000000000027, 142.28847839774565, 74.9343220654244
0.5000000000000002, 142.2087680379587, 75.11974589196349
0.5100000000000002, 142.13593234011273, 75.30292031354203
0.5200000000000002, 142.06997451582103, 75.48383350555957
0.5300000000000002, 142.01088340856472, 75.66244386818946
0.5400000000000003, 141.95863277114077, 75.83868316413131
0.5500000000000003, 141.9131805541772, 76.01245962808387
0.5600000000000003, 141.87446824488725, 76.18366104679028
0.5700000000000003, 141.84242028981166, 76.35215780591665
0.5800000000000003, 141.81694363013875, 76.5178058974796
0.5900000000000003, 141.79792737325747, 76.68044987914693
0.01, 141.7852426194517, 76.83992577458638
0.02, 141.62122383802685, 75.37492603788064
0.03, 141.21473979664415, 74.00590785706096
0.04, 140.60650301586276, 72.7541817967837
0.05, 139.8322396174717, 71.62967568858699
0.060000000000000005, 138.92158795882784, 70.6346834728229
0.07, 137.89814616264255, 69.76682590288296
0.08, 139.01616891112985, 70.51247001492276
0.09, 140.2031454847674, 71.12498690830279
0.09999999999999999, 141.4384102703529, 71.6009441941412
0.10999999999999999, 142.70209905966564, 71.94011197524925
0.11999999999999998, 143.97558052102923, 72.1450984765252
0.12999999999999998, 145.24179237352072, 72.22094781197241
0.13999999999999999, 146.4854849715603, 72.17471911321951
0.15, 147.693377931907, 72.0150638733951
0.16, 148.8542376662448, 71.75181575632176
0.17, 149.95888525681755, 71.39560441584233
0.18000000000000002, 151.0001450801968, 70.9575021779893
0.19000000000000003, 151.9727450073534, 70.44870985654298
0.20000000000000004, 152.87317895822463, 69.8802855792705
0.21000000000000005, 153.69954214383932, 69.2629183584717
0.22000000000000006, 154.4513485699548, 68.6067462877774
0.23000000000000007, 155.12933938423126, 67.92121771217052
0.24000000000000007, 155.73528950226657, 67.21499250818724
0.25000000000000006, 156.27181871849228, 66.49587971981852
0.26000000000000006, 156.74221226000427, 65.77080720401867
0.2700000000000001, 157.15025452909754, 65.045818619449
0.2800000000000001, 157.50007864706677, 64.32609300767412
0.2900000000000001, 157.79603339011624, 63.61598232780472
0.3000000000000001, 158.04256821961567, 62.919062572214806
0.3100000000000001, 158.24413636508282, 62.2381944717576
0.3200000000000001, 158.40511532204673, 61.575590255666995
0.3300000000000001, 158.52974367392312, 60.93288342979754
0.34000000000000014, 158.62207282709946, 60.31119904765378
0.35000000000000014, 158.6859320473984, 59.711222447826664
0.36000000000000015, 158.7249050872472, 59.13326490055955
0.37000000000000016, 158.74231667835525, 58.577325032096944
0.38000000000000017, 158.74122721661533, 58.043145269969656
0.3900000000000002, 158.72443406733703, 57.530262871401376
0.4000000000000002, 158.6944780544027, 57.0380553600239
0.4100000000000002, 158.65365385312046, 56.56578040521474
0.4200000000000002, 158.60402317226115, 56.112610337740584
0.4300000000000002, 158.54742977708463, 55.677661610410446
0.4400000000000002, 158.48551556531893, 55.26001958921953
0.45000000000000023, 158.41973705724703, 54.85875910532113
0.46000000000000024, 158.3513817961771, 54.47296121726598
0.47000000000000025, 158.28158427493833, 54.101726632039316
0.48000000000000026, 158.21134110710113, 53.7441862176479
0.49000000000000027, 158.14152524866736, 53.39950901381527
0.5000000000000002, 158.07289914792108, 53.06690811445742
0.5100000000000002, 158.00612675927857, 52.74564475905401
0.5200000000000002, 157.94178440285333, 52.435030932162086
0.5300000000000002, 157.88037048667425, 52.13443073291638
0.5400000000000003, 157.82231413466005, 51.8432607406922
0.5500000000000003, 157.76798278207514, 51.560989570023274
0.5600000000000003, 157.71768881265362, 51.28713677787731
0.5700000000000003, 157.6716953191056, 51.02127125974044
0.5800000000000003, 157.63022107237506, 50.76300924769127
0.5900000000000003, 157.59344478569855, 50.51201200365562
0.6000000000000003, 157.5615087579637, 50.267983284123304
0.6100000000000003, 157.5345219776922, 50.030666638516344
0.6200000000000003, 157.5125627646543, 49.79984259182649
0.6300000000000003, 157.49568102104203, 49.57532575277944
0.6400000000000003, 157.48390015857657, 49.356961881326164
0.6500000000000004, 157.47721876211958, 49.14462494341394
0.6600000000000004, 157.47561204446552, 48.938214176476905
0.6700000000000004, 157.47903314112705, 48.73765118565784
0.6800000000000004, 157.48741428817442, 48.54287708820537
0.6900000000000004, 157.50066792061273, 48.353849721586506
0.7000000000000004, 157.51868772341746, 48.17054092944153
0.7100000000000004, 157.5413496622296, 47.992933938441006
0.7200000000000004, 157.56851301585536, 47.82102083825933
0.7300000000000004, 157.60002142813894, 47.65480017615501
0.7400000000000004, 157.6357039924913, 47.49427467696313
0.01, 157.67537637837233, 47.33944909859681
0.02, 157.56959724325714, 47.55467195064678
0.03, 157.4294737783813, 47.739659469479626
0.04, 157.26343612463762, 47.89288861197377
0.05, 157.07837435434726, 48.01463282941244
0.060000000000000005, 156.87964386034034, 48.106186632389075
0.07, 156.67125170169362, 48.169313138220566
0.08, 156.88639386747067, 48.13273578248918
0.09, 157.1028094236732, 48.12262961653423
0.09999999999999999, 157.3166521661421, 48.13789506693574
0.10999999999999999, 157.52451775628506, 48.17690938939651
0.11999999999999998, 157.72349381625983, 48.23764438305515
0.12999999999999998, 157.91118463639916, 48.3177816017775
0.13999999999999999, 158.0857136180229, 48.41482072220754
0.15, 158.24570702673395, 48.52617779724828
0.16, 158.39026283035562, 48.64927114940494
0.17, 158.51890838063994, 48.78159360035451
0.18000000000000002, 158.63155050981294, 48.9207705619234
0.19000000000000003, 158.7284212933887, 49.064604210667135
0.20000000000000004, 158.8100223196148, 49.21110452440449
0.21000000000000005, 158.87706984068487, 49.3585083738001
0.01, 158.93044269460225, 49.5052881419821
0.02, 159.04866062193213, 50.01828972285545
0.03, 159.10431965245502, 50.527712360608795
0.04, 159.10219017194757, 51.02523954045561
0.05, 159.04791184024526, 51.50409122059944
0.060000000000000005, 158.94763392931358, 51.95900689933867
0.07, 158.80770290814863, 52.38616411653618
0.08, 158.63440368683692, 52.783050272392565
0.09, 158.43375632866446, 53.14830442989747
0.09999999999999999, 158.21136638256573, 53.48154374030831
0.10999999999999999, 157.97232431387465, 53.78318662927917
0.11999999999999998, 157.72114777189515, 54.0542821965173
0.12999999999999998, 157.46175952127783, 54.29635264882781
0.13999999999999999, 157.19749363696076, 54.51125317769917
0.15, 156.93112285998373, 54.701051619855065
0.16, 156.6649006755059, 54.8679285594481
0.17, 156.40061256051536, 55.01409725559258
0.18000000000000002, 156.1396318349274, 55.141741886391834
0.19000000000000003, 155.88297654025538, 55.25297204523416
0.20000000000000004, 155.63136469595926, 55.34979114890987
0.21000000000000005, 155.3852661009915, 55.43407635780887
0.22000000000000006, 155.14494953425432, 55.5075677060557
0.23000000000000007, 154.91052475663486, 55.57186434039766
0.24000000000000007, 154.68197913501447, 55.628426026363805
0.25000000000000006, 154.45920900891826, 55.678578363799474
0.26000000000000006, 154.24204612117322, 55.72352043593942
0.2700000000000001, 154.03027955430287, 55.76433387969289
0.2800000000000001, 153.82367367297542, 55.80199259969623
0.2900000000000001, 153.62198258631997, 55.837372550234804
0.3000000000000001, 153.42496162646816, 55.87126117651955
0.3100000000000001, 153.23237630266433, 55.904366241776735
0.3200000000000001, 153.04400914248362, 55.93732387245646
0.3300000000000001, 152.8596647795271, 55.9707057346014
0.34000000000000014, 152.67917359488916, 56.0050253142294
0.35000000000000014, 152.5023941706005, 56.04074331746445
0.36000000000000015, 152.32921476883604, 56.078272235685596
0.37000000000000016, 152.15955401175833, 56.117980140233655
0.38000000000000017, 151.99336090365395, 56.160193782774776
0.3900000000000002, 151.83061430933256, 56.20520108332282
0.4000000000000002, 151.67132198016725, 56.25325308977648
0.4100000000000002, 151.515519201114, 56.304565491860075
0.4200000000000002, 151.36326711795712, 56.359319769482724
0.01, 151.21465079329292, 56.41766405141286
0.02, 151.873685022311, 56.26377464496945
0.03, 152.52395271012506, 56.20168826489345
0.04, 153.1564940413319, 56.21983697864703
0.05, 153.76588417475122, 56.30723282437014
0.060000000000000005, 154.34942541044498, 56.45398353049063
0.07, 154.90642063017953, 56.651524750605034
0.08, 155.43756998554014, 56.892658859577836
0.09, 155.94449970093046, 57.171475595182436
0.09999999999999999, 156.429412326436, 57.48321095487026
0.10999999999999999, 155.96398598588513, 57.14233915535875
0.11999999999999998, 155.52151713300296, 56.775016169738585
0.12999999999999998, 155.10381758349033, 56.383112973677164
0.13999999999999999, 154.71252893797694, 55.96863697626247
0.15, 154.34911111678448, 55.533715766218286
0.16, 154.01483253301328, 55.08057972090736
0.17, 153.71076203782079, 54.611543658172266
0.18000000000000002, 153.43776274982, 54.12898772879478
0.19000000000000003, 153.19648785607652, 53.63533776216384
0.20000000000000004, 152.98737844563726, 53.133045289257204
0.21000000000000005, 152.81066340834877, 52.62456747494795
0.22000000000000006, 152.66636140244196, 52.11234719570031
0.23000000000000007, 152.55428486453354, 51.59879349875427
0.24000000000000007, 152.47404600590832, 51.086262674835794
0.25000000000000006, 152.42506470980524, 50.57704016828056
0.26000000000000006, 152.40657821653002, 50.07332353632892
0.2700000000000001, 152.41765245714407, 49.5772066534369
0.2800000000000001, 152.4571948727806, 49.09066533704144
0.2900000000000001, 152.52396853581897, 48.615544548692775
0.3000000000000001, 152.61660737164615, 48.15354729927414
0.3100000000000001, 152.7336322659172, 47.70622535968763
0.3200000000000001, 152.87346783237507, 47.27497184946652
0.3300000000000001, 153.03445961059109, 46.861015745890036
0.34000000000000014, 153.2148914615292, 46.46541832595964
0.35000000000000014, 153.41300293160458, 46.089071523685796
0.36000000000000015, 153.62700636278504, 45.732698156158946
0.37000000000000016, 153.85510353705575, 45.39685394443598
0.38000000000000017, 154.09550165792908, 45.08193122991854
0.3900000000000002, 154.34642848923954, 44.78816426412459
0.4000000000000002, 154.60614649176154, 44.51563592998138
0.4100000000000002, 154.87296582070462, 44.26428573633238
0.4200000000000002, 155.14525607131995, 44.03391891449936
0.4300000000000002, 155.42145668510858, 43.82421643662198
0.4400000000000002, 155.70008595486544, 43.634745770163555
0.45000000000000023, 155.97974859244155, 43.46497218137671
0.46000000000000024, 156.25914184810338, 43.31427040253049
0.47000000000000025, 156.5370601941987, 43.18193648308869
0.48000000000000026, 156.8123986080381, 43.0671996535014
0.49000000000000027, 157.0841545090757, 42.969234041468326
0.5000000000000002, 157.35142842329418, 42.88717009404397
0.5100000000000002, 157.61342346292494, 42.820105574336644
0.5200000000000002, 157.869443722095, 42.76711601834074
0.5300000000000002, 158.11889169860916, 42.72726455516349
0.5400000000000003, 158.36126485883918, 42.69961101210172
0.5500000000000003, 158.59615146667306, 42.683220244249036
0.5600000000000003, 158.82322579880906, 42.67716964616135
0.5700000000000003, 159.0422428675537, 42.680555820211794
0.5800000000000003, 159.25303276893953, 42.69250039230791
0.5900000000000003, 159.45549476869243, 42.71215498036271
0.6000000000000003, 159.64959123164928, 42.73870533410126
0.6100000000000003, 159.83534149197146, 42.77137467630131
0.6200000000000003, 160.0128157522338, 42.809426285319816
0.6300000000000003, 160.1821290895061, 42.85216536671397
0.6400000000000003, 160.34343563618134, 42.898940267940255
0.6500000000000004, 160.49692299281654, 42.94914309456789
0.01, 160.64280691988822, 43.002209789270914
0.02, 160.80145714017686, 43.07317895946489
0.03, 160.94980127051647, 43.152343748864695
0.04, 161.0876860279725, 43.238330229815354
0.01, 161.21511585115198, 43.32984214107496
0.02, 161.35559015502744, 43.43348738890287
0.03, 161.48927883374213, 43.53458511901214
0.04, 161.6165927428193, 43.63303139965722
0.01, 161.73792128601607, 43.72874536209729
0.02, 161.86864311464856, 43.829833611513266
0.01, 161.99540534410224, 43.92579559132879
0.02, 162.1299721333447, 44.021360599841756
0.01, 162.26266006756256, 44.109630282407764
0.02, 162.40510783645453, 44.19619429832249
0.03, 162.54621192413933, 44.274275612298005
0.01, 162.68560148873962, 44.34423088032853
0.02, 162.83506383004288, 44.41016875084845
0.01, 162.9827904776917, 44.46687854848498
0.02, 163.13613447846848, 44.5164903742532
