0.01, 20.0, 20.0
0.02, 20.0, 20.0
0.02, 20.0, 20.0
0.03, 23.055488133165664, 20.184369921852237
0.04, 25.995998570733434, 20.53609768144145
0.05, 28.81434820782899, 21.03826278303484
0.060000000000000005, 31.5053295401545, 21.674251641779993
0.07, 34.06554906019522, 22.42794100097404
0.08, 36.49325633232628, 23.283850025185586
0.09, 38.788168271348965, 24.227262264446384
0.09999999999999999, 40.95129264612214, 25.244319189185212
0.10999999999999999, 42.98475429451437, 26.322087390325322
0.11999999999999998, 44.891626987044, 27.448601827396036
0.12999999999999998, 46.67577333146511, 28.612887695902778
0.13999999999999999, 48.341694583996656, 29.80496358216821
0.15, 49.89439173709072, 31.01582858973138
0.16, 51.33923879811241, 32.23743606762874
0.17, 52.681868764918185, 33.46265645949506
0.18000000000000002, 53.92807244740088, 34.68523163547442
0.19000000000000003, 55.08370998063534, 35.899722878086116
0.20000000000000004, 56.15463462529245, 37.10145447935297
0.21000000000000005, 57.14662825276337, 38.286454679545244
0.22000000000000006, 58.06534776284784, 39.45139544646964
0.23000000000000007, 58.916281576777806, 40.59353236565876
0.24000000000000007, 59.70471528293016, 41.7106456920384
0.25000000000000006, 60.43570548158399, 42.800983407272376
0.26000000000000006, 61.114060873105615, 43.86320693734286
0.2700000000000001, 61.744329655683224, 44.896340014199254
0.2800000000000001, 62.33079233911673, 45.899721014666405
0.2900000000000001, 62.877459135517995, 46.87295897954685
0.3000000000000001, 63.38807115188726, 47.815893405582834
0.3100000000000001, 63.86610467972811, 48.72855781171482
0.3200000000000001, 64.31477795002317, 49.61114700753388
0.3300000000000001, 64.73705979543854, 50.4639879343553
0.34000000000000014, 65.13567973350227, 51.287513906162
0.35000000000000014, 65.51313905313734, 52.082242046940515
0.36000000000000015, 65.8717225511802, 52.84875370083753
0.37000000000000016, 66.21351062461517, 53.58767758035482
0.38000000000000017, 66.54039147775357, 54.29967541384923
0.3900000000000002, 66.85407325129704, 54.98542985543135
0.4000000000000002, 67.15609592216806, 55.64563442664915
0.4100000000000002, 67.44784285934725, 56.28098526895447
0.4200000000000002, 67.73055195202453, 56.892174497907405
0.4300000000000002, 68.00532625252823, 57.47988496356069
0.4400000000000002, 68.27314409816898, 58.0447862358191
0.45000000000000023, 68.53486869377727, 58.58753164825807
0.46000000000000024, 68.79125715078192, 59.108756248500946
0.47000000000000025, 69.04296898961913, 59.6090755174886
0.48000000000000026, 69.29057412050541, 60.0890847336091
0.49000000000000027, 69.5345603235533, 60.54935887054132
0.5000000000000002, 69.77534025322227, 60.990452929716454
0.5100000000000002, 70.01325799451338, 61.41290261947266
0.5200000000000002, 70.24859519943097, 61.81722530326403
0.5300000000000002, 70.48157683231324, 62.20392114870459
0.5400000000000003, 70.71237655190546, 62.57347441781937
0.5500000000000003, 70.94112175671393, 62.92635484668713
0.5600000000000003, 71.1678983184081, 63.26301906974972
0.5700000000000003, 71.39275502597701, 63.583912050490845
0.5800000000000003, 71.61570776111537, 63.88946848601158
0.5900000000000003, 71.83674342301806, 64.18011415830703
0.6000000000000003, 72.05582361847854, 64.45626720983212
0.6100000000000003, 72.27288813098616, 64.71833932528071
0.6200000000000003, 72.48785818044934, 64.9667368054343
0.6300000000000003, 72.70063948327642, 65.2018615224999
0.6400000000000003, 72.91112512085151, 65.4241117495828
0.6500000000000004, 73.11919822296758, 65.63388285985422
0.6600000000000004, 73.32473447153404, 65.83156789359761
0.6700000000000004, 73.52760442886313, 66.01755799366751
0.6800000000000004, 73.72767569405755, 66.19224271198527
0.6900000000000004, 73.9248148904602, 66.35601019153769
0.7000000000000004, 74.11888948677492, 66.50924722994728
0.7100000000000004, 74.30976945430794, 66.65233923205365
0.7200000000000004, 74.4973287627934, 66.78567006009233
0.7300000000000004, 74.68144671743335, 66.90962179098678
0.7400000000000004, 74.86200914007844, 67.02457439098876
0.7500000000000004, 75.03890939787843, 67.13090531842026
0.7600000000000005, 75.21204928321586, 67.22898906559392
0.7700000000000005, 75.38133974928004, 67.3191966511311
0.7800000000000005, 75.54670150621716, 67.40189507386539
0.7900000000000005, 75.7080654833853, 67.47744673933013
0.8000000000000005, 75.86537316382957, 67.54620886949203
0.8100000000000005, 76.01857679765361, 67.60853290592672
0.02, 76.16763950148355, 67.66476391604988
0.03, 77.3730253701479, 67.9880520769176
0.04, 78.58313721092615, 68.1907657459172
0.05, 79.78365875489193, 68.2779307646763
0.060000000000000005, 80.96184950281244, 68.2561266604304
0.07, 82.10664493053736, 68.13314855951043
0.08, 83.20869814058908, 67.91768259881671
0.09, 84.26037031971745, 67.61900265391284
0.09999999999999999, 85.25567790934998, 67.24669430247785
0.10999999999999999, 86.19020458576463, 66.81041013347188
0.11999999999999998, 87.06098602651232, 66.3196588449085
0.12999999999999998, 87.86637506049387, 65.78362908455654
0.13999999999999999, 88.60589421471077, 65.21104770459456
0.15, 89.28008193466012, 64.6100710382796
0.16, 89.89033791922469, 63.98820696855587
0.17, 90.43877212250509, 63.352264940254884
0.18000000000000002, 90.92806107685337, 62.708330656155255
0.19000000000000003, 91.36131431954388, 62.06176197336996
0.20000000000000004, 91.74195288919942, 61.417202456428726
0.21000000000000005, 92.07360111919597, 60.77860912033259
0.22000000000000006, 92.3599923086466, 60.149291082931015
0.23000000000000007, 92.60488830549133, 59.531956113679236
0.24000000000000007, 92.8120125931457, 58.92876238918608
0.25000000000000006, 92.98499612963475, 58.341373121454765
0.26000000000000006, 93.12733493982965, 57.77101209198623
0.2700000000000001, 93.24235829813394, 57.218518487102905
0.2800000000000001, 93.33320624971532, 56.68439977373908
0.2900000000000001, 93.40281519117873, 56.16888167084773
0.3000000000000001, 93.4539102542885, 55.6719545530801
0.3100000000000001, 93.48900329728284, 55.193415866979436
0.3200000000000001, 93.5103953967095, 54.732908344500636
0.3300000000000001, 93.52018283900904, 54.28995396507336
0.34000000000000014, 93.52026572715397, 53.863983747978104
0.35000000000000014, 93.5123584368666, 53.45436355482419
0.36000000000000015, 93.4980012740777, 53.060416151338124
0.37000000000000016, 93.47857279648656, 52.681439822700185
0.38000000000000017, 93.45530236467395, 52.316723861523
0.3900000000000002, 93.42928258055352, 51.96556125627225
0.4000000000000002, 93.40148135222009, 51.62725890417646
0.4100000000000002, 93.3727533943134, 51.30114565972974
0.4200000000000002, 93.34385103220936, 50.986578510566474
0.4300000000000002, 93.31543422736551, 50.68294714911839
0.4400000000000002, 93.28807978089388, 50.389677182941895
0.45000000000000023, 93.26228970393949, 50.10623220040069
0.46000000000000024, 93.23849876777656, 49.83211488261487
0.47000000000000025, 93.21708126474446, 49.56686732803482
0.48000000000000026, 93.19835702422311, 49.31007073319828
0.49000000000000027, 93.18259673669664, 49.061344552499186
0.5000000000000002, 93.17002664438056, 48.820345241289644
0.5100000000000002, 93.16083265959203, 48.58676467037684
0.5200000000000002, 93.15516397262321, 48.360328285897246
0.5300000000000002, 93.15313620983554, 48.140793076521234
0.5400000000000003, 93.15483420044119, 47.92794539978946
0.5500000000000003, 93.16031440731248, 47.72159871091415
0.5600000000000003, 93.16960707342905, 47.5215912303891
0.5700000000000003, 93.1827181314484, 47.32778358103844
0.5800000000000003, 93.19963091953316, 47.14005642050118
0.5900000000000003, 93.22030774211532, 46.95830809141233
0.6000000000000003, 93.24469130982149, 46.78245230853609
0.6100000000000003, 93.2727060883977, 46.61241589968194
0.6200000000000003, 93.30425958221268, 46.44813661525838
0.6300000000000003, 93.33924357382782, 46.289561019678715
0.02, 93.37753533723078, 46.136642476431355
0.03, 93.0221594837954, 47.6803707574987
0.04, 92.69249295811713, 49.21341821552028
0.05, 92.6718404968513, 50.76879625312765
0.060000000000000005, 92.40867266271277, 49.23341092624165
0.07, 91.88595394166497, 47.780382254285385
0.08, 91.39937664250347, 46.33761080817653
0.09, 90.94052856870239, 44.904592069756646
0.09999999999999999, 90.5017029786084, 43.480560395133665
0.10999999999999999, 90.07582265437247, 42.06462514322466
0.11999999999999998, 89.65636789713253, 40.65587802139003
0.12999999999999998, 89.23731108407965, 39.253477035549444
0.13999999999999999, 88.81305918909862, 37.85671160577992
0.15, 88.37840481549162, 36.4650526078698
0.16, 88.82832390831939, 37.85191484055844
0.17, 88.36891732416689, 36.46755540347179
0.18000000000000002, 88.84171131562024, 37.84637302215917
0.19000000000000003, 88.36052424432592, 36.46882247144376
0.20000000000000004, 87.86762295450056, 35.09741963270035
0.21000000000000005, 88.37697700994377, 36.46272129998402
0.22000000000000006, 87.85682239284763, 35.10067069581165
0.23000000000000007, 87.32235843465315, 33.745485423271845
0.24000000000000007, 87.87566143515616, 35.09360421944143
0.25000000000000006, 87.309613298109, 33.750431157192644
0.26000000000000006, 87.89194461524306, 35.08567127267447
0.2700000000000001, 87.29820168379443, 33.753718634088955
0.2800000000000001, 86.69045428895065, 32.43037218364884
0.2900000000000001, 87.31665927725679, 33.74465738217102
0.3000000000000001, 86.67723913263798, 32.4354066799477
0.3100000000000001, 86.02204804260863, 31.135960090488048
0.3200000000000001, 86.69726086232066, 32.424914207584514
0.3300000000000001, 86.00739377716783, 31.14251383685963
0.34000000000000014, 85.30055058222638, 29.87136347880902
0.35000000000000014, 86.02842923474066, 31.130349733623543
0.36000000000000015, 85.28476062908425, 29.879256782490046
0.37000000000000016, 84.52341850784606, 28.641047433937977
0.38000000000000017, 85.30630754790171, 29.865244049329803
0.3900000000000002, 84.50674319479192, 28.650136322730518
0.4000000000000002, 83.68927126418636, 27.44967402561768
0.4100000000000002, 84.5283400842048, 28.634159531474236
0.4200000000000002, 83.67191572814556, 27.459842025807625
0.4300000000000002, 82.7977743563105, 26.302003312695508
0.4400000000000002, 81.90241121511167, 25.16216269265108
0.45000000000000023, 82.82214032223081, 26.282303928960623
0.46000000000000024, 81.8829313687698, 25.17666798027592
0.47000000000000025, 80.92407646482955, 24.091125298217953
0.48000000000000026, 81.90556495378134, 25.154720861098625
0.49000000000000027, 80.90463968425732, 24.106104901914147
0.5000000000000002, 79.88587624772349, 23.07953658908438
0.5100000000000002, 78.8464517690881, 22.07700686641721
0.5200000000000002, 79.90898212935227, 23.053369797366102
0.5300000000000002, 78.8260966345521, 22.095847475050405
0.5400000000000003, 77.72556188318836, 21.164244968268193
0.5500000000000003, 76.60507411154815, 20.260784428084012
0.5600000000000003, 75.46271378012173, 19.387793400613933
0.5700000000000003, 76.62848684711945, 20.227886946135175
0.5800000000000003, 75.44186469798005, 19.41323089492478
0.5900000000000003, 74.23834828354222, 18.630571229933892
0.6000000000000003, 73.01648397641699, 17.88234854041321
0.6100000000000003, 71.77520375246031, 17.171057595666216
0.6200000000000003, 70.51381989106478, 16.499236172673275
0.6300000000000003, 71.79561989077088, 17.129021904304434
0.6400000000000003, 70.49461257563127, 16.533081633040414
0.6500000000000004, 69.18085700854283, 15.976982930678107
0.6600000000000004, 67.85402605900752, 15.463186581999217
0.6700000000000004, 66.51416550362005, 14.994125790269392
0.6800000000000004, 65.16168505467678, 14.572189536729356
0.6900000000000004, 63.79734856603622, 14.199703702645984
0.7000000000000004, 62.422263153482334, 13.878910440704454
0.7100000000000004, 61.037866993861435, 13.611946251107833
0.7200000000000004, 59.64591559919581, 13.400819193352117
0.7300000000000004, 58.2484663975517, 13.247385645379767
0.7400000000000004, 56.84786149068891, 13.153327006026466
0.7500000000000004, 55.446708498685894, 13.120126722922326
0.7600000000000005, 54.04785944319018, 13.149048015047374
0.7700000000000005, 52.65438766313872, 13.241112645912326
0.7800000000000005, 51.269562799213425, 13.397081088948815
0.7900000000000005, 49.896823925442185, 13.617434410414818
0.8000000000000005, 48.53975094771876, 13.90235817636463
0.8100000000000005, 47.202034429074764, 14.251728668552463
0.8200000000000005, 45.88744403975656, 14.665101669223143
0.8300000000000005, 44.59979586598726, 15.14170404641179
0.8400000000000005, 43.34291884416848, 15.680428339573593
0.8500000000000005, 42.1206206166388, 16.27983051016514
0.8600000000000005, 40.93665313040833, 16.93813098339162
0.8700000000000006, 39.79467832100972, 17.65321906602576
0.8800000000000006, 38.69823423926332, 18.422660781411608
0.8900000000000006, 37.650701988920694, 19.243710117007087
0.9000000000000006, 36.655273847468905, 20.113323632705292
0.9100000000000006, 35.71492294057498, 21.028178330397214
0.9200000000000006, 34.83237483254923, 21.984692637556712
0.9300000000000006, 34.010081380741845, 22.979050310852056
0.9400000000000006, 33.250197181011224, 24.00722702075959
0.9500000000000006, 32.554558904492936, 25.06501933573026
0.9600000000000006, 31.924667793163355, 26.148075785487347
0.9700000000000006, 31.361675543570104, 27.2519296483327
0.9800000000000006, 30.86637376515911, 28.37203307767664
0.9900000000000007, 30.43918715255265, 29.503792159077538
1.0000000000000007, 30.0801704607226, 30.64260247148002
1.0100000000000007, 29.78900931915306, 31.783884715562127
1.0200000000000007, 29.56502486677062, 32.9231199684953
1.0300000000000007, 29.40718213467156, 34.05588412819682
1.0400000000000007, 29.31410204956083, 35.17788112136502
1.0500000000000007, 29.28407687841541, 36.28497446812366
1.0600000000000007, 29.315088885255694, 37.37321682168862
1.0700000000000007, 29.40483192506956, 38.43887713366896
1.0800000000000007, 29.550735658830902, 39.47846513383207
1.0900000000000007, 29.749992038037245, 40.488752856660525
1.1000000000000008, 29.999583677988586, 41.46679299494032
1.1100000000000008, 30.296313716730516, 42.4099339119728
1.1200000000000008, 30.636836741619042, 43.315831197738994
1.1300000000000008, 31.017690358092118, 44.18245570935141
1.1400000000000008, 31.435326975534863, 45.00809809126392
1.1500000000000008, 31.88614539300157, 45.79136982483718
1.1600000000000008, 32.36652178272932, 46.5312009088695
1.1700000000000008, 32.87283969139664, 47.226834321559345
1.1800000000000008, 33.4015187073399, 47.87781745911345
1.1900000000000008, 33.9490414756957, 48.48399078601655
1.2000000000000008, 34.511978781826826, 49.045473966134736
1.2100000000000009, 35.087012465460255, 49.56264977178725
1.2200000000000009, 35.67095597270114, 50.03614608930807
1.2300000000000009, 36.26077239943698, 50.466816354219304
1.2400000000000009, 36.85358992655733, 50.85571875691491
1.2500000000000009, 37.44671459385792, 51.2040945608367
1.260000000000001, 38.03764040449951, 51.513345869805114
1.270000000000001, 38.624056794554264, 51.78501316987989
1.280000000000001, 39.203853541700454, 52.02075295443257
1.290000000000001, 39.77512322284268, 52.22231571968073
1.300000000000001, 40.336161361792875, 52.391524592511985
1.310000000000001, 40.88546443474268, 52.53025482381801
1.320000000000001, 41.421725922827946, 52.64041434960041
1.330000000000001, 41.943830617512404, 52.72392558963927
1.340000000000001, 42.45084739581817, 52.782708620351784
1.350000000000001, 42.94202068875101, 52.81866582538945
1.360000000000001, 43.41676086786764, 52.8336680952449
1.370000000000001, 43.87463377216897, 52.82954261630288
1.380000000000001, 44.31534959081449, 52.808062260924956
1.390000000000001, 44.73875130703846, 52.77093656375674
1.400000000000001, 45.14480289564885, 52.719804245840464
1.410000000000001, 45.53357745116747, 52.656227227551774
1.420000000000001, 45.90524540659177, 52.58168605400489
1.430000000000001, 46.2600629844795, 52.49757664243574
1.440000000000001, 46.59836100310333, 52.405208250143765
1.450000000000001, 46.920534141281514, 52.30580255373747
1.460000000000001, 47.22703074660021, 52.200493725508856
1.470000000000001, 47.5183432534851, 52.09032939052783
1.480000000000001, 47.79499926027541, 51.9762723482288
1.490000000000001, 48.05755329836011, 51.85920294455979
1.500000000000001, 48.306579311750404, 51.73992198486608
1.5100000000000011, 48.542663852319805, 51.61915408326659
1.5200000000000011, 48.766399984422925, 51.497551351038595
1.5300000000000011, 48.97838188273532, 51.37569733415408
1.5400000000000011, 49.17920009892309, 51.2541111183283
1.5500000000000012, 49.369437466098574, 51.13325152849253
1.5600000000000012, 49.54966560486184, 51.013521358260995
1.5700000000000012, 49.720441990958, 50.89527157352969
1.5800000000000012, 49.88230754207055, 50.77880544265864
1.5900000000000012, 50.035784679883285, 50.66438255361378
1.6000000000000012, 50.181375823134005, 50.55222268587792
1.6100000000000012, 50.319562267808266, 50.44250951180588
1.6200000000000012, 50.45080341173903, 50.335394108347536
1.6300000000000012, 50.575536282554474, 50.23099826566705
0.02, 50.694175330025296, 50.12941758413872
0.03, 51.648082100469175, 49.47163735757273
0.04, 52.6533711357964, 48.91976572052511
0.05, 53.694884137523374, 48.47564030504945
0.060000000000000005, 54.75812997865505, 48.13894637172282
0.07, 55.82954545567143, 47.90746655121372
0.08, 56.896697619519315, 47.77734947640991
0.09, 57.948429874697005, 47.743386664040365
0.09999999999999999, 58.97495549194416, 47.799288316836936
0.10999999999999999, 59.96790329986064, 47.937950133252585
0.11999999999999998, 60.92032111796564, 48.15170467270347
0.12999999999999998, 61.82664298918799, 48.432552277269224
0.13999999999999999, 62.68262649068725, 48.77236794946761
0.15, 63.485266380557306, 49.16308189121331
0.16, 64.23269061053101, 49.596832590453076
0.17, 64.92404433981262, 50.0660923766026
0.18000000000000002, 65.5593670619215, 50.563766239427956
0.19000000000000003, 66.13946734348437, 51.08326541195859
0.20000000000000004, 66.66579900765329, 51.61855775717368
0.21000000000000005, 67.1403419082878, 52.1641973776553
0.22000000000000006, 67.56548976298969, 52.71533609941174
0.23000000000000007, 67.94394686739459, 53.26771958183487
0.24000000000000007, 68.27863491848308, 53.817670794113035
0.25000000000000006, 68.5726106445341, 54.362063494642086
0.26000000000000006, 68.82899448218025, 54.8982881746164
0.2700000000000001, 69.0509101607815, 55.42421269991171
0.2800000000000001, 69.24143475102278, 55.938139624992836
0.2900000000000001, 69.4035585050471, 56.43876187524124
0.3000000000000001, 69.54015365385703, 56.92511821372218
0.3100000000000001, 69.65395122670787, 57.39654963630394
0.3200000000000001, 69.74752490826735, 57.85265758388195
0.3300000000000001, 69.82328094347753, 58.29326462841661
0.34000000000000014, 69.88345312843371, 58.718378084457264
0.35000000000000014, 69.93010197977233, 59.128156821705865
0.36000000000000015, 69.96511724737346, 59.522881407242906
0.37000000000000016, 69.9902230189254, 59.90292758727421
0.38000000000000017, 70.0069847544084, 60.26874302568969
0.3900000000000002, 70.01681767924194, 60.62082714774363
0.4000000000000002, 70.02099605314892, 60.95971388879357
0.4100000000000002, 70.02066291510702, 61.28595711715193
0.4200000000000002, 70.01683998130987, 61.6001184836306
0.4300000000000002, 70.01043744178222, 61.90275744537953
0.4400000000000002, 70.00226346169514, 62.19442321548346
0.45000000000000023, 69.99303324547435, 62.475648400145275
0.46000000000000024, 69.98337756578483, 62.74694410014624
0.47000000000000025, 69.97385069594087, 63.00879627096807
0.48000000000000026, 69.96493771391184, 63.26166315514503
0.49000000000000027, 69.95706116962823, 63.505973620038276
0.5000000000000002, 69.95058712552044, 63.742126253501134
0.5100000000000002, 69.94583059391013, 63.97048908826842
0.5200000000000002, 69.94306040474164, 64.19139984297757
0.5300000000000002, 69.94250354384813, 64.40516658328673
0.5400000000000003, 69.94434900608283, 64.61206872048751
0.5500000000000003, 69.94875120972397, 64.81235827729932
0.5600000000000003, 69.95583301902276, 65.0062613612265
0.5700000000000003, 69.9656884209798, 65.19397979505452
0.5800000000000003, 69.97838490071415, 65.37569286187943
0.5900000000000003, 69.99396555738487, 65.5515591286492
0.6000000000000003, 70.01245099974044, 65.72171831769234
0.6100000000000003, 70.0338410571718, 65.88629320026853
0.6200000000000003, 70.05811633875805, 66.04539148993875
0.02, 70.08523966932265, 66.19910771665212
0.03, 69.90363182195749, 65.67308346679337
0.04, 69.65253629713735, 65.18782934018442
0.05, 69.3429312708524, 64.74524276100406
0.060000000000000005, 68.98372184886037, 64.34527255866176
0.07, 69.38553786561172, 64.70382886835387
0.08, 69.82078403260381, 65.01531513635571
0.09, 70.2820403685414, 65.27737269819224
0.09999999999999999, 70.76200265171644, 65.48881977676088
0.10999999999999999, 71.25364825548445, 65.64954973369852
0.11999999999999998, 71.75037279172754, 65.7604121048086
0.12999999999999998, 72.24609744956221, 65.82308255005262
0.13999999999999999, 72.7353478975156, 65.83992728852716
0.15, 73.21330641640371, 65.81386693116364
0.16, 73.67583955044955, 65.74824390405317
0.17, 74.11950401292277, 65.64669690552856
0.18000000000000002, 74.54153387057889, 65.51304508929638
0.19000000000000003, 74.93981217253997, 65.35118393922157
0.20000000000000004, 75.31283020087237, 65.16499412005646
0.21000000000000005, 75.65963742094947, 64.9582639694387
0.22000000000000006, 75.97978502001281, 64.73462575239563
0.23000000000000007, 76.27326566291266, 64.49750533850911
0.24000000000000007, 76.54045178523137, 64.25008458769781
0.25000000000000006, 76.78203440518809, 63.99527544326159
0.26000000000000006, 76.99896408448053, 63.73570452700605
0.2700000000000001, 77.1923953198919, 63.473706904724146
0.2800000000000001, 77.36363531486015, 63.21132763271627
0.2900000000000001, 77.51409777330255, 62.95032969758371
0.3000000000000001, 77.64526208406997, 62.69220701163843
0.3100000000000001, 77.75863802808142, 62.43820121415318
0.3200000000000001, 77.8557359436533, 62.18932114388422
0.3300000000000001, 77.9380421288828, 61.94636398114944
0.34000000000000014, 78.00699914154366, 61.70993719962995
0.35000000000000014, 78.06399057384765, 61.48048061165524
0.36000000000000015, 78.11032982772825, 61.25828793008632
0.37000000000000016, 78.1472523915621, 61.04352740047519
0.38000000000000017, 78.17591111676767, 60.83626117572668
0.3900000000000002, 78.1973740078563, 60.63646321000025
0.4000000000000002, 78.2126240678559, 60.44403553808942
0.4100000000000002, 78.22256077858479, 60.258822880892936
0.4200000000000002, 78.22800283853545, 60.080625577408625
0.4300000000000002, 78.22969182720175, 59.90921088999708
0.4400000000000002, 78.22829651118448, 59.74432276386471
0.02, 78.2244175525175, 59.58569014537819
0.03, 78.20588345802928, 59.300054532092844
0.04, 78.17782301486521, 59.02661246086221
0.05, 78.14179963795505, 58.76504028341104
0.060000000000000005, 78.09922416696311, 58.51492185993334
0.07, 78.05136155334824, 58.275773079823246
0.08, 77.9993393512515, 58.047062950699555
0.09, 77.94415737540697, 57.82823145763046
0.09999999999999999, 77.8866979995663, 57.61870444952042
0.10999999999999999, 77.82773667178823, 57.41790584142755
0.11999999999999998, 77.76795231593107, 57.22526743469505
0.12999999999999998, 77.70793737047319, 57.040236655466245
0.13999999999999999, 77.64820728593115, 56.8622825002272
0.15, 77.58920936086861, 56.69089995777981
0.16, 77.53133084448423, 56.52561315323217
0.17, 77.47490627202546, 56.365977433405014
0.18000000000000002, 77.42022402895225, 56.21158058619355
0.02, 77.36753216208369, 56.06204336015152
0.03, 77.28323784941284, 55.87414694307638
0.04, 77.18830061340047, 55.70053394794907
0.05, 77.08497419610244, 55.541048629438855
0.060000000000000005, 76.97527116091827, 55.39526920271512
0.07, 76.86095502878013, 55.262571804521116
0.08, 76.74354321402001, 55.14218736798668
0.09, 76.62431806586369, 55.033250642565484
0.02, 76.50434359087829, 54.93484118409844
0.03, 76.27111730908447, 54.77467756999882
0.04, 76.03560469433069, 54.63935936078267
0.05, 75.80037347874278, 54.526829379642656
0.060000000000000005, 75.5674514470227, 54.43492106267772
0.07, 75.3383812477398, 54.36144737795849
0.08, 75.11428141390819, 54.304268397284545
0.09, 74.8959089944071, 54.26133982896814
0.09999999999999999, 74.68372039237941, 54.23074527961384
0.10999999999999999, 74.47792807860505, 54.21071515593729
0.11999999999999998, 74.27855175375605, 54.19963502870457
0.12999999999999998, 74.08546325726121, 54.19604603759861
0.13999999999999999, 73.89842506618817, 54.19863958417673
0.15, 73.71712261232642, 54.20624819202076
0.16, 73.54119089412893, 54.21783404654476
0.17, 73.37023599963948, 54.23247638679829
0.18000000000000002, 73.2038522136418, 54.24935862244647
0.19000000000000003, 73.04163538089098, 54.2677557971985
0.02, 72.88319315745075, 54.287022815747896
0.03, 72.66108746889306, 54.293862314013275
0.04, 72.44803080200035, 54.28241598128716
0.05, 72.24484652670313, 54.25536013528855
0.060000000000000005, 72.05190202124948, 54.21516857386454
0.07, 71.8692022722447, 54.164076389755124
0.08, 71.69647475003374, 54.10406483819767
0.09, 71.53324335875512, 54.0368620589878
0.09999999999999999, 71.3788906656346, 53.96395499432766
0.10999999999999999, 71.23270863032508, 53.886608565522515
0.11999999999999998, 71.09393872328899, 53.80588895253764
0.02, 70.96180270295412, 53.722688573947345
0.03, 70.82122978529853, 53.63818012879554
0.04, 70.67936120139936, 53.557276728763576
0.05, 70.53601821409825, 53.48025630030343
0.060000000000000005, 70.39106699707281, 53.40739922327502
0.07, 70.24441778906696, 53.338987523670326
0.08, 70.09602407036904, 53.275303617139414
0.09, 69.94588172502921, 53.21662867397218
0.09999999999999999, 69.7940281525871, 53.16324066883479
0.10999999999999999, 69.64054129463331, 53.11541217284
0.11999999999999998, 69.48553854401598, 53.07340794114757
0.12999999999999998, 69.32917550768168, 53.037482345969636
0.13999999999999999, 69.17164459783082, 53.00787670235095
0.15, 69.01317343014088, 52.98481653218549
0.02, 68.85402301217036, 52.96850881042935
0.03, 69.03809617231539, 52.969200094740394
0.04, 69.21806424491467, 52.953777551944185
0.05, 69.39369109629556, 52.924355745784105
0.060000000000000005, 69.56507875283532, 52.88275246579707
0.07, 69.732563581146, 52.83050552586511
0.08, 69.89663795559221, 52.76890202233868
0.09, 69.73538273816628, 52.838791476056855
0.09999999999999999, 69.57860655853871, 52.916341793326495
0.10999999999999999, 69.426777797482, 53.00133051452831
0.11999999999999998, 69.28035424131427, 53.09349329885778
0.12999999999999998, 69.13977876444918, 53.19252487143951
0.13999999999999999, 69.00547511138222, 53.29808040134793
0.15, 68.87784382500072, 53.40977730492407
0.16, 68.7572583679903, 53.52719746268792
0.17, 68.64406148319671, 53.64988983206421
0.18000000000000002, 68.53856183707958, 53.77737343216751
0.19000000000000003, 68.44103098786942, 53.90914067113565
0.20000000000000004, 68.35170071673161, 54.04466098106595
0.21000000000000005, 68.27076075618997, 54.18338472060347
0.02, 68.19835694532041, 54.32474730075828
0.03, 68.05042844342564, 54.641392256459106
0.04, 67.91704447986227, 54.95710697904813
0.05, 67.79818368527053, 55.27146791423591
0.060000000000000005, 67.69378862271074, 55.5840166876995
0.07, 67.60376333841917, 55.89426603320162
0.08, 67.52797135070175, 56.20170576130623
0.09, 67.466234111046, 56.505808737895954
0.09999999999999999, 67.4183299632741, 56.80603683613878
0.10999999999999999, 67.3839936182318, 57.101846821058395
0.11999999999999998, 67.36291615316146, 57.392696122485034
0.12999999999999998, 67.35474553661354, 57.67804844993399
0.13999999999999999, 67.35908767159934, 57.957379201887136
0.15, 67.37550794178014, 58.23018062203037
0.16, 67.40353323793093, 58.49596665619627
0.17, 67.44265443482477, 58.75427746602661
0.18000000000000002, 67.49232928216527, 59.004683558633324
0.19000000000000003, 67.5519856673558, 59.24678949571152
0.20000000000000004, 67.6210252028317, 59.48023715053726
0.21000000000000005, 67.69882708647945, 59.70470848694757
0.22000000000000006, 67.78475218039299, 59.91992784061541
0.23000000000000007, 67.87814725092467, 60.125663689557506
0.24000000000000007, 67.97834931170594, 60.32172990769705
0.25000000000000006, 68.08469001105239, 60.507986502295346
0.26000000000000006, 68.19650000591842, 60.68433984301391
0.2700000000000001, 68.31311326629495, 60.85074239712356
0.2800000000000001, 68.43387125659623, 61.007191991799466
0.2900000000000001, 68.55812694408719, 61.15373063040119
0.3000000000000001, 68.68524858866823, 61.29044289501867
0.3100000000000001, 68.81462327325761, 61.41745397226959
0.3200000000000001, 68.94566013947158, 61.53492734328
0.3300000000000001, 69.07779329917571, 61.643062181907425
0.34000000000000014, 69.21048439863253, 61.742090507535046
0.35000000000000014, 69.34322481826844, 61.832274140158916
0.02, 69.47553749739198, 61.913901506010596
0.03, 69.66994807953522, 62.01518070440056
0.04, 69.86627410381455, 62.100321084314594
0.05, 70.06299828718801, 62.16980569434768
0.060000000000000005, 70.25873188642558, 62.22424951250367
0.07, 70.45222191750992, 62.264377215495806
0.08, 70.64235524214382, 62.29100149844468
0.09, 70.82815979761023, 62.30500230681137
0.09999999999999999, 71.00880327648797, 62.307307281823554
0.10999999999999999, 71.18358958258236, 62.2988736595489
0.11999999999999998, 71.35195339937447, 62.28067180374445
0.12999999999999998, 71.51345320806654, 62.253670495105695
0.02, 71.66776308484387, 62.21882404580013
0.03, 71.90425576689393, 62.147685692048945
0.04, 72.12798318918075, 62.063398687519175
0.05, 72.33848252814943, 61.9677792140511
0.060000000000000005, 72.53551151836278, 61.86257287962619
0.07, 72.71902358720769, 61.74943464469572
0.08, 72.8891425263629, 61.62991354519117
0.09, 73.04613738669319, 61.505441851619
0.09999999999999999, 73.19039816862532, 61.377328238152366
0.10999999999999999, 73.32241276616617, 61.24675449362774
0.11999999999999998, 73.44274551325951, 61.114775285546315
0.12999999999999998, 73.55201757913493, 60.98232048585181
0.13999999999999999, 73.65088936692354, 60.85019958042836
0.02, 73.7400449886206, 60.71910770985867
0.03, 73.82616296019998, 60.5798628505961
0.02, 73.90328406034223, 60.442858763664326
0.03, 73.97707218282443, 60.29857789419887
0.02, 74.04263391565704, 60.15748512407385
0.03, 74.10668369724114, 60.006005910675576
0.02, 74.16337538878167, 59.85864759167999
0.03, 74.21801544166158, 59.70254832708755
