0.01, 100.0, 90.0
0.01, 100.0, 90.0
0.02, 97.20356127575397, 90.79368158699647
0.03, 94.79707137239183, 92.2206544200886
0.04, 92.86525138649705, 94.11742151358894
0.05, 91.43875871834625, 96.33875179292929
0.060000000000000005, 90.51425171871466, 98.76610802172956
0.07, 90.07029907790522, 101.3076407664124
0.08, 90.06256262922025, 98.72123196155083
0.09, 89.62438389582812, 96.19699866875729
0.09999999999999999, 88.79659756043885, 93.81152832755792
0.10999999999999999, 87.63166570893894, 91.62548184413471
0.11999999999999998, 86.18877694592503, 89.68290242837693
0.12999999999999998, 84.52944153119866, 88.01176827315945
0.13999999999999999, 82.71381662084191, 86.62548154088556
0.15, 80.79787859937603, 85.52497535024919
0.16, 78.83145980066523, 84.70114269262007
0.17, 76.99770878200583, 83.77736234475724
0.18000000000000002, 75.28959125220237, 82.77498350799692
0.19000000000000003, 73.69828871748479, 81.71204916773453
0.20000000000000004, 72.21389412262909, 80.60357242529817
0.21000000000000005, 70.82595377416705, 79.46187236225275
0.22000000000000006, 69.52387414038603, 78.29693320831814
0.23000000000000007, 68.2972149125808, 77.1167609741381
0.24000000000000007, 67.13588990777258, 75.92772045478365
0.25000000000000006, 66.03029591084155, 74.73484244181073
0.26000000000000006, 64.97138713273915, 73.54209617376708
0.2700000000000001, 63.95071015037507, 72.35262572030442
0.2800000000000001, 62.96041136744429, 71.16895140904073
0.2900000000000001, 61.99322642358713, 69.99313885104766
0.3000000000000001, 61.04245870139994, 68.82693885984057
0.3100000000000001, 60.10195217926285, 67.67190180864995
0.3200000000000001, 59.16606234561453, 66.52946990442173
0.3300000000000001, 58.22962769201363, 65.40105060384407
0.34000000000000014, 57.28794339003534, 64.28807404872522
0.35000000000000014, 56.33673807973755, 63.192037017192185
0.36000000000000015, 55.37215420696952, 62.114535512572324
0.37000000000000016, 54.39073200092893, 61.05728776611066
0.38000000000000017, 53.38939694680045, 60.022149124173986
0.3900000000000002, 52.365450452623676, 59.01112002919527
0.4000000000000002, 53.41433759268596, 59.995891972728394
0.4100000000000002, 52.34464913296566, 59.03122628094047
0.4200000000000002, 51.25572584229207, 58.092684781885886
0.4300000000000002, 50.14536421481359, 57.182499057822334
0.4400000000000002, 51.278989002284334, 58.06198541233575
0.45000000000000023, 50.12461052448553, 57.205734604085926
0.46000000000000024, 48.95313077802194, 56.37949861595744
0.47000000000000025, 47.76283093766848, 55.58566099937633
0.48000000000000026, 46.55237743968051, 54.82667524224243
0.49000000000000027, 45.32081698721598, 54.10505551358252
0.5000000000000002, 46.57406190793147, 54.78674734231298
0.5100000000000002, 45.301016161658325, 54.13712338492257
0.5200000000000002, 44.013747409404004, 53.525593756513786
0.5300000000000002, 42.71168817875194, 52.95463918486704
0.5400000000000003, 41.3946474165064, 52.426733320327614
0.5500000000000003, 40.06280271292317, 51.944326881772085
0.5600000000000003, 38.71669189927123, 51.50982931324719
0.5700000000000003, 37.35720372854145, 51.12558843917024
0.5800000000000003, 35.985567374298924, 50.79386857238233
0.5900000000000003, 34.60334051310739, 50.5168275038525
0.6000000000000003, 33.212395790294245, 50.29649278341788
0.6100000000000003, 31.81490550607838, 50.134737685827744
0.6200000000000003, 30.41332439849215, 50.033257243981836
0.6300000000000003, 29.010370440485442, 49.993544720270194
0.6400000000000003, 27.609003610586118, 50.01686887617491
0.6500000000000004, 26.212402639033105, 50.104252388803744
0.6600000000000004, 24.823939773935592, 50.25645174996683
0.6700000000000004, 23.447153654277606, 50.47393896810747
0.6800000000000004, 22.08572041799565, 50.75688537532064
0.6900000000000004, 20.743423213399453, 51.10514782043768
0.7000000000000004, 19.424120320349168, 51.51825750445068
0.7100000000000004, 18.131712123295213, 51.995411686250755
0.7200000000000004, 16.870107210966268, 52.53546845473801
0.7300000000000004, 15.643187906593202, 53.136944727929375
0.7400000000000004, 14.454775557530015, 53.79801760096013
0.7500000000000004, 13.308595933451402, 54.516529123179545
0.7600000000000005, 12.208245097485234, 55.28999454032072
0.7700000000000005, 11.157156124248456, 56.11561399152113
0.7800000000000005, 10.158567042439714, 56.99028760341689
0.7900000000000005, 9.215490377130752, 57.910633875342356
0.8000000000000005, 8.33068465802044, 58.87301120161566
0.8100000000000005, 7.506628244611095, 59.87354232980747
0.8200000000000005, 6.745495797598398, 60.90814150863293
0.8300000000000005, 6.049137697923707, 61.97254403654535
0.8400000000000005, 5.419062681242984, 63.06233788310403
0.8500000000000005, 4.856423916473977, 64.17299702056572
0.8600000000000005, 4.362008713176199, 65.29991607368235
0.8700000000000006, 3.9362319945019335, 66.43844587207322
0.8800000000000006, 3.5791336211476614, 67.58392947237711
0.8900000000000006, 3.2903795980471253, 68.73173820716009
0.9000000000000006, 3.0692671404714464, 69.87730731460499
0.9100000000000006, 2.914733520787531, 71.0161707075386
0.9200000000000006, 2.82536856245596, 72.14399445240203
0.9300000000000006, 2.7994305950141145, 73.2566085482118
0.9400000000000006, 2.83486563386032, 74.35003662210359
0.9500000000000006, 2.929329502654364, 75.420523191236
0.9600000000000006, 3.0802125750286, 76.4645581800467
0.9700000000000006, 3.284666776911833, 77.4788984263351
0.9800000000000006, 3.539634461831242, 78.46058595850884
0.9900000000000007, 3.8418787496572735, 79.40696287857953
1.0000000000000007, 4.1880149048128885, 80.31568274005176
1.0100000000000007, 4.5745423232280435, 81.1847183655847
1.0200000000000007, 4.9978766983478, 82.01236610506386
1.0300000000000007, 5.454381945179498, 82.79724658934909
1.0400000000000007, 5.940401477392164, 83.53830208735125
1.0500000000000007, 6.4522884553895965, 84.2347906231843
1.0600000000000007, 6.986434652439618, 84.88627705498912
1.0700000000000007, 7.5392976205891395, 85.49262135679452
1.0800000000000007, 8.107425877345392, 86.05396437877309
1.0900000000000007, 8.687481876985295, 86.57071138892869
1.1000000000000008, 9.27626257583371, 87.04351372024409
1.1100000000000008, 9.870717447862111, 87.47324886142917
1.1200000000000008, 10.467963854435853, 87.86099933661731
1.1300000000000008, 11.065299718943539, 88.2080307198113
1.1400000000000008, 11.660213502395097, 88.51576912388725
1.1500000000000008, 12.25039151897754, 88.78577849198086
1.1600000000000008, 12.833722670213907, 89.01973800168491
1.1700000000000008, 13.408300712107987, 89.21941987036453
1.1800000000000008, 13.972424200936148, 89.38666782381338
1.1900000000000008, 14.524594289771352, 89.52337646124774
1.2000000000000008, 15.06351056914281, 89.63147171811292
1.2100000000000009, 15.588065161341158, 89.71289259520736
1.2200000000000009, 16.09733528880538, 89.76957428903913
1.2300000000000009, 16.590574542933258, 89.80343282490102
1.2400000000000009, 17.067203080815567, 89.81635126160144
1.2500000000000009, 17.52679697417686, 89.81016750575832
1.260000000000001, 17.969076927663163, 89.78666374460101
1.270000000000001, 18.393896573059912, 89.7475574797772
1.280000000000001, 18.801230532602457, 89.69449412107402
1.290000000000001, 19.19116242882795, 89.62904107847436
1.300000000000001, 19.563873000984724, 89.5526832737188
1.310000000000001, 19.919628469422502, 89.46681997857416
1.320000000000001, 20.258769270164056, 89.37276287627719
1.330000000000001, 20.58169926249481, 89.27173523500487
1.340000000000001, 20.888875493339455, 89.1648720775363
1.350000000000001, 21.180798583804208, 89.05322122927619
1.360000000000001, 21.45800378586817, 88.93774512723023
1.370000000000001, 21.721052741062284, 88.81932327505311
1.380000000000001, 21.97052595827138, 88.69875523361237
1.390000000000001, 22.207016014664845, 88.57676404230277
1.400000000000001, 22.43112147227972, 88.45399997329011
1.410000000000001, 22.643441492970194, 88.33104452865739
1.420000000000001, 22.844571126278844, 88.20841459878832
1.430000000000001, 23.035097238219226, 88.08656670899752
1.440000000000001, 23.2155950438972, 87.96590129017575
1.450000000000001, 23.386625203226785, 87.84676691786781
1.460000000000001, 23.54873143658582, 87.7294644725754
1.470000000000001, 23.70243861596623, 87.61425118204623
1.480000000000001, 23.848251286858126, 87.50134451377235
1.490000000000001, 23.986652576619495, 87.39092589280102
1.500000000000001, 24.118103446282326, 87.2831442262131
1.5100000000000011, 24.243042244495705, 87.17811922122202
0.01, 24.361884524481077, 87.07594448878453
0.02, 24.565751089533972, 86.8828124769854
0.03, 24.752931196995164, 86.68828702893492
0.04, 24.92434950970612, 86.49357409345832
0.05, 25.08096694699059, 86.29972130785758
0.060000000000000005, 25.223762534812096, 86.10762735031483
0.07, 25.35371783806581, 85.918052412942
0.08, 25.471803862207874, 85.73162938483642
0.09, 25.57897027022899, 85.54887538958204
0.09999999999999999, 25.676136731674784, 85.37020337671203
0.10999999999999999, 25.76418620173719, 85.19593351995506
0.11999999999999998, 25.843959918976992, 85.02630422525573
0.12999999999999998, 25.916253908517195, 84.86148259759653
0.13999999999999999, 25.981816782108314, 84.70157425690384
0.15, 26.041348635916112, 84.54663242944513
0.01, 26.095500859934692, 84.39666627202664
0.02, 26.04636092141457, 84.7085541342066
0.03, 26.040349919719255, 84.39192785087307
0.04, 25.981989665672465, 84.083868409293
0.05, 25.876441836579712, 83.79358603328203
0.060000000000000005, 25.73023532437826, 83.52832444638165
0.07, 25.550669827905548, 83.29329182600083
0.08, 25.34528352444327, 83.09174083184263
0.09, 25.121412104350533, 82.92515970336534
0.09999999999999999, 24.88585226038527, 82.79353553153295
0.10999999999999999, 24.64463075238076, 82.6956538439642
0.11999999999999998, 24.419567230970255, 82.58527649796196
0.12999999999999998, 24.20984414256528, 82.46504407877178
0.13999999999999999, 24.014415893529428, 82.33719353129807
0.15, 23.832095469185624, 82.20359034034611
0.16, 23.66162222860957, 82.06576854039939
0.17, 23.501713055296502, 81.92497401174501
0.18000000000000002, 23.35109942675281, 81.7822077959395
0.19000000000000003, 23.208553021343818, 81.63826724603813
0.20000000000000004, 23.072902321117, 81.49378369115743
0.21000000000000005, 22.943042386742057, 81.34925594681515
0.22000000000000006, 22.81793964416576, 81.20507946632326
0.23000000000000007, 22.696633179656807, 81.06157123703906
0.24000000000000007, 22.578233720246676, 80.91899071290922
0.25000000000000006, 22.461921195993163, 80.77755717328809
0.26000000000000006, 22.346941545069832, 80.63746393451547
0.2700000000000001, 22.232603232150048, 80.49888983673598
0.2800000000000001, 22.11827380098016, 80.36200840016897
0.2900000000000001, 22.003376667749574, 80.226995004111
0.3000000000000001, 21.887388276713892, 80.09403239625641
0.3100000000000001, 21.769835677638447, 79.96331479448209
0.3200000000000001, 21.650294540807863, 79.83505080101206
0.3300000000000001, 21.5283875952265, 79.70946531136934
0.34000000000000014, 21.403783455685595, 79.58680056830296
0.35000000000000014, 21.531371119541927, 79.70628465267986
0.36000000000000015, 21.401269599787412, 79.58920614616412
0.37000000000000016, 21.268870464199548, 79.47528979649684
0.38000000000000017, 21.13390304524423, 79.3648060382716
0.3900000000000002, 21.27166330776487, 79.4715732806418
0.4000000000000002, 21.131389335994903, 79.36759841368544
0.4100000000000002, 20.989065057587936, 79.26725584831293
0.4200000000000002, 20.84447911054437, 79.17083467048721
0.4300000000000002, 20.697466993545415, 79.07863240983069
0.4400000000000002, 20.547910448229615, 78.9909539501312
0.45000000000000023, 20.70008399064594, 79.07379791751211
0.46000000000000024, 20.54550621551826, 78.99482642738828
0.47000000000000025, 20.3892132736125, 78.92046709973648
0.48000000000000026, 20.23113409232203, 78.85102110581965
0.49000000000000027, 20.071243355653618, 78.7867887947865
0.5000000000000002, 19.90956055943048, 78.72806778787886
0.5100000000000002, 19.74614899205553, 78.67515076717481
0.5200000000000002, 19.581114605527205, 78.6283230184217
0.5300000000000002, 19.41460474441485, 78.58785978336729
0.5400000000000003, 19.246806704164424, 78.55402347384937
0.5500000000000003, 19.077946094252233, 78.52706079750504
0.5600000000000003, 18.90828498621132, 78.50719984309559
0.5700000000000003, 18.73811983132853, 78.49464717191738
0.5800000000000003, 18.567779137775112, 78.48958496042216
0.5900000000000003, 18.397620902026777, 78.49216823785801
0.6000000000000003, 18.228029794591905, 78.50252226134504
0.6100000000000003, 18.059414105243768, 78.52074006921815
0.6200000000000003, 17.892202458086636, 78.54688025161799
0.6300000000000003, 17.726840311818226, 78.58096497512662
0.6400000000000003, 17.56378626541986, 78.6229782956765
0.6500000000000004, 17.403508194146728, 78.67286479097584
0.6600000000000004, 17.246479245036603, 78.73052854027252
0.6700000000000004, 17.09317372513811, 78.79583247541976
0.6800000000000004, 16.944062919210644, 78.86859812291962
0.6900000000000004, 16.799610876700307, 78.94860575193287
0.7000000000000004, 16.66027021028576, 79.03559493819425
0.7100000000000004, 16.52647795015552, 79.12926554841441
0.7200000000000004, 16.398651499371848, 79.22927914414872
0.7300000000000004, 16.277184736152016, 79.33526079834513
0.7400000000000004, 16.162444308622497, 79.44680131193473
