0.01, 80.0, 40.0
0.01, 80.0, 40.0
0.02, 77.6114191885388, 39.41290400519219
0.03, 75.47931938709516, 38.34280837329291
0.04, 73.6557490514576, 36.88957857524714
0.05, 72.16375363652806, 35.140019377413516
0.060000000000000005, 71.00838710051809, 33.165261424590334
0.07, 71.83193326409048, 35.30881110842735
0.08, 72.3069136599489, 37.53178160043987
0.09, 72.44167889020089, 39.76773764724242
0.09999999999999999, 72.2565984948342, 41.958037006016895
0.10999999999999999, 71.7811040357779, 44.05346769664531
0.11999999999999998, 71.05074396856031, 46.01502643580853
0.12999999999999998, 70.10444791942126, 47.81396055410271
0.13999999999999999, 68.98213867041329, 49.431224955331245
0.15, 67.7227731395495, 50.856515489044796
0.16, 66.36284343249442, 52.08703434957021
0.17, 64.93532838404377, 53.12612612106431
0.18000000000000002, 63.46905607979377, 53.98189913727582
0.19000000000000003, 61.98841854180593, 54.66591975368255
0.20000000000000004, 60.51337001463338, 55.19204007991456
0.21000000000000005, 59.05963843025943, 55.575395012188444
0.22000000000000006, 57.63908370605988, 55.83158352508251
0.23000000000000007, 56.26014456465169, 55.97603285674503
0.24000000000000007, 54.92832576699637, 56.0235325544992
0.25000000000000006, 53.646688539314866, 55.98791798150145
0.26000000000000006, 52.416317438746205, 55.881879169945975
0.2700000000000001, 51.23674620286862, 55.71687005162711
0.2800000000000001, 50.106332858422284, 55.503094292926505
0.2900000000000001, 49.02258038951741, 55.249546467121824
0.3000000000000001, 47.98240364755724, 54.96409049150318
0.3100000000000001, 46.98234611296206, 54.65356066218146
0.3200000000000001, 46.01875184686717, 54.32387389991532
0.3300000000000001, 45.087898771550854, 53.980144766289754
0.34000000000000014, 44.18609954884249, 53.62679731394704
0.35000000000000014, 43.30977600928169, 53.267669865987585
0.36000000000000015, 42.455512501498404, 52.906110397911405
0.37000000000000016, 41.620092817449034, 52.54506137055429
0.38000000000000017, 40.80052460120564, 52.187133698534666
0.3900000000000002, 39.99405443006149, 51.834670102799585
0.4000000000000002, 39.19817610388553, 51.48979845075062
0.4100000000000002, 38.410634109988436, 51.1544758878834
0.4200000000000002, 37.62942375126704, 50.83052465606413
0.4300000000000002, 36.852789031824464, 50.51966051112909
0.4400000000000002, 36.07921907869303, 50.22351462343752
0.45000000000000023, 35.30744363062627, 49.94364978903034
0.46000000000000024, 34.536427934578455, 49.68157170995101
0.47000000000000025, 33.76536724735802, 49.43873602931575
0.48000000000000026, 32.993681034962826, 49.216551735724096
0.49000000000000027, 32.2210068874804, 49.01638148597108
0.5000000000000002, 31.44719411665146, 48.839539336448
0.5100000000000002, 30.672296970938717, 48.687286322644475
0.5200000000000002, 29.896567384960818, 48.5608242826054
0.5300000000000002, 29.120447173083903, 48.46128828343008
0.5400000000000003, 28.344559578184665, 48.38973797907008
0.5500000000000003, 27.569700094069212, 48.3471482018303
0.5600000000000003, 26.796826492170577, 48.33439906813394
0.5700000000000003, 26.027047998724576, 48.35226586034811
0.5800000000000003, 25.261613586673683, 48.40140892992525
0.5900000000000003, 24.50189936630095, 48.48236385202715
0.6000000000000003, 23.749395079421245, 48.59553204749047
0.6100000000000003, 23.005689723324796, 48.74117207388841
0.6200000000000003, 22.27245635211738, 48.919391773062195
0.6300000000000003, 21.551436124218423, 49.13014144745108
0.6400000000000003, 20.844421685181388, 49.37320822154155
0.6500000000000004, 20.153239994331212, 49.64821172757335
0.6600000000000004, 19.479734721630518, 49.95460123615046
0.6700000000000004, 18.82574835736542, 50.29165433255668
0.6800000000000004, 18.193104191376257, 50.658477218389535
0.6900000000000004, 17.58358833036231, 51.05400669569454
0.7000000000000004, 16.99893193100225, 51.47701386726189
0.7100000000000004, 16.440793833024113, 51.926109562356814
0.7200000000000004, 15.910743779738144, 52.39975147216586
0.7300000000000004, 15.410246413764566, 52.89625295397371
0.7400000000000004, 14.940646232647737, 53.413793437898875
0.7500000000000004, 14.503153682705443, 53.95043034530282
0.7600000000000005, 14.098832559834243, 54.504112404158256
0.7700000000000005, 13.728588873159866, 55.07269422414323
0.7800000000000005, 13.393161311532623, 55.65395197344197
0.7900000000000005, 13.093113434134775, 56.24559998059592
0.8000000000000005, 12.828827685168896, 56.84530806864891
0.8100000000000005, 12.600501309074271, 57.45071941562747
0.8200000000000005, 12.408144217371193, 58.05946872540209
0.8300000000000005, 12.25157883150982, 58.66920048644589
0.8400000000000005, 12.13044189849258, 59.277587093135786
0.8500000000000005, 12.044188248070588, 59.882346605149735
0.8600000000000005, 11.992096432529104, 60.48125992524405
0.8700000000000006, 11.973276163026693, 61.07218718420917
0.8800000000000006, 11.98667743068369, 61.653083133976914
0.8900000000000006, 12.0311011766548, 62.22201136548236
0.9000000000000006, 12.105211353762094, 62.77715718668175
0.9100000000000006, 12.20754820335589, 63.31683901773403
0.9200000000000006, 12.336542555301053, 63.8395181843392
0.9300000000000006, 12.490530946674626, 64.34380701610583
0.9400000000000006, 12.6677713461484, 64.82847518406271
0.9500000000000006, 12.866459266272255, 65.29245423947118
0.9600000000000006, 13.084744045035881, 65.73484034435592
0.9700000000000006, 13.320745081140664, 66.15489521206848
0.9800000000000006, 13.572567814241172, 66.55204530316017
0.9900000000000007, 13.838319251810136, 66.92587934732661
1.0000000000000007, 14.116122857953014, 67.27614428569663
1.0100000000000007, 14.404132636086107, 67.6027397488282
1.0200000000000007, 14.700546256470638, 67.90571120406774
1.0300000000000007, 15.003617100689373, 68.18524192112487
1.0400000000000007, 15.311665117750913, 68.44164391659412
1.0500000000000007, 15.623086410077326, 68.67534804658708
1.0600000000000007, 15.936361491634912, 68.88689342157947
1.0700000000000007, 16.250062184375714, 69.0769163190707
1.0800000000000007, 16.562857142463177, 69.24613876782527
1.0900000000000007, 16.87351601598905, 69.39535697251765
1.1000000000000008, 17.18091228662939, 69.52542973980376
1.1100000000000008, 17.484024826571236, 69.63726705652061
1.1200000000000008, 17.78193824877089, 69.73181895824061
1.1300000000000008, 18.073842130951082, 69.81006481218317
1.1400000000000008, 18.359029207553746, 69.87300312293573
1.1500000000000008, 18.63689263305512, 69.92164195298726
1.1600000000000008, 18.90692242661021, 69.95699003315258
1.1700000000000008, 19.16870121197927, 69.98004862096865
1.1800000000000008, 19.421899368216007, 69.99180414845067
1.1900000000000008, 19.666269705833923, 69.99322168454495
1.2000000000000008, 19.901641780325424, 69.98523922250172
1.2100000000000009, 20.127915950234485, 69.96876278846214
1.2200000000000009, 20.345057280747515, 69.94466235500315
1.2300000000000009, 20.55308938625376, 69.91376853235485
1.2400000000000009, 20.752088296825143, 69.87687000058868
1.2500000000000009, 20.942176424361605, 69.83471163831084
1.260000000000001, 21.12351669451574, 69.78799329728145
1.270000000000001, 21.296306900705165, 69.73736916786888
1.280000000000001, 21.460774326774946, 69.6834476772614
1.290000000000001, 21.61717067538938, 69.62679186078473
0.01, 21.765767330186936, 69.56792014638258
0.02, 22.03356112344148, 69.43340898957297
0.03, 22.281629463479554, 69.28096729916763
0.04, 22.509199302642898, 69.11369599614503
0.05, 22.71593959678308, 68.93456350840167
0.060000000000000005, 22.90190570905703, 68.74635734021334
0.07, 23.067482022541178, 68.55164834262293
0.08, 23.213324907991485, 68.35276667172809
0.09, 23.340307799215882, 68.15178818068556
0.09999999999999999, 23.449469736710796, 67.95052984339598
0.10999999999999999, 23.541968366757022, 67.75055274269923
0.11999999999999998, 23.61903804068399, 67.55317116102006
0.12999999999999998, 23.681953356410208, 67.35946637330657
0.13999999999999999, 23.731998227063993, 67.17030384719887
0.15, 23.770440351745957, 66.98635269061342
0.16, 23.798510800892124, 66.80810634040591
0.17, 23.81738831066097, 66.63590364707373
0.18000000000000002, 23.828187803129104, 66.46994967092743
0.01, 23.831952606612724, 66.31033565799959
0.02, 23.782618410450684, 65.993121007432
0.03, 23.68120783898663, 65.69212697839176
0.04, 23.53440723855033, 65.41608033902811
0.05, 23.35002696400368, 65.17144336162788
0.060000000000000005, 23.179307427711176, 64.92610095539294
0.07, 23.02025397144093, 64.68083649588388
0.08, 22.871001051356927, 64.43620824735895
0.09, 22.729816232614894, 64.19260202874946
0.09999999999999999, 22.595098108607573, 63.950275698394165
0.10999999999999999, 22.465370400348387, 63.70939613964824
0.11999999999999998, 22.33927392392954, 63.470069603869995
0.12999999999999998, 22.215557643663036, 63.23236631553553
0.13999999999999999, 22.093069653891632, 62.99634021260027
0.15, 21.9707486440313, 62.76204461809769
0.16, 21.84761618607094, 62.52954454043591
0.17, 21.72277002765618, 62.298926195791324
0.18000000000000002, 21.595378464082877, 62.07030424609319
0.19000000000000003, 21.4646757878083, 61.84382715564446
0.20000000000000004, 21.599392810386963, 62.067973320504855
0.21000000000000005, 21.461671413084865, 61.84547613022821
0.22000000000000006, 21.320587721311473, 61.62544440532137
0.23000000000000007, 21.465705403306657, 61.8427870388233
0.24000000000000007, 21.317460739403923, 61.62727970159488
0.25000000000000006, 21.165877831996507, 61.41457352489034
0.26000000000000006, 21.321438879636506, 61.624219884736995
0.2700000000000001, 21.162658213622834, 61.41657920369674
0.2800000000000001, 21.000632732155648, 61.21208086370832
0.2900000000000001, 20.8347548358803, 61.0110158352243
0.3000000000000001, 21.005027369595314, 61.208324989450695
0.3100000000000001, 20.831198181845775, 61.01378312620742
0.3200000000000001, 20.653852930677978, 60.82305171658288
0.3300000000000001, 20.472476997310572, 60.63647885291624
0.34000000000000014, 20.658331658409377, 60.81851743280647
0.35000000000000014, 20.46875276604242, 60.63991422883816
0.36000000000000015, 20.27569228148135, 60.46583858549582
0.37000000000000016, 20.07872619581254, 60.296683825535986
0.38000000000000017, 20.2799537121749, 60.460502586968886
0.3900000000000002, 20.07497344177546, 60.300710155419786
0.4000000000000002, 19.86681988987103, 60.146155592707764
0.4100000000000002, 19.655157720095538, 59.99726354111335
0.4200000000000002, 19.43972107378017, 59.85447318701448
0.4300000000000002, 19.659129435295128, 59.99070964095697
0.4400000000000002, 19.436045092876668, 59.85958581045821
0.45000000000000023, 19.210234532110835, 59.734765735033854
0.46000000000000024, 18.98151069733654, 59.61669658265289
0.47000000000000025, 18.749755709002873, 59.505829408770516
0.48000000000000026, 18.514919680694284, 59.40261677412134
0.49000000000000027, 18.277019497179054, 59.30750981422361
0.5000000000000002, 18.03613749411451, 59.22095485342223
0.5100000000000002, 18.279855004673674, 59.29852005824542
0.5200000000000002, 18.0332960355299, 59.22839772978434
0.5300000000000002, 17.785438194039653, 59.16660612447226
0.5400000000000003, 17.536400583376576, 59.11354436225001
0.5500000000000003, 17.28636376738494, 59.069592988026294
0.5600000000000003, 17.035567243234336, 59.03511052176702
0.5700000000000003, 16.78430665886742, 59.01042982310679
0.5800000000000003, 16.532930748661144, 58.99585435203313
0.5900000000000003, 16.28183796701124, 58.99165440283373
0.6000000000000003, 16.0314728063419, 58.998063384655474
0.6100000000000003, 15.782321793168853, 59.01527421846309
0.6200000000000003, 15.534909163162277, 59.04343591670165
0.6300000000000003, 15.289792223541829, 59.08265040838797
0.6400000000000003, 15.047556418475098, 59.13296966854111
0.6500000000000004, 14.80881012033442, 59.19439320669775
0.6600000000000004, 14.574179176589643, 59.266865964660596
0.6700000000000004, 14.344301248672037, 59.350276668536885
0.6800000000000004, 14.119819985233779, 59.444456674506654
0.6900000000000004, 13.901379077747295, 59.549179341606724
0.7000000000000004, 13.689616251240246, 59.664159958139734
0.7100000000000004, 13.485157247051182, 59.789056241153986
0.7200000000000004, 13.288609857730476, 59.923469420845706
0.7300000000000004, 13.100558076522079, 60.06694591378672
0.7400000000000004, 12.921556425176911, 60.21897958067111
0.7500000000000004, 12.752124524114274, 60.379014555914175
0.7600000000000005, 12.592741968125907, 60.546448628048225
0.7700000000000005, 12.443843568888466, 60.72063714157673
0.7800000000000005, 12.305815022514341, 60.900897382911744
0.7900000000000005, 12.17898905624918, 61.08651340537518
0.8000000000000005, 12.063642103260824, 61.27674124113845
0.8100000000000005, 11.959991548324485, 61.47081444155061
0.8200000000000005, 11.868193580181243, 61.66794988169797
0.8300000000000005, 11.7883416785413, 61.86735376037495
0.8400000000000005, 11.720465755249462, 62.068227723035854
0.8500000000000005, 11.664531960175854, 62.269775032835156
0.8600000000000005, 11.620443153102691, 62.471206713619814
0.8700000000000006, 11.588040033422473, 62.6717475887602
0.8800000000000006, 11.567102910026996, 62.87064214101732
0.8900000000000006, 11.55735408453624, 63.06716012123781
0.9000000000000006, 11.558460812177225, 63.26060183750998
0.9100000000000006, 11.570038796355515, 63.45030306144182
0.9200000000000006, 11.591656165436248, 63.6356394943448
0.9300000000000006, 11.622837873623098, 63.81603074320922
0.9400000000000006, 11.663070462228855, 63.990943764298635
0.9500000000000006, 11.711807113184504, 64.1598957408119
0.9600000000000006, 11.768472923422545, 64.32245637018566
0.9700000000000006, 11.83247032685449, 64.4782495460489
0.9800000000000006, 11.90318459007095, 64.62695442939916
0.9900000000000007, 11.97998930862353, 64.76830591304896
