0.01, 50.0, 80.0
0.01, 50.0, 80.0
0.02, 49.33629202359795, 80.06273887554568
0.03, 48.73971552467639, 80.29480412013997
0.04, 48.241580849154126, 80.65780753576344
0.05, 47.85701317047756, 81.11432630658524
0.060000000000000005, 47.58979019859473, 81.63208907263275
0.07, 47.43689619232288, 82.18533392456854
0.08, 47.391962929597426, 82.75443749456946
0.09, 47.33645445875872, 82.184095494605
0.09999999999999999, 47.18755848629414, 81.63710164784213
0.10999999999999999, 46.95608529706723, 81.12935012110883
0.11999999999999998, 46.65501182404327, 80.67292658067775
0.12999999999999998, 46.298377425747944, 80.27608426597196
0.13999999999999999, 45.9003243169389, 79.9434832017648
0.15, 45.531877512449945, 79.60151992491963
0.16, 45.18984267444636, 79.25316178172787
0.17, 44.87106431886109, 78.90074769327704
0.18000000000000002, 44.57249210379846, 78.54609465229504
0.19000000000000003, 44.291222965156635, 78.19059539680752
0.20000000000000004, 44.02452497468387, 77.83530530941438
0.21000000000000005, 43.76984790862495, 77.48101790782003
0.22000000000000006, 43.524824590818525, 77.12832917061863
0.23000000000000007, 43.28726620307226, 76.77769147689854
0.24000000000000007, 43.05515398745228, 76.42945821853671
0.25000000000000006, 42.82662912000387, 76.08392024715276
0.26000000000000006, 42.59998201436479, 75.7413353053593
0.2700000000000001, 42.37364190649014, 75.40195151084082
0.2800000000000001, 42.14616726256957, 75.06602584527819
0.2900000000000001, 41.91623732386173, 74.73383847073812
0.3000000000000001, 41.682644937979376, 74.40570356811659
0.3100000000000001, 41.4442907114245, 74.08197727380882
0.3200000000000001, 41.200178440578135, 73.76306318609033
0.3300000000000001, 41.45094515316988, 74.07671054902403
0.34000000000000014, 41.1948633177045, 73.76688533883475
0.35000000000000014, 40.93339723077945, 73.46244473591337
0.36000000000000015, 41.20109948050023, 73.76100204300269
0.37000000000000016, 40.92807078432119, 73.46642051861758
0.38000000000000017, 40.650103102773535, 73.177764521837
0.3900000000000002, 40.36639107155904, 72.89557254783749
0.4000000000000002, 40.65654851983689, 73.17072254352075
0.4100000000000002, 40.36077216977547, 72.90063742964551
0.4200000000000002, 40.06003753813168, 72.63754802632693
0.4300000000000002, 39.75368345221592, 72.38206031296225
0.4400000000000002, 39.44115478126173, 72.13481130691649
0.45000000000000023, 39.76030845923195, 72.37315478063921
0.46000000000000024, 39.43534878114682, 72.14172260645158
0.47000000000000025, 39.10555415254706, 71.91897860824369
0.48000000000000026, 38.770499252019185, 71.70559510957541
0.49000000000000027, 38.42986544589266, 71.50226166110825
0.5000000000000002, 38.08343940755103, 71.30968203009833
0.5100000000000002, 38.43576699208712, 71.49079384028715
0.5200000000000002, 38.07803055593391, 71.31894823462565
0.5300000000000002, 37.716514306113424, 71.15800569986447
0.5400000000000003, 37.351106800528505, 71.00865250541507
0.5500000000000003, 36.98180038379394, 70.87156966913716
0.5600000000000003, 36.60868885054916, 70.74742834983665
0.5700000000000003, 36.23196489732181, 70.63688460051694
0.5800000000000003, 35.85191728686259, 70.54057361636302
0.5900000000000003, 35.468927656323224, 70.45910360273346
0.6000000000000003, 35.08346690945992, 70.39304938175702
0.6100000000000003, 34.69609114286463, 70.3429458509459
0.6200000000000003, 34.30743706679464, 70.30928140307418
0.6300000000000003, 33.918216892282324, 70.29249141302195
0.6400000000000003, 33.52921266769431, 70.29295189399687
0.6500000000000004, 33.14127005962706, 70.31097342221736
0.6600000000000004, 32.755291584836954, 70.34679542551754
0.6700000000000004, 32.37222931167506, 70.40058092720477
0.6800000000000004, 31.99307706109342, 70.47241183169457
0.6900000000000004, 31.61886214857055, 70.5622848328333
0.7000000000000004, 31.250636719123293, 70.67010801930218
0.7100000000000004, 30.88946873777767, 70.79569824401754
0.7200000000000004, 30.536432707309185, 70.93877931597888
0.7300000000000004, 30.19260019357577, 71.09898106357852
0.7400000000000004, 29.859030246200707, 71.27583930802001
0.7500000000000004, 29.53675980856949, 71.46879677427147
0.7600000000000005, 29.226794215944565, 71.6772049550151
0.7700000000000005, 28.930097883850195, 71.90032693047986
0.7800000000000005, 28.647585290628875, 72.13734113402488
0.7900000000000005, 28.38011235813593, 72.38734604006369
0.8000000000000005, 28.128468332860713, 72.64936573759019
0.8100000000000005, 27.893368266312116, 72.92235633940903
0.8200000000000005, 27.67544618828501, 73.20521316441966
0.8300000000000005, 27.475249059670805, 73.49677861819283
0.8400000000000005, 27.293231582862283, 73.79585068585088
0.8500000000000005, 27.12975193764083, 74.10119194114985
0.8600000000000005, 26.985068498868625, 74.41153896688405
0.8700000000000006, 26.859337579520506, 74.7256120744933
0.8800000000000006, 26.752612228792348, 75.04212520522651
0.8900000000000006, 26.66484210045663, 75.35979589155147
0.9000000000000006, 26.5958743915662, 75.6773551558094
0.9100000000000006, 26.54545583631779, 75.9935572234691
0.9200000000000006, 26.51323572467353, 76.30718893076828
0.9300000000000006, 26.498769900501973, 76.61707871102335
0.9400000000000006, 26.501525679839425, 76.92210505038429
0.9500000000000006, 26.52088761667636, 77.22120431219925
0.9600000000000006, 26.55616403171434, 77.51337783928405
0.9700000000000006, 26.606594209063495, 77.79769825507104
0.9800000000000006, 26.671356157075117, 78.07331489761002
0.9900000000000007, 26.749574822606135, 78.33945833444767
1.0000000000000007, 26.840330643128524, 78.59544392123388
1.0100000000000007, 26.94266831831529, 78.84067438218605
1.0200000000000007, 27.05560568209577, 79.07464140596929
1.0300000000000007, 27.178142557665314, 79.29692626580169
1.0400000000000007, 27.3092694814971, 79.50719948735725
1.0500000000000007, 27.44797618792675, 79.70521960201599
1.0600000000000007, 27.59325975320893, 79.89083103592601
1.0700000000000007, 27.744132306883245, 80.06396119695097
1.0800000000000007, 27.899628228603955, 80.22461683166786
1.0900000000000007, 28.05881076002587, 80.37287973298872
1.1000000000000008, 28.220777973618084, 80.50890188558064
1.1100000000000008, 28.384668053106925, 80.63290014097814
1.1200000000000008, 28.54966385333442, 80.74515051709314
1.1300000000000008, 28.71499672036814, 80.84598221775124
1.1400000000000008, 28.87994956543418, 80.9357714669856
1.1500000000000008, 29.043859198408597, 81.01493525020982
1.1600000000000008, 29.206117937961693, 81.08392505021483
1.1700000000000008, 29.366174525802784, 81.14322066036861
1.1800000000000008, 29.523534381655807, 81.19332415064477
0.01, 29.67775924348132, 81.23475405438647
0.02, 30.008179701387856, 81.27948633666496
0.03, 30.339330580366617, 81.28306246242832
0.04, 30.665210354770153, 81.24738700895496
0.05, 30.98054478479506, 81.17517842804064
0.060000000000000005, 31.28086258053956, 81.0697768780107
0.07, 31.56252966603773, 80.93495725751607
0.08, 31.82274741037451, 80.77475449873636
0.09, 32.05952090544129, 80.59330635929973
0.09999999999999999, 32.27160365209578, 80.39471721961891
0.10999999999999999, 32.45842493812068, 80.18294481421343
0.11999999999999998, 32.6200058253891, 79.96171045027903
0.12999999999999998, 32.75686908295848, 79.73443212385047
0.13999999999999999, 32.86994767727205, 79.50417904609617
0.15, 32.96049562436809, 79.2736454376566
0.16, 33.030004178249015, 79.04514102348861
0.17, 33.08012552124698, 78.82059544109717
0.18000000000000002, 33.1126053730469, 78.60157373158577
0.19000000000000003, 33.12922527133715, 78.38930018224943
0.20000000000000004, 33.13175471529059, 78.1846879969871
0.21000000000000005, 33.121912910719075, 77.98837255323323
0.22000000000000006, 33.10133951265958, 77.80074633083208
0.23000000000000007, 33.07157352114598, 77.62199394279648
0.24000000000000007, 33.0340393383857, 77.45212603849534
0.25000000000000006, 32.990038927061576, 77.29101116986439
0.26000000000000006, 32.94074900520756, 77.13840499906591
0.01, 32.887222258099975, 76.99397647451126
0.02, 32.80030442205816, 76.76029367181329
0.03, 32.71259383636029, 76.5278276793601
0.04, 32.62320625311109, 76.29654669901115
0.05, 32.715092899762716, 76.52664099300661
0.060000000000000005, 32.62151415379917, 76.29690509021879
0.07, 32.52577187846093, 76.06846227257327
0.08, 32.62445991000499, 76.29556996133326
0.09, 32.523723937497905, 76.06914343410486
0.09999999999999999, 32.42045300194328, 75.84417729425763
0.10999999999999999, 32.52700558787388, 76.06760038989377
0.11999999999999998, 32.418119163313925, 75.84513646524354
0.12999999999999998, 32.3064279650121, 75.6243502741106
0.13999999999999999, 32.42163770855544, 75.8433362766679
0.15, 32.303866840767114, 75.62555260799996
0.16, 32.183112671789395, 75.4097039048495
0.17, 32.30753244233427, 75.62345688436801
0.18000000000000002, 32.180372855972145, 75.41112174917738
0.19000000000000003, 32.0501344489738, 75.20100837011427
0.20000000000000004, 32.184103140858724, 75.40870287879608
0.21000000000000005, 32.047255900459156, 75.20261947007405
0.22000000000000006, 31.907310367362676, 74.99906412993884
0.23000000000000007, 32.050974919857666, 75.19986018923863
0.24000000000000007, 31.904325749247526, 75.0008504345942
0.25000000000000006, 31.75462869977438, 74.80468509389563
0.26000000000000006, 31.601294017388817, 74.61162699707738
0.2700000000000001, 31.758794716902564, 74.80128421874582
0.2800000000000001, 31.597961124991144, 74.61414373295864
0.2900000000000001, 31.433773749201695, 74.43046854584932
0.3000000000000001, 31.601816930748093, 74.61035935218943
0.3100000000000001, 31.43045386819733, 74.43306044647456
0.3200000000000001, 31.256058501229504, 74.25955904076125
0.3300000000000001, 31.078156612143598, 74.09019706077864
0.34000000000000014, 30.896338402193507, 73.92533939501352
0.35000000000000014, 31.08241923487275, 74.08530507756545
0.36000000000000015, 30.8927473503195, 73.92913904304129
0.37000000000000016, 30.699847786491713, 73.7778038756131
0.38000000000000017, 30.503393124477604, 73.63169688478933
0.3900000000000002, 30.303121035660162, 73.49123131379015
0.4000000000000002, 30.507408492115644, 73.62562777624301
0.4100000000000002, 30.299583925141764, 73.49604881674655
0.4200000000000002, 30.088931547748764, 73.37233724927405
0.4300000000000002, 29.87526320122695, 73.25491638909868
0.4400000000000002, 29.65845603467838, 73.14421535209507
0.45000000000000023, 29.43845150981009, 73.04066675108449
0.46000000000000024, 29.215254382321127, 72.94470387231807
0.47000000000000025, 29.441577163604396, 73.03265032724997
0.48000000000000026, 29.212284198120372, 72.95130217251425
0.49000000000000027, 28.981280116858557, 72.87745600969585
0.5000000000000002, 28.74861564392919, 72.81151222786222
0.5100000000000002, 28.514402221519425, 72.75385890437975
0.5200000000000002, 28.27881000081129, 72.70486860200519
0.5300000000000002, 28.04206562186017, 72.66489491306199
0.5400000000000003, 27.80444974896628, 72.63426882958973
0.5500000000000003, 27.56629433365338, 72.61329501406401
0.5600000000000003, 27.32797958354631, 72.60224804171818
0.5700000000000003, 27.089930622040743, 72.60136868239826
0.5800000000000003, 26.85261383054654, 72.61086028702161
0.5900000000000003, 26.616532872142542, 72.63088534089702
0.6000000000000003, 26.38222440260135, 72.66156224323358
0.6100000000000003, 26.150253481829317, 72.70296236898596
0.6200000000000003, 25.921208705724982, 72.7551074656454
0.6300000000000003, 25.695697085193725, 72.81796743360583
0.6400000000000003, 25.474338705473013, 72.89145853425698
0.6500000000000004, 25.257761204924957, 72.97544206494312
0.6600000000000004, 25.046594117945823, 73.06972353436736
0.6700000000000004, 24.841463131530784, 73.1740523659246
0.6800000000000004, 24.642984309225263, 73.28812214984268
0.6900000000000004, 24.451758339604908, 73.41157145794965
0.7000000000000004, 24.268364868975492, 73.54398522743601
0.7100000000000004, 24.093356979602188, 73.68489671222882
0.7200000000000004, 23.927255875407006, 73.83378999264268
0.7300000000000004, 23.77054583667109, 73.99010302593551
0.7400000000000004, 23.623669503817858, 74.1532312124014
0.7500000000000004, 23.487023547826286, 74.32253144381357
0.7600000000000005, 23.36095478124226, 74.49732659352763
0.7700000000000005, 23.245756759153327, 74.67691040051021
0.7800000000000005, 23.141666913922776, 74.86055269311261
0.7900000000000005, 23.048864261019226, 75.04750489269661
0.8000000000000005, 22.967467706025428, 75.23700573236741
0.8100000000000005, 22.89753497498215, 75.42828712218974
0.8200000000000005, 22.839062181755573, 75.6205800894549
0.8300000000000005, 22.79198403726105, 75.81312072090688
0.8400000000000005, 22.75617469629631, 76.00515603338047
0.8500000000000005, 22.73144922860681, 76.19594970008507
0.8600000000000005, 22.71756569180359, 76.38478756178958
0.8700000000000006, 22.71422777505932, 76.57098285540484
0.8800000000000006, 22.72108797429785, 76.75388109687007
0.8900000000000006, 22.737751252034634, 76.93286456075386
0.9000000000000006, 22.76377912827627, 77.10735630547352
0.9100000000000006, 22.79869414308605, 77.27682370039605
0.9200000000000006, 22.841984626688394, 77.44078141915939
0.9300000000000006, 22.893109709412634, 77.59879387218267
0.9400000000000006, 22.951504501434773, 77.75047706033861
