0.01, 60.0, 80.0
0.01, 60.0, 80.0
0.02, 60.8910212919449, 79.87318889125618
0.03, 61.75230986197016, 79.62753140752265
0.04, 62.56671740205218, 79.27389665763688
0.05, 63.32026112909419, 78.82525778990166
0.060000000000000005, 64.00221880055675, 78.29591958008946
0.07, 64.6050651075872, 77.70080852111452
0.08, 65.12428031396814, 77.05484998316821
0.09, 65.55806320250902, 76.3724475680423
0.09999999999999999, 65.90697945406987, 75.6670713567683
0.10999999999999999, 66.1735740285731, 74.95095463892841
0.11999999999999998, 66.36197243654942, 74.23489306725602
0.12999999999999998, 66.47749144039199, 73.52813603505848
0.13999999999999999, 66.5262751076876, 72.83835736186316
0.15, 66.51496758849085, 72.17169095551293
0.16, 66.45042976383837, 71.53281680650845
0.17, 66.3395031983401, 70.92508324340045
0.18000000000000002, 66.18882173757163, 70.35065260806572
0.19000000000000003, 66.00466866907846, 69.81065917617164
0.20000000000000004, 65.79287560803326, 69.30537005143537
0.21000000000000005, 65.5587581271657, 68.83434173282747
0.22000000000000006, 65.30708254862374, 68.39656695710583
0.23000000000000007, 65.04205815901945, 67.99060815683094
0.24000000000000007, 64.76734929777699, 67.61471538286284
0.25000000000000006, 64.48610220504804, 67.26692778763142
0.26000000000000006, 64.2009821096201, 66.94515874401804
0.2700000000000001, 63.91421671303067, 66.64726539676943
0.2800000000000001, 63.62764292211626, 66.37110393474812
0.2900000000000001, 63.34275435244054, 66.11457216678458
0.3000000000000001, 63.060747737874465, 65.87564111860334
0.3100000000000001, 62.782566918094915, 65.65237738019773
0.3200000000000001, 62.508943527335504, 65.44295785628972
0.3300000000000001, 62.240433873697064, 65.24567843690896
0.34000000000000014, 61.97745178363748, 65.05895793526938
0.35000000000000014, 61.72029739939012, 64.88133845531176
0.36000000000000015, 61.469182068341595, 64.71148316582354
0.37000000000000016, 61.22424956372792, 64.54817228184729
0.38000000000000017, 60.98559393591752, 64.3902978933967
0.3900000000000002, 60.75327432261969, 64.23685813967177
0.4000000000000002, 60.52732705289289, 64.08695110520809
0.4100000000000002, 60.3077753707341, 63.93976871239486
0.4200000000000002, 60.09463708484027, 63.79459080125479
0.4300000000000002, 59.8879304261149, 63.65077952043336
0.4400000000000002, 59.68767836681559, 63.50777410087248
0.45000000000000023, 59.493911627154226, 63.36508604348688
0.46000000000000024, 59.30667056818092, 63.22229472226472
0.47000000000000025, 59.12600614484494, 63.07904338271128
0.48000000000000026, 58.95198007073644, 62.93503550080748
0.49000000000000027, 58.78466432636716, 62.79003145826512
0.5000000000000002, 58.624140125925194, 62.64384548465981
0.5100000000000002, 58.47049644307544, 62.496342815052124
0.5200000000000002, 58.32382818432572, 62.347437012192756
0.5300000000000002, 58.18423408844628, 62.19708740473021
0.5400000000000003, 58.05181442210973, 62.04529659650885
0.5500000000000003, 57.92666853500647, 61.892108006676075
0.5600000000000003, 57.80889233190179, 61.737603405605725
0.5700000000000003, 57.69857571417418, 61.58190041735122
0.5800000000000003, 57.59580003907972, 61.42514996527604
0.5900000000000003, 57.50063564112356, 61.26753364351705
0.6000000000000003, 57.41313945631989, 61.1092610028923
0.6100000000000003, 57.33335278664637, 60.9505667456631
0.6200000000000003, 57.261299238540545, 60.79170782911077
0.6300000000000003, 57.19698286576136, 60.63296048311278
0.6400000000000003, 57.140386543292635, 60.474617151732055
0.6500000000000004, 57.09147059516249, 60.31698337320605
0.6600000000000004, 57.05017169508149, 60.16037461658607
0.01, 57.01640205466685, 60.00511309658583
0.02, 57.02611470498973, 60.41790683986683
0.03, 56.96501345388021, 60.812778646321306
0.04, 56.84371712763059, 61.18221932028486
0.05, 56.67191194419458, 61.52211617231086
0.060000000000000005, 56.45788041499678, 61.83075311837003
0.07, 56.208386221086734, 62.10797750999096
0.08, 56.4880064178397, 61.861383684716344
0.09, 56.79213261221739, 61.64847600258103
0.09999999999999999, 57.11526915599355, 61.47111391190311
0.10999999999999999, 57.451988089966825, 61.33025261616885
0.11999999999999998, 57.797062068494924, 61.22601988305923
0.12999999999999998, 58.14557396972271, 61.15780748786256
0.13999999999999999, 58.49300295951209, 61.12437216262904
0.15, 58.83528763672194, 61.123941388337514
0.16, 59.168867584466525, 61.154319922548346
0.17, 59.49070518999261, 61.21299356628403
0.18000000000000002, 59.798289982106, 61.29722731157012
0.19000000000000003, 60.08962798013003, 61.40415564905442
0.20000000000000004, 60.363218665503204, 61.53086343091323
0.21000000000000005, 60.618022191947674, 61.67445625919678
0.22000000000000006, 60.85341935997267, 61.83211988920671
0.23000000000000007, 61.069166714598225, 62.00116859085121
0.24000000000000007, 61.265348900110105, 62.1790827916008
0.25000000000000006, 61.44233014041324, 62.36353662986508
0.26000000000000006, 61.60070642502507, 62.55241627794719
0.2700000000000001, 61.74125968413888, 62.743830052773404
0.2800000000000001, 61.86491494458254, 62.93611142628759
0.2900000000000001, 61.9727011826188, 63.12781608346165
0.3000000000000001, 62.06571633760492, 63.317714163173065
0.3100000000000001, 62.14509672830555, 63.50477876516452
0.3200000000000001, 62.211990924558215, 63.688171724380105
0.3300000000000001, 62.267537972361, 63.86722755118941
0.34000000000000014, 62.31284974984564, 64.04143632060408
0.35000000000000014, 62.34899714314487, 64.21042617276196
0.36000000000000015, 62.37699967192841, 64.37394596671155
0.01, 62.397818160722274, 64.53184851463384
0.02, 62.3836114854324, 65.3734831857921
0.03, 62.25298996831623, 66.18759162792185
0.04, 62.01851678005495, 66.95733801290395
0.05, 61.69455572900258, 67.6698332146482
0.060000000000000005, 61.29628358429104, 68.3160311359116
0.07, 60.83885412869471, 68.89043105331635
0.08, 60.33673524952252, 69.39064765116495
0.09, 59.803222736198556, 69.816905840731
0.09999999999999999, 59.25012080000848, 70.17150937394588
0.10999999999999999, 58.68756985987848, 70.45832224720994
0.11999999999999998, 58.12399660606096, 70.68229131431566
0.12999999999999998, 57.566159216249105, 70.84902844901362
0.13999999999999999, 57.01926113907626, 70.9644617532535
0.15, 56.48710930517006, 71.03455811948602
0.16, 55.97229623856887, 71.06511407694705
0.17, 55.47638968345031, 71.06160822380333
0.18000000000000002, 55.00011753009664, 71.02910646528271
0.19000000000000003, 54.5435396636043, 70.97221045580791
0.20000000000000004, 54.106201651327964, 70.89503976513058
0.21000000000000005, 53.687267830591104, 70.80123905070889
0.22000000000000006, 53.28563334764366, 70.69400265586432
0.23000000000000007, 52.90001608527568, 70.57611035302948
0.24000000000000007, 52.52903028923914, 70.44996925745282
0.25000000000000006, 52.17124416710515, 70.31765814548922
0.26000000000000006, 51.82522389139142, 70.18097146398578
0.2700000000000001, 51.489566385362835, 70.0414611885782
0.2800000000000001, 51.16292308286622, 69.90047537853098
0.2900000000000001, 50.84401659370733, 69.75919279901684
0.3000000000000001, 50.53165191778285, 69.61865336154041
0.3100000000000001, 50.22472356457027, 69.47978439560279
0.3200000000000001, 49.92221966832799, 69.34342293514582
0.3300000000000001, 49.623223953513325, 69.2103343046768
0.34000000000000014, 49.32691620344033, 69.08122734156132
0.35000000000000014, 49.03257171802624, 68.95676660829982
0.36000000000000015, 48.7395601111728, 68.83758194363251
0.37000000000000016, 48.447343691224695, 68.72427568290759
0.38000000000000017, 48.15547558492498, 68.61742785261677
0.3900000000000002, 47.863597702282, 68.5175996156618
0.4000000000000002, 47.571438593043275, 68.42533521556271
0.4100000000000002, 47.27881121177759, 68.34116264114347
0.4200000000000002, 46.98561058514299, 68.26559320913947
0.4300000000000002, 46.69181135950143, 68.19912024103994
0.4400000000000002, 46.39746519780511, 68.14221699233453
0.45000000000000023, 46.10269799018073, 68.0953339769925
0.46000000000000024, 45.80770684174078, 68.05889581715817
0.47000000000000025, 45.51275680297864, 68.03329773733478
0.48000000000000026, 45.21817731197424, 68.01890181336904
0.49000000000000027, 44.92435832302518, 68.01603307896855
0.5000000000000002, 44.63174610281395, 68.02497558593537
0.5100000000000002, 44.340838682503026, 68.04596850846657
0.5200000000000002, 44.05218096195657, 68.07920237647458
0.5300000000000002, 43.76635947040456, 68.12481551767657
0.5400000000000003, 43.48399679610943, 68.18289078298571
0.5500000000000003, 43.205745705803764, 68.25345262434043
0.5600000000000003, 42.932282982691405, 68.3364645883948
0.5700000000000003, 42.66430301950587, 68.431827283365
0.5800000000000003, 42.402511210366015, 68.53937686971184
0.5900000000000003, 42.147617191833994, 68.65888411820195
0.6000000000000003, 41.90032798954425, 68.79005407121763
0.6100000000000003, 41.66134113191974, 68.93252633499883
0.6200000000000003, 41.431337796717585, 69.0858760218425
0.6300000000000003, 41.21097605935459, 69.24961535222307
0.6400000000000003, 41.000884314069786, 69.42319591742603
0.6500000000000004, 40.8016549399182, 69.60601159371166
0.6600000000000004, 40.61383828330534, 69.7974020893801
0.6700000000000004, 40.43793702723429, 69.99665709653011
0.6800000000000004, 40.27440101463632, 70.20302100994891
0.6900000000000004, 40.123622589105416, 70.4156981665968
0.7000000000000004, 39.98593251109482, 70.63385855072261
0.7100000000000004, 39.86159650122324, 70.85664390192616
0.7200000000000004, 39.750812454868786, 71.08317415662812
0.7300000000000004, 39.65370836381336, 71.31255414756289
0.7400000000000004, 39.570340971476185, 71.54388048120933
0.7500000000000004, 39.50069517840132, 71.77624850962964
0.7600000000000005, 39.444684204316374, 72.00875931109317
0.7700000000000005, 39.40215050245132, 72.24052659318214
0.7800000000000005, 39.37286741109964, 72.47068343285186
0.7900000000000005, 39.35654151682867, 72.69838877015367
0.8000000000000005, 39.35281569351357, 72.92283357600232
0.8100000000000005, 39.361272771686714, 73.14324661942372
0.8200000000000005, 39.381439783760364, 73.35889976606691
0.8300000000000005, 39.41279272267946, 73.5691127472865
0.8400000000000005, 39.45476174465887, 73.77325734765421
0.8500000000000005, 39.506736740996416, 73.97076096816858
0.8600000000000005, 39.56807319964429, 74.16110953250984
0.8700000000000006, 39.63809827434864, 74.34384971422465
0.8800000000000006, 39.71611697778148, 74.51859047350467
0.8900000000000006, 39.80141841520344, 74.68500390302155
0.9000000000000006, 39.89328197679092, 74.84282539287442
0.9100000000000006, 39.99098340978071, 74.9918531348814
0.9200000000000006, 40.093800695940985, 75.13194699599852
0.9300000000000006, 40.20101966544982, 75.26302679939313
0.9400000000000006, 40.31193928490623, 75.38507005947193
0.9500000000000006, 40.42587656474385, 75.49810922382906
0.01, 40.542171039578534, 75.60222848053203
0.02, 40.158017945388686, 75.20342318756164
0.03, 39.813774465244684, 74.79402021954509
0.04, 39.50543567892553, 74.37804337931631
0.05, 39.228982216860885, 73.95856749212581
0.060000000000000005, 38.98050082312276, 73.53787037044204
0.07, 38.75626231416545, 73.11757679912367
0.08, 38.55276653354112, 72.6987891670277
0.09, 38.366762852215686, 72.28220216429273
0.09999999999999999, 38.19525341272794, 71.8682009347986
0.10999999999999999, 38.11537682834752, 71.43429022320102
0.11999999999999998, 38.120833604284556, 70.99571008179369
0.12999999999999998, 38.03698306603318, 71.42778989485235
0.13999999999999999, 37.882079530718684, 71.83480704087545
0.15, 37.66585610446425, 72.20498285592414
0.16, 37.46507470069447, 72.5739172427393
0.17, 37.277079522783175, 72.94109716471414
0.18000000000000002, 37.09942025224462, 73.306214796998
0.19000000000000003, 36.92984200640723, 73.66910847935023
0.20000000000000004, 36.76627172151927, 74.0297143551098
0.21000000000000005, 36.60680299426639, 74.38802722755315
0.22000000000000006, 36.4496807889463, 74.74406920601355
0.23000000000000007, 36.29328693555067, 75.09786483613858
0.24000000000000007, 36.13612698461614, 75.4494215695153
0.25000000000000006, 35.97681872495434, 75.79871459978312
0.26000000000000006, 35.81408248851645, 76.14567525823847
0.2700000000000001, 35.981431733301825, 75.80116820403143
0.2800000000000001, 35.81072262694977, 76.14450890170936
0.2900000000000001, 35.636080548216185, 76.48521805278816
0.3000000000000001, 35.815784508302876, 76.14732223225626
0.3100000000000001, 35.632319602509526, 76.48362608713816
0.3200000000000001, 35.44457126856811, 76.81693237882968
0.3300000000000001, 35.63767933458464, 76.48686434175862
0.34000000000000014, 35.440492814183926, 76.81496701031838
0.35000000000000014, 35.23881141863217, 77.1396548097623
0.36000000000000015, 35.44601332259623, 76.81867887056566
0.37000000000000016, 35.23448465436196, 77.1373576932565
0.38000000000000017, 35.01837591254039, 77.45216865253191
0.3900000000000002, 35.2400405506785, 77.14157559605071
0.4000000000000002, 35.01385770581415, 77.44957338814226
0.4100000000000002, 34.78312483854059, 77.7532296564658
0.4200000000000002, 34.54691577325313, 78.05214500759135
0.4300000000000002, 34.78943193555562, 77.75841714118265
0.4400000000000002, 34.54182825650722, 78.04839349803012
0.45000000000000023, 34.28914648688229, 78.33308586276368
0.46000000000000024, 34.030597659703055, 78.6120073674384
0.47000000000000025, 34.29570587462047, 78.33938592722889
0.48000000000000026, 34.02520162581006, 78.60724553367325
0.49000000000000027, 33.749550969602325, 78.86878494526404
0.5000000000000002, 33.468098052318155, 79.12344598380092
0.5100000000000002, 33.75591014097791, 78.87625596786962
0.5200000000000002, 33.462608278498585, 79.11779169576353
0.5300000000000002, 33.16450456309531, 79.35195832717514
0.5400000000000003, 32.861073496409425, 79.5781460813062
0.5500000000000003, 32.55189063856745, 79.795720799841
0.5600000000000003, 32.86714984383821, 79.58741560580432
0.5700000000000003, 32.5464423628077, 79.78844842063997
0.5800000000000003, 32.22146084040714, 79.9805214736176
0.5900000000000003, 31.891897731416467, 80.16298274223662
0.6000000000000003, 31.55754667763016, 80.33517096951641
0.6100000000000003, 31.218300951632916, 80.49641905703105
0.6200000000000003, 30.874151879411887, 80.64605828605394
0.6300000000000003, 31.22311660834157, 80.50869333969823
0.6400000000000003, 30.86953256180922, 80.63598780692696
0.6500000000000004, 30.51329763477409, 80.7517896628918
0.6600000000000004, 30.15447648785782, 80.85547830737649
0.6700000000000004, 29.793227947103492, 80.94645145051346
0.6800000000000004, 29.429801946429915, 81.02412999408153
0.6900000000000004, 29.064536152282766, 81.08796332123183
0.7000000000000004, 28.697852217636107, 81.13743487182845
0.7100000000000004, 28.33025162096223, 81.17206788740305
0.7200000000000004, 27.962311055213945, 81.1914312153541
0.7300000000000004, 27.594677341978425, 81.19514506688124
0.7400000000000004, 27.228061856546162, 81.1828866275874
0.7500000000000004, 26.86323446050765, 81.15439542401279
0.7600000000000005, 26.50101694948059, 81.10947835384225
0.7700000000000005, 26.142276034529736, 81.04801429236493
0.7800000000000005, 25.787915886622823, 80.96995819313506
0.7900000000000005, 25.43887028392421, 80.87534460681756
0.8000000000000005, 25.096094411715722, 80.76429054899727
0.8100000000000005, 24.76055637410476, 80.63699765534534
0.8200000000000005, 24.43322848528488, 80.4937535709951
0.8300000000000005, 24.115078415807492, 80.33493253027208
0.8400000000000005, 23.807060275962808, 80.16099509300857
0.8500000000000005, 23.51010572381884, 79.97248701447737
0.8600000000000005, 23.225115189604754, 79.77003723740158
0.8700000000000006, 22.9529493108392, 79.5543550064067
0.8800000000000006, 22.69442067380385, 79.32622611752494
0.8900000000000006, 22.450285956577055, 79.08650832776405
0.9000000000000006, 22.22123856682748, 78.83612596212006
0.9100000000000006, 22.00790186390596, 78.57606376754086
0.9200000000000006, 21.81082304947935, 78.3073600750171
0.9300000000000006, 21.630467804069205, 78.03109934197211
0.9400000000000006, 21.467215738469697, 77.74840415722363
0.9500000000000006, 21.321356719236945, 77.46042679978915
0.9600000000000006, 21.193088116411367, 77.16834045050388
0.9700000000000006, 21.08251300953305, 76.87333016164028
0.9800000000000006, 20.98963937504312, 76.57658369430398
0.9900000000000007, 20.91438026456194, 76.27928233620914
1.0000000000000007, 20.856554969548927, 75.98259181341528
1.0100000000000007, 20.815891153744385, 75.68765340868241
1.0200000000000007, 20.792027920846824, 75.39557539625835
1.0300000000000007, 20.784519771366675, 75.10742489817973
1.0400000000000007, 20.792841389793445, 74.82422026061501
1.0500000000000007, 20.816393191380055, 74.54692404051823
1.0600000000000007, 20.854507547229623, 74.2764366830465
1.0700000000000007, 20.906455597185833, 74.01359095901336
1.0800000000000007, 20.97145455246671, 73.75914721932661
1.0900000000000007, 21.04867538419562, 73.51378951014175
1.1000000000000008, 21.13725079008434, 73.27812257862523
1.1100000000000008, 21.23628332957906, 73.05266978504962
1.1200000000000008, 21.344853617813104, 72.8378719227304
1.1300000000000008, 21.46202847069551, 72.63408693335487
1.1400000000000008, 21.58686889733134, 72.44159049183135
1.1500000000000008, 21.718437841603716, 72.26057742217212
1.1600000000000008, 21.85580758199361, 72.09116389436034
1.1700000000000008, 21.99806670738045, 71.93339034185742
1.1800000000000008, 22.14432659643384, 71.78722503056389
1.1900000000000008, 22.293727339028592, 71.65256820279471
1.2000000000000008, 22.44544304963117, 71.52925671427118
1.2100000000000009, 22.598686534544786, 71.41706907831896
1.2200000000000009, 22.752713286991654, 71.31573082940767
1.2300000000000009, 22.906824795989028, 71.2249201178399
1.2400000000000009, 23.060371166589356, 71.14427344872085
1.2500000000000009, 23.21275306007234, 71.07339148120565
1.260000000000001, 23.363422972892643, 71.01184480828367
