0.01, 10.0, 20.0
0.02, 10.0, 20.0
0.02, 10.0, 20.0
0.03, 11.846232884205213, 20.20078104036036
0.04, 13.629154801427841, 20.587160590514593
0.05, 15.328619473033877, 21.141560292566478
0.060000000000000005, 16.92841852540969, 21.844808637320483
0.07, 18.416193238137268, 22.676876097006385
0.08, 19.783235836894338, 23.617526433778853
0.09, 21.02420580873426, 24.646874105493886
0.09999999999999999, 22.13678572103612, 25.745843225230793
0.10999999999999999, 23.121299152361097, 26.89652827247612
0.11999999999999998, 23.980310834094567, 28.082460631766686
0.12999999999999998, 24.718226183903152, 29.288788029584904
0.13999999999999999, 25.340904292866995, 30.50237607708017
0.15, 25.8552952878552, 31.71184246547175
0.16, 26.269109978177394, 32.9075349908421
0.17, 26.5905269261327, 34.08146461195433
0.18000000000000002, 26.82793963651292, 35.22720428503654
0.19000000000000003, 26.989744490203126, 36.339763491462335
0.20000000000000004, 27.084168372876693, 37.415447291527066
0.21000000000000005, 27.119133668154344, 38.45170750373602
0.22000000000000006, 27.10215737284463, 39.44699231417773
0.23000000000000007, 27.040280513154624, 40.40059933876207
0.24000000000000007, 26.94002374902036, 41.31253594976122
0.25000000000000006, 26.80736499830203, 42.1833895782559
0.26000000000000006, 26.647735042127767, 43.014209741753
0.2700000000000001, 26.46602733810643, 43.80640273427276
0.2800000000000001, 26.266618625008928, 44.561639256666844
0.2900000000000001, 26.05339731241052, 45.281774751531216
0.3000000000000001, 25.82979708001013, 45.96878182756716
0.3100000000000001, 25.598833539077873, 46.62469389658434
0.3200000000000001, 25.363142214432983, 47.2515589845835
0.3300000000000001, 25.125016477087453, 47.851402598149846
0.34000000000000014, 24.886444387779378, 48.42619851111101
0.35000000000000014, 24.64914369670933, 48.977846367963494
0.36000000000000015, 24.414594484666434, 49.508155065842
0.37000000000000016, 24.184069127445305, 50.01883096390596
0.38000000000000017, 23.958659422582247, 50.51147006829489
0.3900000000000002, 23.739300839434286, 50.987553444725414
0.4000000000000002, 23.526793945327075, 51.44844521374277
0.4100000000000002, 23.321823126758282, 51.89539258161675
0.4200000000000002, 23.124972770062318, 52.32952745027241
0.4300000000000002, 22.936741094704963, 52.75186923094665
0.4400000000000002, 22.757551848160862, 53.16332855778092
0.45000000000000023, 22.587764077271153, 53.5647116592373
0.46000000000000024, 22.427680189690165, 53.95672519743412
0.47000000000000025, 22.277552512620183, 54.339981428897474
0.48000000000000026, 22.137588546169322, 54.71500357564374
0.49000000000000027, 22.007955096632113, 55.082231323853534
0.5000000000000002, 21.888781461745197, 55.44202638959183
0.5100000000000002, 21.78016182620614, 55.79467810796871
0.5200000000000002, 21.682157011945463, 56.14040901466082
0.5300000000000002, 21.594795714130274, 56.47938039759381
0.5400000000000003, 21.51807534084854, 56.81169780251076
0.5500000000000003, 21.45196256198173, 57.137416479730824
0.5600000000000003, 21.396393660963625, 57.456546761166976
0.5700000000000003, 21.351274771945995, 57.769059357080984
0.5800000000000003, 21.31648207432454, 58.07489056149911
0.5900000000000003, 21.291862006585745, 58.37394735402421
0.6000000000000003, 21.277231551978513, 58.66611238423703
0.6100000000000003, 21.27237863955831, 58.951248823209724
0.6200000000000003, 21.27706269566773, 59.229205065045726
0.6300000000000003, 21.291015372886818, 59.49981925996026
0.6400000000000003, 21.313941475900446, 59.76292365934103
0.6500000000000004, 21.34552009658981, 60.01834875256438
0.6600000000000004, 21.385405963970793, 60.26592717514767
0.6700000000000004, 21.433231008391655, 60.5054973681282
0.6800000000000004, 21.48860613368959, 60.7369069693873
0.6900000000000004, 21.551123185817683, 60.96001591897858
0.7000000000000004, 21.620357101818907, 61.174699262349954
0.7100000000000004, 21.695868218970517, 61.380849637632686
0.7200000000000004, 21.777204720475147, 61.5783794358565
0.7300000000000004, 21.863905191255167, 61.76722262597825
0.7400000000000004, 21.95550125522805, 61.947336239912616
0.7500000000000004, 22.051520263909598, 62.11870151625197
0.7600000000000005, 22.151488005306245, 62.28132470497968
0.7700000000000005, 22.254931401805703, 62.43523753913484
0.7800000000000005, 22.361381166135207, 62.58049738299622
0.7900000000000005, 22.47037438539711, 62.717187069840755
0.8000000000000005, 22.581457004671474, 62.845414445621905
0.8100000000000005, 22.694186183644767, 62.96531163793898
0.02, 22.808132502124952, 63.07703407236844
0.03, 22.580506290550932, 62.912644734395556
0.04, 22.334322699973836, 62.78198400789458
0.05, 22.594856415482045, 62.8807249816799
0.060000000000000005, 22.86418150317365, 62.94679133923588
0.07, 23.137225757911676, 62.980434899694934
0.08, 23.409298596478898, 62.98267694405487
0.09, 23.676187103650424, 62.95518261716984
0.09999999999999999, 23.93422148017601, 62.900130397266665
0.10999999999999999, 24.180312139794832, 62.8200825935063
0.11999999999999998, 24.41196153666588, 62.71786176798569
0.12999999999999998, 24.627254348989467, 62.596436887854395
0.13999999999999999, 24.82482992951817, 62.45882194942735
0.15, 25.003840994204538, 62.30798882180074
0.16, 25.163902394493405, 62.14679516453215
0.17, 25.305033546128264, 61.97792750448552
0.18000000000000002, 25.427597706850467, 61.80385892372224
0.19000000000000003, 25.532240844196366, 61.62682031766987
0.20000000000000004, 25.619832346691023, 61.44878382770911
0.21000000000000005, 25.69140933676174, 61.271456825735385
0.22000000000000006, 25.74812586628353, 61.09628471649434
0.23000000000000007, 25.79120783503005, 60.92446080971928
0.24000000000000007, 25.82191408216741, 60.75694157973105
0.25000000000000006, 25.841503769802515, 60.594465756169726
0.02, 25.851209909276104, 60.43757585755445
0.03, 25.84282581360087, 60.67134464979784
0.04, 25.839362421312984, 60.902800821906325
0.05, 25.839622177553732, 61.13241134474811
0.060000000000000005, 25.842518196133742, 61.36065021140716
0.07, 25.847056487038117, 61.58798203781711
0.08, 25.852320224620204, 61.81484971855237
0.09, 25.847184290595575, 61.588034256081066
0.09999999999999999, 25.853019275459854, 61.814892967956396
0.10999999999999999, 25.847346092352574, 61.58806235386661
0.11999999999999998, 25.853685579258663, 61.81491393955664
0.12999999999999998, 25.847537765875376, 61.588069040158494
0.13999999999999999, 25.854322937945714, 61.81491538066001
0.15, 25.847755695375866, 61.58805673303508
0.16, 25.854934721423554, 61.814899686005816
0.17, 25.847996710498204, 61.58802758731815
0.18000000000000002, 25.85552391454281, 61.81486894546205
0.19000000000000003, 25.848258029845887, 61.58798352050053
0.20000000000000004, 25.856093159479855, 61.81482498477875
0.21000000000000005, 25.848537211998483, 61.58792623679877
0.22000000000000006, 25.8566447938374, 61.81476940050033
0.23000000000000007, 25.8488321129601, 61.58785724927899
0.24000000000000007, 25.857180884802748, 61.814703589948934
0.25000000000000006, 25.84914084914267, 61.58777790007337
0.26000000000000006, 25.85770325969902, 61.81462877703527
0.2700000000000001, 25.849461765121887, 61.587689378751385
0.2800000000000001, 25.858213533255622, 61.81454603452675
0.2900000000000001, 25.8497934055166, 61.587592738939314
0.3000000000000001, 25.85871313190905, 61.81445630329879
0.3100000000000001, 25.850134490437295, 61.587488913299254
0.3200000000000001, 25.85920331542604, 61.81436040900957
0.3300000000000001, 25.850483894029093, 61.587378726987524
0.34000000000000014, 25.859685196120495, 61.8142590765686
0.35000000000000014, 25.850840625702205, 61.587262909715264
0.36000000000000015, 25.860159755913738, 61.81415294271101
0.37000000000000016, 25.851203813699637, 61.58714210653229
0.38000000000000017, 25.86062786146638, 61.81404256694182
0.3900000000000002, 25.851572690700493, 61.587016887451284
0.4000000000000002, 25.86109027758915, 61.81392844107401
0.4100000000000002, 25.85194658119819, 61.58688775602302
0.4200000000000002, 25.861547679120353, 61.81381099755126
0.4300000000000002, 25.852324890428257, 61.5867551569664
0.4400000000000002, 25.86200066143906, 61.81369061671806
0.45000000000000023, 25.852707094650135, 61.586619482949416
0.46000000000000024, 25.862449749765908, 61.81356763317673
0.47000000000000025, 25.853092732613433, 61.58648108060918
0.48000000000000026, 25.86289540738769, 61.813442341350694
0.49000000000000027, 25.853481398060985, 61.586340255891734
0.5000000000000002, 25.863338042927392, 61.81331500035723
0.5100000000000002, 25.853872733140303, 61.58619727878472
0.5200000000000002, 25.86377801676829, 61.8131858382783
0.5300000000000002, 25.85426642261133, 61.586052387509234
0.5400000000000003, 25.864215646728844, 61.813055055906204
0.5500000000000003, 25.854662188752794, 61.58590579223038
0.5600000000000003, 25.86465121307447, 61.81292283003054
0.5700000000000003, 25.85505978688164, 61.58575767834013
0.5800000000000003, 25.86508496294265, 61.812789316324036
0.5900000000000003, 25.855459001410864, 61.585608209360494
0.6000000000000003, 25.865517114249283, 61.81265465187741
0.6100000000000003, 25.855859642380288, 61.58545752950989
0.6200000000000003, 25.865947859136494, 61.81251895742674
0.6300000000000003, 25.856261542402994, 61.58530576597106
0.6400000000000003, 25.86637736701524, 61.81238233931147
0.6500000000000004, 25.85666455397716, 61.585153030894546
0.6600000000000004, 25.866805787249987, 61.812244891196
0.6700000000000004, 25.857068547119237, 61.584999423168206
0.6800000000000004, 25.86723325152728, 61.81210669558398
0.6900000000000004, 25.85747340727977, 61.58484502997962
0.7000000000000004, 25.867659875945225, 61.8119678251505
0.7100000000000004, 25.857879033507924, 61.584689928195424
0.7200000000000004, 25.86808576285654, 61.81182834391438
0.7300000000000004, 25.858285336834854, 61.5845341855788
0.7400000000000004, 25.868511002494202, 61.81168830826993
0.7500000000000004, 25.858692238849695, 61.5843778618639
0.7600000000000005, 25.868935674405137, 61.811547767895156
0.7700000000000005, 25.859099670445158, 61.58422100970389
0.7800000000000005, 25.86935984871462, 61.811406766551436
0.7900000000000005, 25.859507570712417, 61.58406367550748
0.8000000000000005, 25.869783587241262, 61.81126534278755
0.8100000000000005, 25.85991588596746, 61.583905900176795
0.8200000000000005, 25.870206944480206, 61.811123530559755
0.8300000000000005, 25.860324568893265, 61.58374771975835
0.8400000000000005, 25.870629968470087, 61.81098135977788
0.8500000000000005, 25.860733577783925, 61.583589166017184
0.8600000000000005, 25.87105270155746, 61.81083885678629
0.8700000000000006, 25.86114287587861, 61.583430266943246
0.8800000000000006, 25.871475181070785, 61.81069604478763
0.8900000000000006, 25.861552430774687, 61.58327104719799
0.9000000000000006, 25.871897439914687, 61.81055294421605
0.9100000000000006, 25.861962213910516, 61.583111528508205
0.9200000000000006, 25.872319507093863, 61.810409573066046
0.9300000000000006, 25.86237220010969, 61.58295173001332
0.9400000000000006, 25.872741408175006, 61.810265947182195
0.9500000000000006, 25.862782367179385, 61.58279166857162
0.9600000000000006, 25.873163165694013, 61.8101220805144
0.9700000000000006, 25.863192695556393, 61.5826313590303
0.9800000000000006, 25.87358479951502, 61.809977985342826
0.9900000000000007, 25.863603167995162, 61.58247081446352
1.0000000000000007, 25.874006327146887, 61.809833672476096
1.0100000000000007, 25.864013769292878, 61.58231004638235
1.0200000000000007, 25.87442776402223, 61.809689151425935
1.0300000000000007, 25.864424486047152, 61.582149064919854
1.0400000000000007, 25.874849123743395, 61.80954443056108
1.0500000000000007, 25.864835306442473, 61.581987878994276
1.0600000000000007, 25.8752704182993, 61.80939951724289
1.0700000000000007, 25.865246220061984, 61.58182649645287
1.0800000000000007, 25.875691658256592, 61.809254417944864
1.0900000000000007, 25.865657217721605, 61.581664924198776
1.1000000000000008, 25.876112852928156, 61.809109138358004
1.1100000000000008, 25.866068291323817, 61.58150316830281
1.1200000000000008, 25.876534010521677, 61.808963683483604
1.1300000000000008, 25.866479433728813, 61.581341234102055
1.1400000000000008, 25.876955138270596, 61.80881805771508
1.1500000000000008, 25.8668906386409, 61.581179126286756
1.1600000000000008, 25.877376242549524, 61.808672264910065
1.1700000000000008, 25.867301900508405, 61.58101684897695
1.1800000000000008, 25.877797328976026, 61.80852630845396
1.1900000000000008, 25.867713214435437, 61.580854405789985
1.2000000000000008, 25.87821840250032, 61.80838019131593
1.2100000000000009, 25.868124576104112, 61.58069179990007
1.2200000000000009, 25.878639467484344, 61.808233916098274
1.2300000000000009, 25.868535981706025, 61.58052903409077
1.2400000000000009, 25.87906052777148, 61.808087485079895
1.2500000000000009, 25.868947427881807, 61.58036611080126
1.260000000000001, 25.879481586747982, 61.8079409002547
1.270000000000001, 25.869358911667902, 61.58020303216712
1.280000000000001, 25.87990264739716, 61.807794163365344
1.290000000000001, 25.869770430449602, 61.580039800056305
1.300000000000001, 25.880323712347103, 61.807647275933036
1.310000000000001, 25.870181981919693, 61.57987641610082
1.320000000000001, 25.880744783912792, 61.80750023928379
1.330000000000001, 25.870593564041986, 61.57971288172467
1.340000000000001, 25.881165864133195, 61.80735305457155
1.350000000000001, 25.87100517501917, 61.579549198168515
1.360000000000001, 25.881586954803964, 61.80720572279861
1.370000000000001, 25.871416813264496, 61.57938536651134
1.380000000000001, 25.882008057506273, 61.80705824483354
1.390000000000001, 25.871828477376788, 61.579221387689635
1.400000000000001, 25.88242917363223, 61.80691062142711
1.410000000000001, 25.872240166118452, 61.579057262514254
1.420000000000001, 25.882850304407278, 61.80676285322616
1.430000000000001, 25.87265187839606, 61.57889299168528
1.440000000000001, 25.883271450909945, 61.80661494078597
1.450000000000001, 25.873063613243268, 61.57872857580514
1.460000000000001, 25.883692614089245, 61.80646688458108
1.470000000000001, 25.873475369805725, 61.57856401539017
1.480000000000001, 25.884113794780028, 61.80631868501486
1.490000000000001, 25.8738871473278, 61.57839931088081
1.500000000000001, 25.884534993716503, 61.806170342427954
1.5100000000000011, 25.874298945140875, 61.57823446265057
1.5200000000000011, 25.88495621154416, 61.80602185710567
1.5300000000000011, 25.874710762653013, 61.57806947101394
1.5400000000000011, 25.885377448830283, 61.80587322928455
1.5500000000000012, 25.875122599339864, 61.5779043362334
1.5600000000000012, 25.885798706073206, 61.80572445915816
1.5700000000000012, 25.87553445473666, 61.57773905852556
1.5800000000000012, 25.886219983710504, 61.80557554688212
1.5900000000000012, 25.875946328431127, 61.57757363806655
1.6000000000000012, 25.886641282126153, 61.80542649257865
1.6100000000000012, 25.876358220057263, 61.57740807499685
1.6200000000000012, 25.887062601656908, 61.80527729634046
1.6300000000000012, 25.876770129289856, 61.57724236942547
1.6400000000000012, 25.887483942597886, 61.8051279582343
1.6500000000000012, 25.877182055839633, 61.577076521433675
1.6600000000000013, 25.887905305207497, 61.80497847830398
1.6700000000000013, 25.877593999448994, 61.576910531078276
1.6800000000000013, 25.888326689711782, 61.804828856573074
1.6900000000000013, 25.878005959888256, 61.57674439839449
1.7000000000000013, 25.888748096308255, 61.80467909304735
1.7100000000000013, 25.878417936952335, 61.57657812339849
1.7200000000000013, 25.889169525169283, 61.80452918771681
1.7300000000000013, 25.87882993045783, 61.57641170608967
1.7400000000000013, 25.889590976445053, 61.80437914055759
1.7500000000000013, 25.879241940240444, 61.576245146452585
1.7600000000000013, 25.890012450266198, 61.80422895153359
1.7700000000000014, 25.879653966152713, 61.57607844445874
1.7800000000000014, 25.890433946746114, 61.80407862059788
1.7900000000000014, 25.880066008062006, 61.57591160006807
1.8000000000000014, 25.890855465982998, 61.803928147693995
1.8100000000000014, 25.88047806584876, 61.57574461323036
1.8200000000000014, 25.891277008061646, 61.80377753275707
1.8300000000000014, 25.880890139404936, 61.57557748388639
1.8400000000000014, 25.891698573055038, 61.80362677571476
1.8500000000000014, 25.881302228632638, 61.575410211968986
1.8600000000000014, 25.89212016102573, 61.803475876488186
1.8700000000000014, 25.881714333442904, 61.57524279740398
1.8800000000000014, 25.892541772027087, 61.80332483499265
1.8900000000000015, 25.882126453754648, 61.575075240111005
1.9000000000000015, 25.89296340610437, 61.80317365113834
1.9100000000000015, 25.88253858949372, 61.574907540004226
1.9200000000000015, 25.8933850632957, 61.803022324830884
1.9300000000000015, 25.88295074059208, 61.574739696992964
1.9400000000000015, 25.89380674363288, 61.80287085597194
1.9500000000000015, 25.883362906987067, 61.574571710982276
1.9600000000000015, 25.894228447142158, 61.80271924445958
1.9700000000000015, 25.883775088620755, 61.57440358187342
1.9800000000000015, 25.89465017384488, 61.802567490188764
1.9900000000000015, 25.884187285439392, 61.574235309564315
2.0000000000000013, 25.89507192375806, 61.802415593051656
2.010000000000001, 25.884599497392895, 61.57406689394992
2.020000000000001, 25.895493696894885, 61.802263552937966
2.0300000000000007, 25.88501172443441, 61.57389833492255
2.0400000000000005, 25.89591549326518, 61.8021113697352
2.0500000000000003, 25.885423966519934, 61.57372963237222
2.06, 25.896337312875794, 61.80195904332895
2.07, 25.885836223607964, 61.573560786186846
2.0799999999999996, 25.896759155730944, 61.80180657360306
2.0899999999999994, 25.886248495659185, 61.57339179625254
2.099999999999999, 25.89718102183253, 61.80165396043986
2.109999999999999, 25.886660782636234, 61.57322266245375
2.1199999999999988, 25.897602911180407, 61.80150120372029
2.1299999999999986, 25.88707308450344, 61.57305338467352
2.1399999999999983, 25.898024823772616, 61.80134830332412
2.149999999999998, 25.88748540122663, 61.57288396279357
2.159999999999998, 25.898446759605605, 61.80119525912999
2.1699999999999977, 25.887897732772938, 61.57271439669447
2.1799999999999975, 25.898868718674397, 61.80104207101558
2.1899999999999973, 25.888310079110653, 61.572544686255775
2.199999999999997, 25.899290700972774, 61.80088873885772
2.209999999999997, 25.888722440209072, 61.572374831356115
2.2199999999999966, 25.899712706493407, 61.80073526253244
2.2299999999999964, 25.889134816038382, 61.572204831873286
2.239999999999996, 25.900134735227997, 61.80058164191508
2.249999999999996, 25.889547206569546, 61.57203468768436
2.259999999999996, 25.900556787167368, 61.80042787688035
2.2699999999999956, 25.889959611774202, 61.57186439866574
2.2799999999999954, 25.900978862301578, 61.80027396730239
2.289999999999995, 25.890372031624583, 61.571693964693225
2.299999999999995, 25.90140096062001, 61.80011991305481
2.3099999999999947, 25.890784466093447, 61.57152338564207
2.3199999999999945, 25.901823082111434, 61.79996571401077
2.3299999999999943, 25.891196915153998, 61.571352661387046
2.339999999999994, 25.902245226764094, 61.799811370042995
2.349999999999994, 25.891609378779837, 61.57118179180247
2.3599999999999937, 25.902667394565746, 61.79965688102383
2.3699999999999934, 25.8920218569449, 61.57101077676227
2.3799999999999932, 25.90308958550372, 61.79950224682524
2.389999999999993, 25.892434349623432, 61.57083961613998
2.399999999999993, 25.903511799564985, 61.799347467318896
2.4099999999999926, 25.892846856789927, 61.5706683098088
2.4199999999999924, 25.903934036736153, 61.79919254237613
2.429999999999992, 25.893259378419103, 61.57049685764162
2.439999999999992, 25.904356297003545, 61.799037471868026
2.4499999999999917, 25.893671914485868, 61.57032525951105
2.4599999999999915, 25.904778580353206, 61.79888225566538
2.4699999999999913, 25.894084464965292, 61.57015351528941
2.479999999999991, 25.905200886770942, 61.798726893638765
2.489999999999991, 25.894497029832582, 61.569981624848786
2.4999999999999907, 25.90562321624234, 61.79857138565851
2.5099999999999905, 25.89490960906307, 61.56980958806101
2.5199999999999902, 25.906045568752795, 61.79841573159473
2.52999999999999, 25.895322202632176, 61.56963740479772
2.53999999999999, 25.90646794428752, 61.79825993131735
2.5499999999999896, 25.895734810515414, 61.56946507493032
2.5599999999999894, 25.906890342831574, 61.798103984696084
2.569999999999989, 25.896147432688352, 61.569292598330044
2.579999999999989, 25.907312764369866, 61.79794789160048
2.5899999999999888, 25.89656006912663, 61.569119974867924
2.5999999999999885, 25.907735208887175, 61.7977916518999
2.6099999999999883, 25.89697271980591, 61.56894720441481
2.619999999999988, 25.90815767636816, 61.797635265463526
2.629999999999988, 25.8973853847019, 61.5687742868414
2.6399999999999877, 25.908580166797364, 61.79747873216041
2.6499999999999875, 25.89779806379033, 61.568601222018216
2.6599999999999873, 25.90900268015924, 61.7973220518594
2.669999999999987, 25.89821075704695, 61.56842800981562
2.679999999999987, 25.909425216438137, 61.79716522442924
2.6899999999999866, 25.89862346444751, 61.568254650103825
2.6999999999999864, 25.909847775618324, 61.7970082497385
2.709999999999986, 25.899036185967773, 61.5680811427529
2.719999999999986, 25.910270357683984, 61.7968511276556
2.7299999999999858, 25.899448921583495, 61.56790748763277
2.7399999999999856, 25.91069296261923, 61.79669385804883
2.7499999999999853, 25.899861671270425, 61.567733684613216
2.759999999999985, 25.9111155904081, 61.796536440786355
2.769999999999985, 25.900274435004302, 61.56755973356389
2.7799999999999847, 25.91153824103457, 61.796378875736174
2.7899999999999845, 25.90068721276085, 61.56738563435429
2.7999999999999843, 25.911960914482552, 61.796221162766166
2.809999999999984, 25.90110000451578, 61.56721138685379
2.819999999999984, 25.912383610735894, 61.796063301744084
2.8299999999999836, 25.901512810244768, 61.567036990931655
2.8399999999999834, 25.912806329778395, 61.79590529253755
2.849999999999983, 25.901925629923483, 61.566862446456994
2.859999999999983, 25.91322907159379, 61.79574713501405
2.869999999999983, 25.902338463527556, 61.56668775329881
2.8799999999999826, 25.913651836165773, 61.795588829040945
2.8899999999999824, 25.902751311032603, 61.56651291132596
2.899999999999982, 25.914074623477983, 61.79543037448548
2.909999999999982, 25.9031641724142, 61.56633792040719
2.9199999999999817, 25.91449743351401, 61.79527177121476
2.9299999999999815, 25.903577047647897, 61.56616278041113
2.9399999999999813, 25.914920266257404, 61.79511301909577
2.949999999999981, 25.90398993670921, 61.56598749120628
2.959999999999981, 25.915343121691656, 61.79495411799539
2.9699999999999807, 25.904402839573617, 61.56581205266101
2.9799999999999804, 25.91576599980022, 61.79479506778034
2.9899999999999802, 25.904815756216568, 61.565636464643575
2.99999999999998, 25.91618890056651, 61.79463586831725
3.00999999999998, 25.905228686613476, 61.56546072702211
3.0199999999999796, 25.916611823973895, 61.79447651947261
3.0299999999999794, 25.905641630739716, 61.56528483966465
3.039999999999979, 25.917034770005696, 61.7943170211128
3.049999999999979, 25.906054588570626, 61.56510880243908
3.0599999999999787, 25.917457738645204, 61.79415737310408
3.0699999999999785, 25.906467560081506, 61.56493261521318
3.0799999999999783, 25.91788072987566, 61.793997575312574
3.089999999999978, 25.906880545247613, 61.56475627785463
3.099999999999978, 25.918303743680266, 61.793837627604304
3.1099999999999777, 25.907293544044176, 61.56457979023096
3.1199999999999775, 25.918726780042192, 61.79367752984516
3.1299999999999772, 25.90770655644637, 61.5644031522096
3.139999999999977, 25.91914983894456, 61.79351728190091
3.149999999999977, 25.908119582429343, 61.56422636365786
3.1599999999999766, 25.919572920370456, 61.79335688363721
3.1699999999999764, 25.908532621968195, 61.56404942444293
3.179999999999976, 25.919996024302932, 61.79319633491959
3.189999999999976, 25.908945675037984, 61.56387233443189
3.1999999999999758, 25.920419150724992, 61.79303563561347
3.2099999999999755, 25.909358741613733, 61.563695093491695
3.2199999999999753, 25.92084229961961, 61.79287478558414
3.229999999999975, 25.909771821670418, 61.56351770148918
3.239999999999975, 25.921265470969722, 61.792713784696765
3.2499999999999747, 25.910184915182974, 61.56334015829108
3.2599999999999745, 25.921688664758214, 61.79255263281641
3.2699999999999743, 25.910598022126294, 61.563162463764
3.279999999999974, 25.92211188096795, 61.792391329808
3.289999999999974, 25.911011142475232, 61.56298461777442
3.2999999999999736, 25.922535119581745, 61.79222987553635
3.3099999999999734, 25.911424276204595, 61.562806620188724
3.319999999999973, 25.922958380582386, 61.792068269866164
3.329999999999973, 25.911837423289157, 61.562628470873165
3.3399999999999728, 25.923381663952615, 61.791906512662
3.3499999999999726, 25.91225058370363, 61.562450169693875
3.3599999999999723, 25.923804969675135, 61.79174460378833
3.369999999999972, 25.912663757422703, 61.56227171651688
3.379999999999972, 25.92422829773262, 61.79158254310948
3.3899999999999717, 25.913076944421007, 61.5620931112081
3.3999999999999715, 25.924651648107695, 61.791420330489665
3.4099999999999713, 25.91349014467314, 61.561914353633306
3.419999999999971, 25.92507502078296, 61.79125796579299
3.429999999999971, 25.913903358153654, 61.56173544365817
3.4399999999999706, 25.925498415740968, 61.79109544888341
3.4499999999999704, 25.914316584837053, 61.56155638114826
3.45999999999997, 25.92592183296424, 61.7909327796248
3.46999999999997, 25.9147298246978, 61.56137716596899
3.47999999999997, 25.926345272435253, 61.790769957880876
3.4899999999999696, 25.915143077710315, 61.5611977979857
3.4999999999999694, 25.926768734136452, 61.79060698351527
3.509999999999969, 25.915556343848973, 61.56101827706359
3.519999999999969, 25.927192218050248, 61.79044385639147
3.5299999999999687, 25.915969623088106, 61.56083860306774
3.5399999999999685, 25.927615724159, 61.79028057637285
3.5499999999999683, 25.916382915402, 61.56065877586311
3.559999999999968, 25.92803925244505, 61.79011714332267
3.569999999999968, 25.9167962207649, 61.560478795314566
3.5799999999999677, 25.92846280289068, 61.78995355710405
3.5899999999999674, 25.917209539151003, 61.56029866128683
3.5999999999999672, 25.928886375478154, 61.78978981758001
3.609999999999967, 25.917622870534462, 61.56011837364452
3.619999999999967, 25.92930997018968, 61.789625924613446
3.6299999999999666, 25.918036214889387, 61.55993793225214
3.6399999999999664, 25.929733587007448, 61.78946187806713
3.649999999999966, 25.918449572189846, 61.55975733697406
3.659999999999966, 25.930157225913593, 61.7892976778037
3.6699999999999657, 25.918862942409856, 61.55957658767454
3.6799999999999655, 25.930580886890223, 61.7891333236857
3.6899999999999653, 25.919276325523395, 61.55939568421773
3.699999999999965, 25.9310045699194, 61.78896881557552
3.709999999999965, 25.91968972150439, 61.55921462646766
3.7199999999999647, 25.931428274983148, 61.78880415333547
3.7299999999999645, 25.92010313032673, 61.55903341428822
3.7399999999999642, 25.931852002063465, 61.7886393368277
3.749999999999964, 25.92051655196425, 61.55885204754321
3.759999999999964, 25.9322757511423, 61.788474365914254
3.7699999999999636, 25.920929986390757, 61.5586705260963
3.7799999999999634, 25.932699522201563, 61.78830924045706
3.789999999999963, 25.921343433579988, 61.558488849811035
3.799999999999963, 25.93312331522313, 61.78814396031792
3.8099999999999627, 25.921756893505655, 61.558307018550856
3.8199999999999625, 25.933547130188842, 61.78797852535851
3.8299999999999623, 25.922170366141415, 61.558125032179085
3.839999999999962, 25.933970967080487, 61.7878129354404
3.849999999999962, 25.92258385146088, 61.557942890558905
3.8599999999999617, 25.93439482587983, 61.78764719042501
3.8699999999999615, 25.922997349437626, 61.5577605935534
3.8799999999999613, 25.934818706568596, 61.787481290173666
3.889999999999961, 25.92341086004517, 61.557578141025516
3.899999999999961, 25.935242609128462, 61.78731523454755
3.9099999999999606, 25.92382438325699, 61.5573955328381
3.9199999999999604, 25.935666533541074, 61.787149023407736
3.92999999999996, 25.924237919046515, 61.55721276885387
3.93999999999996, 25.93609047978803, 61.78698265661517
3.9499999999999598, 25.924651467387132, 61.55702984893544
3.9599999999999596, 25.936514447850904, 61.78681613403069
3.9699999999999593, 25.92506502825218, 61.55684677294528
3.979999999999959, 25.93693843771122, 61.78664945551498
3.989999999999959, 25.92547860161496, 61.556663540745745
3.9999999999999587, 25.937362449350466, 61.78648262092863
4.009999999999959, 25.92589218744871, 61.556480152199086
4.019999999999959, 25.937786482750095, 61.7863156301321
4.0299999999999585, 25.926305785726637, 61.55629660716743
4.039999999999958, 25.93821053789151, 61.78614848298572
4.049999999999958, 25.92671939642189, 61.55611290551278
4.059999999999958, 25.938634614756086, 61.78598117934971
4.069999999999958, 25.927133019507586, 61.555929047097
4.079999999999957, 25.939058713325156, 61.785813719084146
4.089999999999957, 25.927546654956785, 61.555745031781875
4.099999999999957, 25.939482833580012, 61.78564610204901
4.109999999999957, 25.927960302742502, 61.55556085942904
4.119999999999957, 25.939906975501902, 61.785478328104126
4.129999999999956, 25.9283739628377, 61.55537652990002
4.139999999999956, 25.94033113907204, 61.78531039710923
4.149999999999956, 25.928787635215308, 61.55519204305622
4.159999999999956, 25.940755324271603, 61.78514230892391
4.1699999999999555, 25.929201319848204, 61.555007398758924
4.179999999999955, 25.941179531081726, 61.78497406340764
4.189999999999955, 25.929615016709214, 61.554822596869286
4.199999999999955, 25.941603759483503, 61.784805660419764
4.209999999999955, 25.930028725771123, 61.55463763724835
4.2199999999999545, 25.942028009457985, 61.78463709981951
4.229999999999954, 25.930442447006662, 61.554452519757035
4.239999999999954, 25.942452280986192, 61.78446838146599
4.249999999999954, 25.930856180388528, 61.55426724425615
4.259999999999954, 25.942876574049098, 61.78429950521817
4.269999999999953, 25.931269925889353, 61.55408181060638
4.279999999999953, 25.943300888627636, 61.78413047093491
4.289999999999953, 25.931683683481737, 61.553896218668264
4.299999999999953, 25.943725224702707, 61.78396127847493
4.3099999999999525, 25.932097453138226, 61.55371046830225
4.319999999999952, 25.94414958225516, 61.783791927696846
4.329999999999952, 25.93251123483132, 61.553524559368654
4.339999999999952, 25.944573961265814, 61.78362241845913
4.349999999999952, 25.932925028533468, 61.55333849172768
4.3599999999999515, 25.944998361715438, 61.78345275062016
4.369999999999951, 25.93333883421708, 61.5531522652394
4.379999999999951, 25.94542278358477, 61.78328292403814
4.389999999999951, 25.933752651854505, 61.552965879763754
4.399999999999951, 25.945847226854507, 61.783112938571186
4.40999999999995, 25.934166481418064, 61.55277933516058
4.41999999999995, 25.946271691505302, 61.782942794077286
4.42999999999995, 25.934580322880013, 61.55259263128959
4.43999999999995, 25.946696177517765, 61.782772490414295
4.4499999999999496, 25.934994176212566, 61.552405768010374
4.459999999999949, 25.94712068487247, 61.78260202743994
4.469999999999949, 25.93540804138789, 61.552218745182394
4.479999999999949, 25.947545213549947, 61.78243140501184
4.489999999999949, 25.935821918378103, 61.552031562665
4.4999999999999485, 25.94796976353069, 61.78226062298748
4.509999999999948, 25.936235807155274, 61.55184422031741
4.519999999999948, 25.948394334795147, 61.78208968122421
4.529999999999948, 25.936649707691426, 61.55165671799873
4.539999999999948, 25.948818927323728, 61.781918579579255
4.549999999999947, 25.937063619958536, 61.551469055567935
4.559999999999947, 25.949243541096806, 61.781747317909726
4.569999999999947, 25.93747754392853, 61.55128123288387
4.579999999999947, 25.949668176094704, 61.78157589607261
4.589999999999947, 25.93789147957328, 61.551093249805284
4.599999999999946, 25.950092832297706, 61.78140431392475
4.609999999999946, 25.93830542686462, 61.55090510619078
4.619999999999946, 25.950517509686062, 61.781232571322896
4.629999999999946, 25.938719385774327, 61.55071680189885
4.6399999999999455, 25.950942208239972, 61.78106066812363
4.649999999999945, 25.939133356274137, 61.550528336787856
4.659999999999945, 25.951366927939606, 61.78088860418344
4.669999999999945, 25.939547338335732, 61.550339710716045
4.679999999999945, 25.951791668765075, 61.78071637935867
4.689999999999944, 25.939961331930743, 61.55015092354153
4.699999999999944, 25.952216430696467, 61.78054399350555
4.709999999999944, 25.940375337030762, 61.549961975122315
4.719999999999944, 25.952641213713818, 61.78037144648019
4.729999999999944, 25.94078935360732, 61.54977286531628
4.739999999999943, 25.953066017797124, 61.780198738138544
4.749999999999943, 25.94120338163191, 61.54958359398116
4.759999999999943, 25.953490842926335, 61.78002586833647
4.769999999999943, 25.941617421075968, 61.5493941609746
4.7799999999999425, 25.953915689081374, 61.779852836929685
4.789999999999942, 25.942031471910884, 61.54920456615409
4.799999999999942, 25.9543405562421, 61.779679643773775
4.809999999999942, 25.942445534107996, 61.54901480937701
4.819999999999942, 25.954765444388354, 61.77950628872421
4.8299999999999415, 25.9428596076386, 61.54882489050063
4.839999999999941, 25.95519035349992, 61.77933277163633
4.849999999999941, 25.943273692473934, 61.54863480938208
4.859999999999941, 25.95561528355654, 61.77915909236534
4.869999999999941, 25.943687788585194, 61.548444565878356
4.87999999999994, 25.95604023453792, 61.77898525076633
4.88999999999994, 25.944101895943522, 61.54825415984636
4.89999999999994, 25.956465206423722, 61.77881124669426
4.90999999999994, 25.94451601452001, 61.54806359114284
4.9199999999999395, 25.95689019919356, 61.77863708000395
4.929999999999939, 25.9449301442857, 61.54787285962445
4.939999999999939, 25.957315212827016, 61.77846275055012
4.949999999999939, 25.945344285211586, 61.54768196514769
4.959999999999939, 25.95774024730362, 61.778288258187324
4.9699999999999385, 25.945758437268616, 61.54749090756895
4.979999999999938, 25.95816530260286, 61.77811360277001
4.989999999999938, 25.94617260042768, 61.547299686744495
4.999999999999938, 25.958590378704194, 61.77793878415251
5.009999999999938, 25.94658677465962, 61.54710830253047
5.019999999999937, 25.959015475587023, 61.77776380218901
5.029999999999937, 25.947000959935238, 61.546916754782885
5.039999999999937, 25.95944059323071, 61.77758865673357
5.049999999999937, 25.94741515622527, 61.54672504335764
5.0599999999999365, 25.959865731614574, 61.77741334764013
5.069999999999936, 25.947829363500407, 61.54653316811049
5.079999999999936, 25.960290890717893, 61.77723787476249
5.089999999999936, 25.948243581731298, 61.54634112889709
5.099999999999936, 25.9607160705199, 61.77706223795434
5.1099999999999355, 25.94865781088853, 61.54614892557294
5.119999999999935, 25.96114127099979, 61.776886437069216
5.129999999999935, 25.94907205094265, 61.54595655799344
5.139999999999935, 25.96156649213671, 61.77671047196054
5.149999999999935, 25.949486301864148, 61.545764026013856
5.159999999999934, 25.96199173390977, 61.77653434248162
5.169999999999934, 25.949900563623466, 61.54557132948933
5.179999999999934, 25.962416996298025, 61.776358048485605
5.189999999999934, 25.950314836190987, 61.54537846827487
5.199999999999934, 25.962842279280494, 61.77618158982553
5.209999999999933, 25.95072911953706, 61.54518544222536
5.219999999999933, 25.963267582836153, 61.77600496635431
5.229999999999933, 25.95114341363196, 61.54499225119558
5.239999999999933, 25.963692906943933, 61.77582817792471
5.2499999999999325, 25.951557718445937, 61.54479889504016
5.259999999999932, 25.964118251582725, 61.775651224389385
5.269999999999932, 25.95197203394917, 61.54460537361361
5.279999999999932, 25.964543616731373, 61.77547410560085
5.289999999999932, 25.952386360111795, 61.54441168677032
5.299999999999931, 25.964969002368676, 61.7752968214115
5.309999999999931, 25.952800696903896, 61.54421783436455
5.319999999999931, 25.965394408473387, 61.77511937167359
5.329999999999931, 25.9532150442955, 61.54402381625044
5.339999999999931, 25.96581983502422, 61.77494175623925
5.34999999999993, 25.953629402256595, 61.543829632281984
5.35999999999993, 25.96624528199985, 61.77476397496048
5.36999999999993, 25.954043770757107, 61.543635282313076
5.37999999999993, 25.966670749378896, 61.774586027689146
5.3899999999999295, 25.954458149766914, 61.54344076619747
5.399999999999929, 25.96709623713994, 61.774407914277
5.409999999999929, 25.95487253925584, 61.543246083788794
5.419999999999929, 25.96752174526152, 61.77422963457564
5.429999999999929, 25.955286939193662, 61.54305123494054
5.4399999999999284, 25.967947273722125, 61.774051188436545
5.449999999999928, 25.955701349550097, 61.5428562195061
5.459999999999928, 25.968372822500204, 61.77387257571107
5.469999999999928, 25.95611577029482, 61.5426610373387
5.479999999999928, 25.968798391574158, 61.77369379625043
5.489999999999927, 25.95653020139744, 61.54246568829148
5.499999999999927, 25.969223980922344, 61.77351484990571
5.509999999999927, 25.956944642827533, 61.54227017221743
5.519999999999927, 25.96964959052308, 61.773335736527876
5.5299999999999265, 25.957359094554608, 61.54207448896941
5.539999999999926, 25.970075220354634, 61.77315645596775
5.549999999999926, 25.957773556548126, 61.54187863840017
5.559999999999926, 25.97050087039523, 61.77297700807603
5.569999999999926, 25.9581880287775, 61.54168262036232
5.5799999999999255, 25.970926540623047, 61.77279739270329
5.589999999999925, 25.95860251121208, 61.54148643470835
5.599999999999925, 25.971352231016223, 61.77261760969995
5.609999999999925, 25.959017003821177, 61.5412900812906
5.619999999999925, 25.971777941552844, 61.77243765891631
5.629999999999924, 25.959431506574038, 61.541093559961304
5.639999999999924, 25.972203672210956, 61.77225754020255
5.649999999999924, 25.959846019439862, 61.54089687057258
5.659999999999924, 25.97262942296856, 61.77207725340872
5.6699999999999235, 25.960260542387797, 61.540700012976394
5.679999999999923, 25.973055193803606, 61.77189679838471
5.689999999999923, 25.96067507538693, 61.54050298702458
5.699999999999923, 25.973480984694003, 61.7717161749803
5.709999999999923, 25.961089618406305, 61.54030579256887
5.7199999999999225, 25.973906795617616, 61.77153538304515
5.729999999999922, 25.96150417141491, 61.54010842946086
5.739999999999922, 25.97433262655226, 61.77135442242876
5.749999999999922, 25.961918734381673, 61.53991089755199
5.759999999999922, 25.974758477475714, 61.771173292980514
5.769999999999921, 25.962333307275482, 61.53971319669361
5.779999999999921, 25.975184348365698, 61.77099199454966
5.789999999999921, 25.962747890065156, 61.53951532673691
5.799999999999921, 25.97561023919989, 61.770810526985315
5.809999999999921, 25.963162482719472, 61.53931728753298
5.81999999999992, 25.976036149955934, 61.77062889013647
5.82999999999992, 25.963577085207152, 61.539119078932764
5.83999999999992, 25.976462080611412, 61.77044708385198
5.84999999999992, 25.963991697496862, 61.538920700787074
5.8599999999999195, 25.976888031143872, 61.77026510798055
5.869999999999919, 25.964406319557213, 61.538722152946605
5.879999999999919, 25.977314001530807, 61.77008296237078
5.889999999999919, 25.964820951356764, 61.538523435261915
5.899999999999919, 25.97773999174967, 61.76990064687112
5.909999999999918, 25.96523559286402, 61.53832454758344
5.919999999999918, 25.97816600177786, 61.7697181613299
5.929999999999918, 25.96565024404743, 61.53812548976148
5.939999999999918, 25.978592031592743, 61.76953550559529
5.949999999999918, 25.966064904875395, 61.5379262616462
5.959999999999917, 25.979018081171624, 61.76935267951537
5.969999999999917, 25.966479575316257, 61.53772686308765
5.979999999999917, 25.979444150491773, 61.76916968293804
5.989999999999917, 25.9668942553383, 61.53752729393574
5.9999999999999165, 25.979870239530403, 61.768986515711106
6.009999999999916, 25.967308944909764, 61.53732755404025
6.019999999999916, 25.98029634826469, 61.768803177682216
6.029999999999916, 25.967723643998823, 61.537127643250855
6.039999999999916, 25.980722476671758, 61.768619668698896
6.0499999999999154, 25.968138352573607, 61.53692756141706
6.059999999999915, 25.981148624728686, 61.76843598860853
6.069999999999915, 25.968553070602187, 61.53672730838826
6.079999999999915, 25.981574792412506, 61.76825213725838
6.089999999999915, 25.968967798052578, 61.536526884013725
6.099999999999914, 25.982000979700203, 61.76806811449556
6.109999999999914, 25.96938253489274, 61.53632628814259
6.119999999999914, 25.98242718656871, 61.767883920167066
6.129999999999914, 25.969797281090585, 61.536125520623855
6.1399999999999135, 25.982853412994924, 61.767699554119744
6.149999999999913, 25.970212036613958, 61.53592458130639
6.159999999999913, 25.98327965895568, 61.76751501620031
6.169999999999913, 25.970626801430654, 61.535723470038945
6.179999999999913, 25.983705924427777, 61.76733030625537
6.1899999999999125, 25.97104157550842, 61.53552218667013
6.199999999999912, 25.984132209387965, 61.76714542413134
6.209999999999912, 25.97145635881494, 61.53532073104842
6.219999999999912, 25.984558513812942, 61.766960369674564
6.229999999999912, 25.971871151317846, 61.535119103022176
6.239999999999911, 25.984984837679363, 61.76677514273121
6.249999999999911, 25.97228595298471, 61.53491730243962
6.259999999999911, 25.985411180963833, 61.766589743147335
6.269999999999911, 25.972700763783056, 61.53471532914882
6.2799999999999105, 25.98583754364291, 61.76640417076884
6.28999999999991, 25.973115583680347, 61.53451318299775
6.29999999999991, 25.986263925693102, 61.7662184254415
6.30999999999991, 25.973530412643992, 61.534310863834236
6.31999999999991, 25.986690327090873, 61.766032507010976
6.3299999999999095, 25.973945250641343, 61.53410837150597
6.339999999999909, 25.987116747812635, 61.765846415322756
6.349999999999909, 25.974360097639696, 61.53390570586052
6.359999999999909, 25.987543187834756, 61.76566015022222
6.369999999999909, 25.974774953606296, 61.53370286674531
6.379999999999908, 25.98796964713355, 61.76547371155459
6.389999999999908, 25.975189818508323, 61.533499854007644
6.399999999999908, 25.988396125685288, 61.765287099164986
6.409999999999908, 25.975604692312906, 61.53329666749469
6.419999999999908, 25.98882262346619, 61.765100312898355
6.429999999999907, 25.976019574987124, 61.533093307053484
6.439999999999907, 25.989249140452433, 61.76491335259954
6.449999999999907, 25.976434466497988, 61.532889772530936
6.459999999999907, 25.989675676620134, 61.76472621811323
6.4699999999999065, 25.97684936681246, 61.53268606377381
6.479999999999906, 25.990102231945375, 61.76453890928398
6.489999999999906, 25.977264275897443, 61.53248218062875
6.499999999999906, 25.99052880640418, 61.76435142595621
6.509999999999906, 25.977679193719784, 61.532278122942266
6.519999999999905, 25.990955399972524, 61.7641637679742
6.529999999999905, 25.978094120246272, 61.53207389056073
6.539999999999905, 25.99138201262634, 61.76397593518211
6.549999999999905, 25.978509055443645, 61.53186948333038
6.559999999999905, 25.991808644341507, 61.76378792742394
6.569999999999904, 25.978923999278575, 61.531664901097336
6.579999999999904, 25.992235295093856, 61.763599744543576
6.589999999999904, 25.979338951717683, 61.53146014370758
6.599999999999904, 25.992661964859167, 61.76341138638475
6.6099999999999035, 25.979753912727528, 61.531255211006936
6.619999999999903, 25.99308865361317, 61.763222852791074
6.629999999999903, 25.98016888227462, 61.531050102841135
6.639999999999903, 25.993515361331553, 61.763034143606
6.649999999999903, 25.980583860325403, 61.53084481905575
6.659999999999902, 25.99394208798995, 61.76284525867286
6.669999999999902, 25.980998846846273, 61.53063935949623
6.679999999999902, 25.994368833563946, 61.76265619783486
6.689999999999902, 25.981413841803562, 61.53043372400788
6.699999999999902, 25.994795598029075, 61.76246696093503
6.709999999999901, 25.98182884516354, 61.530227912435876
6.719999999999901, 25.995222381360815, 61.762277547816296
6.729999999999901, 25.98224385689243, 61.530021924625274
6.739999999999901, 25.99564918353461, 61.76208795832144
6.7499999999999005, 25.982658876956393, 61.52981576042098
6.7599999999999, 25.99607600452584, 61.7618981922931
6.7699999999999, 25.98307390532153, 61.52960941966778
6.7799999999999, 25.996502844309845, 61.76170824957379
6.7899999999999, 25.983488941953883, 61.52940290221031
6.7999999999998995, 25.99692970286191, 61.76151813000587
6.809999999999899, 25.983903986819445, 61.52919620789308
6.819999999999899, 25.99735658015727, 61.76132783343156
6.829999999999899, 25.98431903988414, 61.52898933656047
6.839999999999899, 25.997783476171108, 61.76113735969296
6.849999999999898, 25.984734101113844, 61.528782288056725
6.859999999999898, 25.998210390878562, 61.76094670863202
6.869999999999898, 25.98514917047436, 61.52857506222595
6.879999999999898, 25.998637324254712, 61.76075588009055
6.8899999999998975, 25.98556424793145, 61.52836765891211
6.899999999999897, 25.9990642762746, 61.760564873910226
6.909999999999897, 25.985979333450803, 61.52816007795906
6.919999999999897, 25.9994912469132, 61.76037368993259
6.929999999999897, 25.986394426998057, 61.52795231921049
6.9399999999998965, 25.999918236145447, 61.76018232799904
6.949999999999896, 25.98680952853879, 61.52774438250999
6.959999999999896, 26.000345243946228, 61.75999078795083
6.969999999999896, 25.987224638038523, 61.52753626770096
6.979999999999896, 26.000772270290373, 61.759799069629075
6.989999999999895, 25.987639755462716, 61.52732797462673
6.999999999999895, 26.00119931515266, 61.759607172874766
7.009999999999895, 25.98805488077677, 61.52711950313046
7.019999999999895, 26.00162637850782, 61.75941509752875
7.0299999999998946, 25.988470013946024, 61.52691085305518
7.039999999999894, 26.00205346033053, 61.75922284343173
7.049999999999894, 25.988885154935765, 61.526702024243775
7.059999999999894, 26.002480560595416, 61.75903041042426
7.069999999999894, 25.989300303711214, 61.526493016539014
7.0799999999998935, 26.002907679277058, 61.75883779834677
7.089999999999893, 25.98971546023754, 61.526283829783516
7.099999999999893, 26.003334816349977, 61.75864500703955
7.109999999999893, 25.990130624479843, 61.52607446381978
7.119999999999893, 26.003761971788645, 61.75845203634274
7.129999999999892, 25.99054579640317, 61.52586491849015
7.139999999999892, 26.004189145567484, 61.75825888609635
7.149999999999892, 25.990960975972506, 61.52565519363685
7.159999999999892, 26.00461633766087, 61.758065556140245
7.169999999999892, 25.991376163152783, 61.52544528910195
7.179999999999891, 26.005043548043115, 61.75787204631415
7.189999999999891, 25.99179135790886, 61.5252352047274
7.199999999999891, 26.005470776688487, 61.757678356457646
7.209999999999891, 25.992206560205545, 61.52502494035502
7.2199999999998905, 26.0058980235712, 61.75748448641019
7.22999999999989, 25.992621770007585, 61.52481449582647
7.23999999999989, 26.00632528866541, 61.75729043601109
7.24999999999989, 25.993036987279662, 61.52460387098329
7.25999999999989, 26.00675257194523, 61.757096205099494
7.269999999999889, 25.99345221198641, 61.52439306566688
7.279999999999889, 26.00717987338473, 61.75690179351444
7.289999999999889, 25.993867444092388, 61.52418207971851
7.299999999999889, 26.0076071929579, 61.756707201094805
7.309999999999889, 25.9942826835621, 61.5239709129793
7.319999999999888, 26.0080345306387, 61.75651242767934
7.329999999999888, 25.994697930359997, 61.52375956529025
7.339999999999888, 26.00846188640103, 61.75631747310664
7.349999999999888, 25.995113184450457, 61.5235480364922
7.3599999999998875, 26.008889260218734, 61.756122337215174
7.369999999999887, 25.995528445797802, 61.52333632642588
7.379999999999887, 26.009316652065614, 61.75592701984325
7.389999999999887, 25.9959437143663, 61.52312443493185
7.399999999999887, 26.00974406191541, 61.75573152082905
7.4099999999998865, 25.99635899012015, 61.52291236185058
7.419999999999886, 26.01017148974181, 61.75553584001062
7.429999999999886, 25.99677427302349, 61.52270010702235
7.439999999999886, 26.010598935518455, 61.75533997722585
7.449999999999886, 25.9971895630404, 61.52248767028735
7.459999999999885, 26.011026399218924, 61.7551439323125
7.469999999999885, 25.9976048601349, 61.52227505148559
7.479999999999885, 26.011453880816752, 61.75494770510818
7.489999999999885, 25.998020164270947, 61.52206225045698
7.4999999999998845, 26.011881380285416, 61.75475129545036
7.509999999999884, 25.998435475412432, 61.52184926704127
7.519999999999884, 26.012308897598338, 61.75455470317636
7.529999999999884, 25.998850793523193, 61.521636101078066
7.539999999999884, 26.01273643272889, 61.75435792812338
7.5499999999998835, 25.999266118566997, 61.521422752406856
7.559999999999883, 26.013163985650383, 61.75416097012846
7.569999999999883, 25.999681450507556, 61.521209220866986
7.579999999999883, 26.01359155633609, 61.7539638290285
7.589999999999883, 26.000096789308518, 61.520995506297645
7.599999999999882, 26.014019144759217, 61.75376650466026
7.609999999999882, 26.000512134933473, 61.52078160853791
7.619999999999882, 26.01444675089292, 61.75356899686036
7.629999999999882, 26.00092748734594, 61.5205675274267
7.6399999999998816, 26.0148743747103, 61.75337130546527
7.649999999999881, 26.001342846509385, 61.52035326280281
7.659999999999881, 26.015302016184403, 61.75317343031133
7.669999999999881, 26.0017582123872, 61.52013881450488
7.679999999999881, 26.015729675288227, 61.752975371234726
7.6899999999998805, 26.002173584942735, 61.51992418237143
7.69999999999988, 26.016157351994714, 61.7527771280715
7.70999999999988, 26.002588964139257, 61.51970936624083
7.71999999999988, 26.016585046276745, 61.75257870065756
7.72999999999988, 26.00300434993998, 61.51949436595131
7.739999999999879, 26.017012758107153, 61.75238008882866
7.749999999999879, 26.003419742308054, 61.51927918134096
7.759999999999879, 26.017440487458714, 61.752181292420424
7.769999999999879, 26.003835141206565, 61.519063812247744
7.779999999999879, 26.017868234304146, 61.751982311268314
7.789999999999878, 26.004250546598534, 61.518848258509465
7.799999999999878, 26.01829599861612, 61.75178314520767
7.809999999999878, 26.004665958446928, 61.51863251996381
7.819999999999878, 26.018723780367253, 61.75158379407367
7.8299999999998775, 26.005081376714642, 61.518416596448304
7.839999999999877, 26.019151579530096, 61.75138425770135
7.849999999999877, 26.00549680136451, 61.51820048780035
7.859999999999877, 26.019579396077155, 61.751184535925624
7.869999999999877, 26.00591223235931, 61.51798419385721
7.879999999999876, 26.02000722998088, 61.75098462858124
7.889999999999876, 26.006327669661744, 61.517767714456
7.899999999999876, 26.02043508121366, 61.75078453550281
7.909999999999876, 26.006743113234457, 61.51755104943369
7.919999999999876, 26.02086294974783, 61.75058425652479
7.929999999999875, 26.00715856304003, 61.517334198627125
7.939999999999875, 26.02129083555568, 61.750383791481504
7.949999999999875, 26.007574019040984, 61.517117161872996
7.959999999999875, 26.02171873860943, 61.75018314020713
7.9699999999998745, 26.00798948119977, 61.51689993900786
7.979999999999874, 26.02214665888125, 61.74998230253569
7.989999999999874, 26.008404949478777, 61.516682529868135
7.999999999999874, 26.022574596343265, 61.74978127830109
8.009999999999874, 26.008820423840334, 61.5164649342901
8.019999999999873, 26.023002550967526, 61.74958006733706
8.029999999999873, 26.009235904246697, 61.516247152109884
8.039999999999873, 26.023430522726034, 61.749378669477196
8.049999999999873, 26.009651390660064, 61.51602918316349
8.059999999999873, 26.023858511590742, 61.74917708455495
8.069999999999872, 26.010066883042573, 61.515811027286766
8.079999999999872, 26.024286517533543, 61.74897531240363
8.089999999999872, 26.010482381356287, 61.51559268431542
8.099999999999872, 26.02471454052627, 61.7487733528564
8.109999999999872, 26.010897885563214, 61.51537415408504
8.119999999999871, 26.0251425805407, 61.748571205746266
8.129999999999871, 26.01131339562529, 61.51515543643104
8.139999999999871, 26.025570637548558, 61.748368870906106
8.14999999999987, 26.01172891150439, 61.51493653118871
8.15999999999987, 26.025998711521513, 61.74816634816864
8.16999999999987, 26.012144433162327, 61.5147174381932
8.17999999999987, 26.02642680243117, 61.747963637366446
8.18999999999987, 26.01255996056084, 61.51449815727953
8.19999999999987, 26.02685491024909, 61.74776073833196
8.20999999999987, 26.012975493661614, 61.51427868828255
8.21999999999987, 26.027283034946763, 61.74755765089747
8.229999999999869, 26.013391032426263, 61.51405903103699
8.239999999999869, 26.02771117649563, 61.74735437489511
8.249999999999869, 26.013806576816332, 61.51383918537743
8.259999999999868, 26.028139334867074, 61.747150910156876
8.269999999999868, 26.014222126793307, 61.51361915113831
8.279999999999868, 26.02856751003242, 61.746947256514616
8.289999999999868, 26.014637682318604, 61.51339892815392
8.299999999999867, 26.028995701962938, 61.74674341380003
8.309999999999867, 26.015053243353577, 61.51317851625842
8.319999999999867, 26.029423910629838, 61.74653938184467
8.329999999999867, 26.015468809859517, 61.512957915285824
8.339999999999867, 26.029852136004276, 61.746335160479944
8.349999999999866, 26.015884381797637, 61.512737125070004
8.359999999999866, 26.030280378057345, 61.746130749537116
8.369999999999866, 26.016299959129096, 61.512516145444685
8.379999999999866, 26.030708636760085, 61.745926148847296
8.389999999999866, 26.016715541814985, 61.51229497624345
8.399999999999865, 26.03113691208348, 61.74572135824145
8.409999999999865, 26.017131129816324, 61.51207361729975
8.419999999999865, 26.03156520399845, 61.745516377550395
8.429999999999865, 26.017546723094068, 61.51185206844688
8.439999999999864, 26.03199351247586, 61.7453112066048
8.449999999999864, 26.017962321609108, 61.51163032951799
8.459999999999864, 26.03242183748652, 61.7451058452352
8.469999999999864, 26.01837792532227, 61.5114084003461
8.479999999999864, 26.03285017900118, 61.744900293271954
8.489999999999863, 26.01879353419431, 61.51118628076408
8.499999999999863, 26.03327853699053, 61.744694550545304
8.509999999999863, 26.01920914818592, 61.51096397060466
8.519999999999863, 26.033706911425206, 61.74448861688533
8.529999999999863, 26.01962476725772, 61.51074146970041
8.539999999999862, 26.03413530227578, 61.74428249212195
8.549999999999862, 26.020040391370266, 61.51051877788379
8.559999999999862, 26.034563709512764, 61.74407617608496
8.569999999999862, 26.02045602048405, 61.51029589498708
8.579999999999862, 26.034992133106623, 61.74386966860399
8.589999999999861, 26.020871654559496, 61.510072820842446
8.599999999999861, 26.03542057302775, 61.743662969508534
8.60999999999986, 26.021287293556956, 61.50984955528188
8.61999999999986, 26.035849029246492, 61.74345607862792
8.62999999999986, 26.021702937436718, 61.50962609813726
8.63999999999986, 26.03627750173312, 61.74324899579135
8.64999999999986, 26.022118586159003, 61.509402449240305
8.65999999999986, 26.036705990457868, 61.74304172082786
8.66999999999986, 26.022534239683964, 61.509178608422594
8.67999999999986, 26.03713449539089, 61.74283425356635
8.68999999999986, 26.022949897971685, 61.50895457551555
8.699999999999859, 26.037563016502297, 61.74262659383555
8.709999999999859, 26.02336556098218, 61.508730350350476
8.719999999999859, 26.037991553762126, 61.74241874146407
8.729999999999858, 26.023781228675407, 61.5085059327585
8.739999999999858, 26.038420107140368, 61.742210696280345
8.749999999999858, 26.02419690101124, 61.50828132257063
8.759999999999858, 26.038848676606946, 61.74200245811267
8.769999999999857, 26.024612577949494, 61.50805651961772
8.779999999999857, 26.039277262131726, 61.7417940267892
8.789999999999857, 26.025028259449915, 61.50783152373047
8.799999999999857, 26.039705863684517, 61.74158540213792
8.809999999999857, 26.025443945472176, 61.50760633473944
8.819999999999856, 26.04013448123506, 61.741376583986685
8.829999999999856, 26.025859635975888, 61.50738095247507
8.839999999999856, 26.040563114753045, 61.74116757216319
8.849999999999856, 26.026275330920587, 61.507155376767614
8.859999999999856, 26.040991764208098, 61.740958366494986
8.869999999999855, 26.02669103026575, 61.506929607447205
8.879999999999855, 26.041420429569786, 61.74074896680946
8.889999999999855, 26.027106733970772, 61.50670364434383
8.899999999999855, 26.041849110807615, 61.740539372933874
8.909999999999854, 26.02752244199499, 61.50647748728733
8.919999999999854, 26.042277807891026, 61.74032958469532
8.929999999999854, 26.02793815429766, 61.50625113610739
8.939999999999854, 26.04270652078941, 61.74011960192073
8.949999999999854, 26.02835387083799, 61.50602459063355
8.959999999999853, 26.043135249472087, 61.73990942443692
8.969999999999853, 26.02876959157509, 61.505797850695224
8.979999999999853, 26.043563993908318, 61.73969905207052
8.989999999999853, 26.029185316468027, 61.505570916121656
8.999999999999853, 26.043992754067315, 61.739488484648035
9.009999999999852, 26.029601045475783, 61.50534378674196
9.019999999999852, 26.04442152991821, 61.739277721995805
9.029999999999852, 26.030016778557275, 61.50511646238509
9.039999999999852, 26.044850321430093, 61.739066763940016
9.049999999999851, 26.03043251567135, 61.50488894287986
9.059999999999851, 26.045279128571977, 61.73885561030671
9.069999999999851, 26.030848256776785, 61.50466122805494
9.07999999999985, 26.045707951312824, 61.73864426092178
9.08999999999985, 26.03126400183229, 61.50443331773886
9.09999999999985, 26.04613678962153, 61.73843271561096
9.10999999999985, 26.0316797507965, 61.50420521175998
9.11999999999985, 26.046565643466934, 61.73822097419984
9.12999999999985, 26.032095503627982, 61.50397690994654
9.13999999999985, 26.046994512817808, 61.73800903651386
9.14999999999985, 26.032511260285233, 61.50374841212662
9.15999999999985, 26.047423397642863, 61.73779690237829
9.169999999999849, 26.032927020726678, 61.50351971812815
9.179999999999849, 26.04785229791075, 61.73758457161828
9.189999999999849, 26.033342784910673, 61.503290827778926
9.199999999999848, 26.04828121359006, 61.737372044058795
9.209999999999848, 26.0337585527955, 61.50306174090658
9.219999999999848, 26.048710144649313, 61.737159319524665
9.229999999999848, 26.03417432433938, 61.502832457338606
9.239999999999847, 26.049139091056983, 61.73694639784056
9.249999999999847, 26.03459009950045, 61.502602976902345
9.259999999999847, 26.049568052781467, 61.73673327883101
9.269999999999847, 26.035005878236785, 61.502373299424995
9.279999999999847, 26.049997029791108, 61.73651996232037
9.289999999999846, 26.035421660506387, 61.5021434247336
9.299999999999846, 26.05042602205418, 61.73630644813287
9.309999999999846, 26.035837446267184, 61.50191335265507
9.319999999999846, 26.0508550295389, 61.73609273609257
9.329999999999846, 26.036253235477037, 61.50168308301616
9.339999999999845, 26.051284052213425, 61.73587882602339
9.349999999999845, 26.03666902809373, 61.50145261564347
9.359999999999845, 26.051713090045837, 61.735664717749074
9.369999999999845, 26.03708482407498, 61.501221950363465
9.379999999999844, 26.05214214300417, 61.73545041109323
9.389999999999844, 26.03750062337843, 61.50099108700244
9.399999999999844, 26.052571211056378, 61.73523590587932
9.409999999999844, 26.037916425961654, 61.50076002538657
9.419999999999844, 26.05300029417037, 61.735021201930635
9.429999999999843, 26.03833223178215, 61.500528765341855
9.439999999999843, 26.05342939231398, 61.734806299070314
9.449999999999843, 26.03874804079734, 61.50029730669416
9.459999999999843, 26.053858505454983, 61.734591197121354
9.469999999999843, 26.03916385296459, 61.5000656492692
9.479999999999842, 26.05428763356109, 61.734375895906595
9.489999999999842, 26.039579668241178, 61.49983379289255
9.499999999999842, 26.054716776599943, 61.734160395248715
9.509999999999842, 26.039995486584314, 61.49960173738961
9.519999999999841, 26.055145934539134, 61.73394469497024
9.529999999999841, 26.04041130795114, 61.49936948258566
9.539999999999841, 26.025247508556102, 61.26501017027776
9.54999999999984, 26.041680768305298, 61.49945440232485
9.55999999999984, 26.02491751272955, 61.265153468546785
9.56999999999984, 26.04284997781583, 61.49947403720679
9.57999999999984, 26.024674059330216, 61.26523168843031
9.58999999999984, 26.043930137491927, 61.49943715823934
9.59999999999984, 26.024506192732268, 61.26525163320218
9.60999999999984, 26.044931278221167, 61.49935126352473
9.61999999999984, 26.024404403641086, 61.26521949804272
9.62999999999984, 26.045862362154242, 61.499222779053625
9.639999999999839, 26.024360426488823, 61.265140896129196
9.649999999999839, 26.046731381072057, 61.49905722521922
9.659999999999838, 26.02436706723743, 61.265020892446955
9.669999999999838, 26.04754544987828, 61.49885935524342
9.679999999999838, 26.024418056739396, 61.26486404182126
9.689999999999838, 26.048310894136918, 61.4986332705659
9.699999999999838, 26.02450792559999, 61.2646744287145
9.709999999999837, 26.049033331116277, 61.4983825173097
9.719999999999837, 26.024631897155263, 61.26445570709727
9.729999999999837, 25.999546050137557, 61.030801247023064
9.739999999999837, 26.026151699286903, 61.26443752598942
9.749999999999837, 25.99898447301627, 61.030954961126355
9.759999999999836, 26.027536830419862, 61.2643380509889
9.769999999999836, 25.998531533944114, 61.03102074886984
9.779999999999836, 26.02880215710494, 61.26416873695508
9.789999999999836, 25.998173111008136, 61.03100755752457
9.799999999999836, 26.029961039977376, 61.2639392756392
9.809999999999835, 25.997897016628098, 61.03092360061963
9.819999999999835, 26.031025450099175, 61.263657890620436
9.829999999999835, 25.99769271392318, 61.030776367994875
9.839999999999835, 26.032006086920276, 61.263331579507124
9.849999999999834, 25.99755107763426, 61.030572653086494
9.859999999999834, 25.962189661506706, 60.79817899300463
9.869999999999834, 25.99928708243502, 61.03041496303666
9.879999999999834, 25.961417705176494, 60.79834623587122
9.889999999999834, 26.000855124553418, 61.030164271006456
9.899999999999833, 25.960771770940017, 60.79840323002481
9.909999999999833, 26.002273612527766, 61.029834355129765
9.919999999999833, 25.96023501490846, 60.798360992775095
9.929999999999833, 26.003559129079754, 61.02943675238974
9.939999999999833, 25.959792985685787, 60.798229697423615
9.949999999999832, 25.91485941250435, 60.5674782424644
9.959999999999832, 25.961778332590654, 60.79793611087092
9.969999999999832, 25.913846901080877, 60.56770673868768
9.979999999999832, 25.963556168213284, 60.79753640464515
9.989999999999831, 25.912980130725, 60.56779891868475
9.999999999999831, 25.965149065858366, 60.79704726626997
10.009999999999831, 25.912238967395822, 60.56776812367172
10.01999999999983, 25.857900519443884, 60.33905373985533
10.02999999999983, 25.9144705964507, 60.56732060006871
10.03999999999983, 25.85664788850317, 60.339368258162324
10.04999999999983, 25.91645283380786, 60.566755613878975
10.05999999999983, 25.855559289485473, 60.339519086517846
10.06999999999983, 25.918212671412768, 60.56609288685753
10.07999999999983, 25.854611226888146, 60.33952196198698
10.08999999999983, 25.78944790769347, 60.11369537772367
10.09999999999983, 25.85696618624375, 60.33884990937625
10.109999999999829, 25.788031733378826, 60.11404332887233
10.119999999999829, 25.85904034914891, 60.33806049542301
10.129999999999828, 25.786785329654204, 60.114206270880985
10.139999999999828, 25.71270642158537, 59.89123776773054
10.149999999999828, 25.789381184219017, 60.11335017433205
10.159999999999828, 25.711050065522713, 59.891723784211116
10.169999999999828, 25.791649449720104, 60.11236895092281
10.179999999999827, 25.709579437724763, 59.89199481085028
10.189999999999827, 25.625533175119315, 59.67270267602174
10.199999999999827, 25.71230952487196, 59.89090021645392
10.209999999999827, 25.623698024324284, 59.673285760629994
10.219999999999827, 25.53272207453844, 59.45688886963553
10.229999999999826, 25.626782849616998, 59.67201619236153
10.239999999999826, 25.530593204720027, 59.45773961459774
10.249999999999826, 25.629437373597426, 59.67061049295439
10.259999999999826, 25.52867991862379, 59.45831120870804
10.269999999999825, 25.425651339262124, 59.24752189067024
10.279999999999825, 25.53165941792091, 59.45670891413319
10.289999999999825, 25.423463118009575, 59.24837277810409
10.299999999999825, 25.31273504665243, 59.04175146645813
10.309999999999825, 25.426670171877024, 59.2465289104495
10.319999999999824, 25.310327948607256, 59.042845728794525
10.329999999999824, 25.191282859706615, 58.84111851825395
10.339999999999824, 25.31367462180754, 59.04072533464183
10.349999999999824, 25.18870351445338, 58.842427709197175
10.359999999999824, 25.060939449739887, 58.64635387953475
10.369999999999823, 25.192109620557556, 58.8400059248478
10.379999999999823, 25.058226305821172, 58.64785516034793
10.389999999999823, 24.921533750717213, 58.458213275386115
10.399999999999823, 24.78144918259268, 58.27130968488032
10.409999999999823, 24.925450934102248, 58.45521528549756
10.419999999999822, 24.778356584966442, 58.27352306744495
10.429999999999822, 24.62808171739066, 58.094905428526474
10.439999999999822, 24.782036707863757, 58.2701626954324
10.449999999999822, 24.624982204904974, 58.09720747327037
10.459999999999821, 24.46500058813855, 57.92764552684906
10.469999999999821, 24.301619060775156, 57.761786229551284
10.479999999999821, 24.468812962969498, 57.923609815195206
10.48999999999982, 24.298343491360107, 57.7647193365208
10.49999999999982, 24.124925938355684, 57.60984736549932
10.50999999999982, 23.94817089198714, 57.459343676670976
10.51999999999982, 23.76775037851994, 57.31357686732452
10.52999999999982, 23.95210364483175, 57.454220091828645
10.53999999999982, 23.764355509411615, 57.3175821991972
10.54999999999982, 23.573716645723728, 57.185953264504384
10.55999999999982, 23.379934424813616, 57.05972353439315
10.569999999999819, 23.182818181222412, 56.93929406794953
10.579999999999819, 23.38339791412908, 57.05351315398824
10.589999999999819, 23.179585461025003, 56.94419876193792
10.599999999999818, 22.973470230218698, 56.84082375019099
10.609999999999818, 22.764927942069654, 56.74378916820734
10.619999999999818, 22.55389571832606, 56.65349655725532
10.629999999999818, 22.340370892076596, 56.57034559583723
10.639999999999818, 22.12440974330378, 56.494731301895136
10.649999999999817, 21.906126110841154, 56.427040873168885
10.659999999999817, 21.685689835143712, 56.36765024095217
10.669999999999817, 21.46332499085068, 56.31692040785585
10.679999999999817, 21.239307873404474, 56.27519363669175
10.689999999999817, 21.0139647098083, 56.242789554927334
10.699999999999816, 20.787669069821973, 56.22000123706097
10.709999999999816, 20.56083896040598, 56.20709132549702
10.719999999999816, 20.333933592940202, 56.20428824885508
10.729999999999816, 20.10744981958965, 56.211782594958194
10.739999999999815, 19.881918242091412, 56.22972369386333
10.749999999999815, 19.65789900312221, 56.258216464103455
10.759999999999815, 19.435977277198724, 56.29731857270582
10.769999999999815, 19.21675848468381, 56.347037956459026
10.779999999999815, 19.000863258837356, 56.40733074826756
10.789999999999814, 18.788922201873227, 56.47809964822148
10.799999999999814, 18.581570471573745, 56.559192774206736
10.809999999999814, 18.379442245078323, 56.65040302149335
10.819999999999814, 18.183165110913087, 56.751467954789
10.829999999999814, 17.99335444407482, 56.86207024977783
10.839999999999813, 17.810607821942828, 56.9818386942403
10.849999999999813, 17.635499540890596, 57.110349751548
10.859999999999813, 17.46857529464067, 57.247129681741725
10.869999999999813, 17.31034707559775, 57.39165720764071
10.879999999999812, 17.16128835956955, 57.543366705615114
10.889999999999812, 17.021829632421145, 57.701651892913524
10.899999999999812, 16.892354314305003, 57.86586997590843
10.909999999999812, 16.773195133183297, 58.035346216446165
10.919999999999812, 16.664630994451276, 58.209378866804414
10.929999999999811, 16.566884387640858, 58.387244417708274
10.939999999999811, 16.48011936451462, 58.56820309856557
10.949999999999811, 16.404440115454534, 58.7515045646754
10.95999999999981, 16.339890163029118, 58.93639370274688
10.96999999999981, 16.286452183126187, 59.1221164837282
10.97999999999981, 16.24404845521961, 59.307925790759235
10.98999999999981, 16.212541934362534, 59.493087150069954
10.99999999999981, 16.191737928539286, 59.6768842938755
11.00999999999981, 16.181386356239926, 59.85862448676108
11.01999999999981, 16.181184550721852, 60.03764355067561
11.02999999999981, 16.19078056956241, 60.213310528403674
11.039999999999809, 16.209776960947554, 60.385031931175675
11.049999999999809, 16.23773493183181, 60.5522555227973
11.059999999999809, 16.27417885777433, 60.71447360019901
11.069999999999808, 16.31860107001363, 60.871225738472916
