0.01, 25.995, 20.0, 0.0
0.02, 25.990000000000002, 20.0, 0.0
0.03, 25.985000000000003, 20.0, 0.0
0.04, 25.980000000000004, 20.0, 0.0
0.05, 25.975000000000005, 20.0, 0.0
0.060000000000000005, 25.970000000000006, 20.0, 0.0
0.07, 25.965000000000007, 20.0, 0.0
0.08, 25.960000000000008, 20.0, 0.0
0.09, 25.95500000000001, 20.0, 0.0
0.09999999999999999, 25.95000000000001, 20.0, 0.0
0.10999999999999999, 25.94500000000001, 20.0, 0.0
0.11999999999999998, 25.940000000000012, 20.0, 0.0
0.12999999999999998, 25.935000000000013, 20.0, 0.0
0.13999999999999999, 25.930000000000014, 20.0, 0.0
0.15, 25.925000000000015, 20.0, 0.0
0.16, 25.920000000000016, 20.0, 0.0
0.17, 25.915000000000017, 20.0, 0.0
0.18000000000000002, 25.910000000000018, 20.0, 0.0
0.19000000000000003, 25.90500000000002, 20.0, 0.0
0.20000000000000004, 25.90000000000002, 20.0, 0.0
0.21000000000000005, 25.89500000000002, 20.0, 0.0
0.22000000000000006, 25.890000000000022, 20.0, 0.0
0.23000000000000007, 25.885000000000023, 20.0, 0.0
0.24000000000000007, 25.880000000000024, 20.0, 0.0
0.25000000000000006, 25.875000000000025, 20.0, 0.0
0.26000000000000006, 25.870000000000026, 20.0, 0.0
0.2700000000000001, 25.865000000000027, 20.0, 0.0
0.2800000000000001, 25.860000000000028, 20.0, 0.0
0.2900000000000001, 25.85500000000003, 20.0, 0.0
0.3000000000000001, 25.85000000000003, 20.0, 0.0
0.3100000000000001, 25.84500000000003, 20.0, 0.0
0.3200000000000001, 25.840000000000032, 20.0, 0.0
0.3300000000000001, 25.835000000000033, 20.0, 0.0
0.34000000000000014, 25.830000000000034, 20.0, 0.0
0.35000000000000014, 25.825000000000035, 20.0, 0.0
0.36000000000000015, 25.820000000000036, 20.0, 0.0
0.37000000000000016, 25.815000000000037, 20.0, 0.0
0.38000000000000017, 25.810000000000038, 20.0, 0.0
0.3900000000000002, 25.80500000000004, 20.0, 0.0
0.4000000000000002, 25.80000000000004, 20.0, 0.0
0.4100000000000002, 25.79500000000004, 20.0, 0.0
0.4200000000000002, 25.790000000000042, 20.0, 0.0
0.4300000000000002, 25.785000000000043, 20.0, 0.0
0.4400000000000002, 25.780000000000044, 20.0, 0.0
0.45000000000000023, 25.775000000000045, 20.0, 0.0
0.46000000000000024, 25.770000000000046, 20.0, 0.0
0.47000000000000025, 25.765000000000047, 20.0, 0.0
0.48000000000000026, 25.760000000000048, 20.0, 0.0
0.49000000000000027, 25.75500000000005, 20.0, 0.0
0.5000000000000002, 25.75000000000005, 20.0, 0.0
0.5100000000000002, 25.74500000000005, 20.0, 0.0
0.5200000000000002, 25.74000000000005, 20.0, 0.0
0.5300000000000002, 25.735000000000053, 20.0, 0.0
0.5400000000000003, 25.730000000000054, 20.0, 0.0
0.5500000000000003, 25.725000000000055, 20.0, 0.0
0.5600000000000003, 25.720000000000056, 20.0, 0.0
0.5700000000000003, 25.715000000000057, 20.0, 0.0
0.5800000000000003, 25.710000000000058, 20.0, 0.0
0.5900000000000003, 25.70500000000006, 20.0, 0.0
0.6000000000000003, 25.70000000000006, 20.0, 0.0
0.6100000000000003, 25.69500000000006, 20.0, 0.0
0.6200000000000003, 25.69000000000006, 20.0, 0.0
0.6300000000000003, 25.685000000000063, 20.0, 0.0
0.6400000000000003, 25.680000000000064, 20.0, 0.0
0.6500000000000004, 25.675000000000065, 20.0, 0.0
0.6600000000000004, 25.670000000000066, 20.0, 0.0
0.6700000000000004, 25.665000000000067, 20.0, 0.0
0.6800000000000004, 25.660000000000068, 20.0, 0.0
0.6900000000000004, 25.65500000000007, 20.0, 0.0
0.7000000000000004, 25.65000000000007, 20.0, 0.0
0.7100000000000004, 25.64500000000007, 20.0, 0.0
0.7200000000000004, 25.64000000000007, 20.0, 0.0
0.7300000000000004, 25.635000000000073, 20.0, 0.0
0.7400000000000004, 25.630000000000074, 20.0, 0.0
0.7500000000000004, 25.625000000000075, 20.0, 0.0
0.7600000000000005, 25.620000000000076, 20.0, 0.0
0.7700000000000005, 25.615000000000077, 20.0, 0.0
0.7800000000000005, 25.610000000000078, 20.0, 0.0
0.7900000000000005, 25.60500000000008, 20.0, 0.0
0.8000000000000005, 25.60000000000008, 20.0, 0.0
0.8100000000000005, 25.59500000000008, 20.0, 0.0
0.8200000000000005, 25.59000000000008, 20.0, 0.0
0.8300000000000005, 25.585000000000083, 20.0, 0.0
0.8400000000000005, 25.580000000000084, 20.0, 0.0
0.8500000000000005, 25.575000000000085, 20.0, 0.0
0.8600000000000005, 25.570000000000086, 20.0, 0.0
0.8700000000000006, 25.565000000000087, 20.0, 0.0
0.8800000000000006, 25.560000000000088, 20.0, 0.0
0.8900000000000006, 25.55500000000009, 20.0, 0.0
0.9000000000000006, 25.55000000000009, 20.0, 0.0
0.9100000000000006, 25.54500000000009, 20.0, 0.0
0.9200000000000006, 25.54000000000009, 20.0, 0.0
0.9300000000000006, 25.535000000000093, 20.0, 0.0
0.9400000000000006, 25.530000000000094, 20.0, 0.0
0.9500000000000006, 25.525000000000095, 20.0, 0.0
0.9600000000000006, 25.520000000000095, 20.0, 0.0
0.9700000000000006, 25.515000000000096, 20.0, 0.0
0.9800000000000006, 25.510000000000097, 20.0, 0.0
0.9900000000000007, 25.5050000000001, 20.0, 0.0
1.0000000000000007, 25.5000000000001, 20.0, 0.0
1.0100000000000007, 25.4950000000001, 20.0, 0.0
1.0200000000000007, 25.4900000000001, 20.0, 0.0
1.0300000000000007, 25.485000000000102, 20.0, 0.0
1.0400000000000007, 25.480000000000103, 20.0, 0.0
1.0500000000000007, 25.475000000000104, 20.0, 0.0
1.0600000000000007, 25.470000000000105, 20.0, 0.0
1.0700000000000007, 25.465000000000106, 20.0, 0.0
1.0800000000000007, 25.460000000000107, 20.0, 0.0
1.0900000000000007, 25.45500000000011, 20.0, 0.0
1.1000000000000008, 25.45000000000011, 20.0, 0.0
1.1100000000000008, 25.44500000000011, 20.0, 0.0
1.1200000000000008, 25.44000000000011, 20.0, 0.0
1.1300000000000008, 25.435000000000112, 20.0, 0.0
1.1400000000000008, 25.430000000000113, 20.0, 0.0
1.1500000000000008, 25.425000000000114, 20.0, 0.0
1.1600000000000008, 25.420000000000115, 20.0, 0.0
1.1700000000000008, 25.415000000000116, 20.0, 0.0
1.1800000000000008, 25.410000000000117, 20.0, 0.0
1.1900000000000008, 25.40500000000012, 20.0, 0.0
1.2000000000000008, 25.40000000000012, 20.0, 0.0
1.2100000000000009, 25.39500000000012, 20.0, 0.0
1.2200000000000009, 25.39000000000012, 20.0, 0.0
1.2300000000000009, 25.385000000000122, 20.0, 0.0
1.2400000000000009, 25.380000000000123, 20.0, 0.0
1.2500000000000009, 25.375000000000124, 20.0, 0.0
1.260000000000001, 25.370000000000125, 20.0, 0.0
1.270000000000001, 25.365000000000126, 20.0, 0.0
1.280000000000001, 25.360000000000127, 20.0, 0.0
1.290000000000001, 25.35500000000013, 20.0, 0.0
1.300000000000001, 25.35000000000013, 20.0, 0.0
1.310000000000001, 25.34500000000013, 20.0, 0.0
1.320000000000001, 25.34000000000013, 20.0, 0.0
1.330000000000001, 25.335000000000132, 20.0, 0.0
1.340000000000001, 25.330000000000133, 20.0, 0.0
1.350000000000001, 25.325000000000134, 20.0, 0.0
1.360000000000001, 25.320000000000135, 20.0, 0.0
1.370000000000001, 25.315000000000136, 20.0, 0.0
1.380000000000001, 25.310000000000137, 20.0, 0.0
1.390000000000001, 25.30500000000014, 20.0, 0.0
1.400000000000001, 25.30000000000014, 20.0, 0.0
1.410000000000001, 25.29500000000014, 20.0, 0.0
1.420000000000001, 25.29000000000014, 20.0, 0.0
1.430000000000001, 25.285000000000142, 20.0, 0.0
1.440000000000001, 25.280000000000143, 20.0, 0.0
1.450000000000001, 25.275000000000144, 20.0, 0.0
1.460000000000001, 25.270000000000145, 20.0, 0.0
1.470000000000001, 25.265000000000146, 20.0, 0.0
1.480000000000001, 25.260000000000147, 20.0, 0.0
1.490000000000001, 25.255000000000148, 20.0, 0.0
1.500000000000001, 25.25000000000015, 20.0, 0.0
1.5100000000000011, 25.24500000000015, 20.0, 0.0
1.5200000000000011, 25.24000000000015, 20.0, 0.0
1.5300000000000011, 25.235000000000152, 20.0, 0.0
1.5400000000000011, 25.230000000000153, 20.0, 0.0
1.5500000000000012, 25.225000000000154, 20.0, 0.0
1.5600000000000012, 25.220000000000155, 20.0, 0.0
1.5700000000000012, 25.215000000000156, 20.0, 0.0
1.5800000000000012, 25.210000000000157, 20.0, 0.0
1.5900000000000012, 25.205000000000158, 20.0, 0.0
1.6000000000000012, 25.20000000000016, 20.0, 0.0
1.6100000000000012, 25.19500000000016, 20.0, 0.0
1.6200000000000012, 25.19000000000016, 20.0, 0.0
1.6300000000000012, 25.185000000000162, 20.0, 0.0
1.6400000000000012, 25.180000000000163, 20.0, 0.0
1.6500000000000012, 25.175000000000164, 20.0, 0.0
1.6600000000000013, 25.170000000000165, 20.0, 0.0
1.6700000000000013, 25.165000000000166, 20.0, 0.0
1.6800000000000013, 25.160000000000167, 20.0, 0.0
1.6900000000000013, 25.155000000000168, 20.0, 0.0
1.7000000000000013, 25.15000000000017, 20.0, 0.0
1.7100000000000013, 25.14500000000017, 20.0, 0.0
1.7200000000000013, 25.14000000000017, 20.0, 0.0
1.7300000000000013, 25.135000000000172, 20.0, 0.0
1.7400000000000013, 25.130000000000173, 20.0, 0.0
1.7500000000000013, 25.125000000000174, 20.0, 0.0
1.7600000000000013, 25.120000000000175, 20.0, 0.0
1.7700000000000014, 25.115000000000176, 20.0, 0.0
1.7800000000000014, 25.110000000000177, 20.0, 0.0
1.7900000000000014, 25.105000000000178, 20.0, 0.0
1.8000000000000014, 25.10000000000018, 20.0, 0.0
1.8100000000000014, 25.09500000000018, 20.0, 0.0
1.8200000000000014, 25.09000000000018, 20.0, 0.0
1.8300000000000014, 25.085000000000182, 20.0, 0.0
1.8400000000000014, 25.080000000000183, 20.0, 0.0
1.8500000000000014, 25.100000000000183, 20.0, 0.0
1.8600000000000014, 25.095000000000184, 20.0, 0.0
1.8700000000000014, 25.090000000000185, 20.0, 0.0
1.8800000000000014, 25.085000000000186, 20.0, 0.0
1.8900000000000015, 25.080000000000187, 20.0, 0.0
1.9000000000000015, 25.075000000000188, 20.0, 0.0
1.9100000000000015, 25.07000000000019, 20.0, 0.0
1.9200000000000015, 25.06500000000019, 20.0, 0.0
1.9300000000000015, 25.06000000000019, 20.0, 0.0
1.9400000000000015, 25.08000000000019, 20.0, 0.0
1.9500000000000015, 25.10000000000019, 20.0, 0.0
1.9600000000000015, 25.09500000000019, 20.0, 0.0
1.9700000000000015, 25.09000000000019, 20.0, 0.0
1.9800000000000015, 25.085000000000193, 20.0, 0.0
1.9900000000000015, 25.080000000000194, 20.0, 0.0
2.0000000000000013, 25.075000000000195, 20.0, 0.0
2.010000000000001, 25.070000000000196, 20.0, 0.0
2.020000000000001, 25.065000000000197, 20.0, 0.0
2.0300000000000007, 25.060000000000198, 20.0, 0.0
2.0400000000000005, 25.080000000000197, 20.0, 0.0
2.0500000000000003, 25.0750000000002, 20.0, 0.0
2.06, 25.0700000000002, 20.0, 0.0
2.07, 25.0650000000002, 20.0, 0.0
2.0799999999999996, 25.0850000000002, 20.0, 0.0
2.0899999999999994, 25.1050000000002, 20.0, 0.0
2.099999999999999, 25.1250000000002, 20.0, 0.0
2.109999999999999, 25.1450000000002, 20.0, 0.0
2.1199999999999988, 25.165000000000198, 20.0, 0.0
2.1299999999999986, 25.185000000000198, 20.0, 0.0
2.1399999999999983, 25.205000000000197, 20.0, 0.0
2.149999999999998, 25.225000000000197, 20.0, 0.0
2.159999999999998, 25.245000000000196, 20.0, 0.0
2.1699999999999977, 25.265000000000196, 20.0, 0.0
2.1799999999999975, 25.285000000000196, 20.0, 0.0
2.1899999999999973, 25.305000000000195, 20.0, 0.0
2.199999999999997, 25.325000000000195, 20.0, 0.0
2.209999999999997, 25.345000000000194, 20.0, 0.0
2.2199999999999966, 25.365000000000194, 20.0, 0.0
2.2299999999999964, 25.385000000000193, 20.0, 0.0
2.239999999999996, 25.405000000000193, 20.0, 0.0
2.249999999999996, 25.425000000000193, 20.0, 0.0
2.259999999999996, 25.445000000000192, 20.0, 0.0
2.2699999999999956, 25.46500000000019, 20.0, 0.0
2.2799999999999954, 25.48500000000019, 20.0, 0.0
2.289999999999995, 25.50500000000019, 20.0, 0.0
2.299999999999995, 25.52500000000019, 20.0, 0.0
2.3099999999999947, 25.54500000000019, 20.0, 0.0
2.3199999999999945, 25.56500000000019, 20.0, 0.0
2.3299999999999943, 25.58500000000019, 20.0, 0.0
2.339999999999994, 25.60500000000019, 20.0, 0.0
2.349999999999994, 25.62500000000019, 20.0, 0.0
2.3599999999999937, 25.645000000000188, 20.0, 0.0
2.3699999999999934, 25.665000000000187, 20.0, 0.0
2.3799999999999932, 25.685000000000187, 20.0, 0.0
2.389999999999993, 25.705000000000187, 20.0, 0.0
2.399999999999993, 25.725000000000186, 20.0, 0.0
2.4099999999999926, 25.745000000000186, 20.0, 0.0
2.4199999999999924, 25.765000000000185, 20.0, 0.0
2.429999999999992, 25.785000000000185, 20.0, 0.0
2.439999999999992, 25.805000000000184, 20.0, 0.0
2.4499999999999917, 25.825000000000184, 20.0, 0.0
2.4599999999999915, 25.845000000000184, 20.0, 0.0
2.4699999999999913, 25.865000000000183, 20.0, 0.0
2.479999999999991, 25.885000000000183, 20.0, 0.0
2.489999999999991, 25.905000000000182, 20.0, 0.0
2.4999999999999907, 25.925000000000182, 20.0, 0.0
2.5099999999999905, 25.94500000000018, 20.0, 0.0
2.5199999999999902, 25.96500000000018, 20.0, 0.0
2.52999999999999, 25.98500000000018, 20.0, 0.0
2.53999999999999, 26.00500000000018, 20.0, 0.0
2.5499999999999896, 26.02500000000018, 20.0, 0.0
2.5599999999999894, 26.04500000000018, 20.0, 0.0
2.569999999999989, 26.06500000000018, 20.0, 0.0
2.579999999999989, 26.08500000000018, 20.0, 0.0
2.5899999999999888, 26.105000000000178, 20.0, 0.0
2.5999999999999885, 26.125000000000178, 20.0, 0.0
2.6099999999999883, 26.145000000000177, 20.0, 0.0
2.619999999999988, 26.165000000000177, 20.0, 0.0
2.629999999999988, 26.185000000000176, 20.0, 0.0
2.6399999999999877, 26.205000000000176, 20.0, 0.0
2.6499999999999875, 26.225000000000176, 20.0, 0.0
2.6599999999999873, 26.245000000000175, 20.0, 0.0
2.669999999999987, 26.265000000000175, 20.0, 0.0
2.679999999999987, 26.285000000000174, 20.0, 0.0
2.6899999999999866, 26.305000000000174, 20.0, 0.0
2.6999999999999864, 26.325000000000173, 20.0, 0.0
2.709999999999986, 26.345000000000173, 20.0, 0.0
2.719999999999986, 26.365000000000173, 20.0, 0.0
2.7299999999999858, 26.385000000000172, 20.0, 0.0
2.7399999999999856, 26.40500000000017, 20.0, 0.0
2.7499999999999853, 26.42500000000017, 20.0, 0.0
2.759999999999985, 26.44500000000017, 20.0, 0.0
2.769999999999985, 26.46500000000017, 20.0, 0.0
2.7799999999999847, 26.48500000000017, 20.0, 0.0
2.7899999999999845, 26.50500000000017, 20.0, 0.0
2.7999999999999843, 26.52500000000017, 20.0, 0.0
2.809999999999984, 26.54500000000017, 20.0, 0.0
2.819999999999984, 26.56500000000017, 20.0, 0.0
2.8299999999999836, 26.585000000000168, 20.0, 0.0
2.8399999999999834, 26.605000000000167, 20.0, 0.0
2.849999999999983, 26.625000000000167, 20.0, 0.0
2.859999999999983, 26.645000000000167, 20.0, 0.0
2.869999999999983, 26.665000000000166, 20.0, 0.0
2.8799999999999826, 26.685000000000166, 20.0, 0.0
2.8899999999999824, 26.705000000000165, 20.0, 0.0
2.899999999999982, 26.725000000000165, 20.0, 0.0
2.909999999999982, 26.745000000000164, 20.0, 0.0
2.9199999999999817, 26.765000000000164, 20.0, 0.0
2.9299999999999815, 26.785000000000164, 20.0, 0.0
2.9399999999999813, 26.805000000000163, 20.0, 0.0
2.949999999999981, 26.825000000000163, 20.0, 0.0
2.959999999999981, 26.845000000000162, 20.0, 0.0
2.9699999999999807, 26.865000000000162, 20.0, 0.0
2.9799999999999804, 26.88500000000016, 20.0, 0.0
2.9899999999999802, 26.90500000000016, 20.0, 0.0
2.99999999999998, 26.92500000000016, 20.0, 0.0
3.00999999999998, 26.94500000000016, 20.0, 0.0
3.0199999999999796, 26.96500000000016, 20.0, 0.0
3.0299999999999794, 26.98500000000016, 20.0, 0.0
3.039999999999979, 27.00500000000016, 20.0, 0.0
3.049999999999979, 27.02500000000016, 20.0, 0.0
3.0599999999999787, 27.045000000000158, 20.0, 0.0
3.0699999999999785, 27.065000000000158, 20.0, 0.0
3.0799999999999783, 27.085000000000157, 20.0, 0.0
3.089999999999978, 27.105000000000157, 20.0, 0.0
3.099999999999978, 27.125000000000156, 20.0, 0.0
3.1099999999999777, 27.120000000000157, 20.0, 0.0
3.1199999999999775, 27.11500000000016, 20.0, 0.0
3.1299999999999772, 27.11000000000016, 20.0, 0.0
3.139999999999977, 27.10500000000016, 20.0, 0.0
3.149999999999977, 27.10000000000016, 20.0, 0.0
3.1599999999999766, 27.095000000000162, 20.0, 0.0
3.1699999999999764, 27.090000000000163, 20.0, 0.0
3.179999999999976, 27.085000000000164, 20.0, 0.0
3.189999999999976, 27.080000000000165, 20.0, 0.0
3.1999999999999758, 27.100000000000165, 20.0, 0.0
3.2099999999999755, 27.095000000000166, 20.0, 0.0
3.2199999999999753, 27.115000000000165, 20.0, 0.0
3.229999999999975, 27.110000000000166, 20.0, 0.0
3.239999999999975, 27.105000000000167, 20.0, 0.0
3.2499999999999747, 27.10000000000017, 20.0, 0.0
3.2599999999999745, 27.09500000000017, 20.0, 0.0
3.2699999999999743, 27.09000000000017, 20.0, 0.0
3.279999999999974, 27.08500000000017, 20.0, 0.0
3.289999999999974, 27.10500000000017, 20.0, 0.0
3.2999999999999736, 27.100000000000172, 20.0, 0.0
3.3099999999999734, 27.095000000000173, 20.0, 0.0
3.319999999999973, 27.115000000000173, 20.0, 0.0
3.329999999999973, 27.110000000000174, 20.0, 0.0
3.3399999999999728, 27.105000000000175, 20.0, 0.0
3.3499999999999726, 27.100000000000176, 20.0, 0.0
3.3599999999999723, 27.120000000000175, 20.0, 0.0
3.369999999999972, 27.115000000000176, 20.0, 0.0
3.379999999999972, 27.110000000000177, 20.0, 0.0
3.3899999999999717, 27.105000000000178, 20.0, 0.0
3.3999999999999715, 27.10000000000018, 20.0, 0.0
3.4099999999999713, 27.09500000000018, 20.0, 0.0
3.419999999999971, 27.09000000000018, 20.0, 0.0
3.429999999999971, 27.085000000000182, 20.0, 0.0
3.4399999999999706, 27.10500000000018, 20.0, 0.0
3.4499999999999704, 27.100000000000183, 20.0, 0.0
3.45999999999997, 27.095000000000184, 20.0, 0.0
3.46999999999997, 27.090000000000185, 20.0, 0.0
3.47999999999997, 27.085000000000186, 20.0, 0.0
3.4899999999999696, 27.105000000000185, 20.0, 0.0
3.4999999999999694, 27.125000000000185, 20.0, 0.0
3.509999999999969, 27.120000000000186, 20.0, 0.0
3.519999999999969, 27.115000000000187, 20.0, 0.0
3.5299999999999687, 27.110000000000188, 20.0, 0.0
3.5399999999999685, 27.10500000000019, 20.0, 0.0
3.5499999999999683, 27.12500000000019, 20.0, 0.0
3.559999999999968, 27.12000000000019, 20.0, 0.0
3.569999999999968, 27.11500000000019, 20.0, 0.0
3.5799999999999677, 27.11000000000019, 20.0, 0.0
3.5899999999999674, 27.13000000000019, 20.0, 0.0
3.5999999999999672, 27.125000000000192, 20.0, 0.0
3.609999999999967, 27.120000000000193, 20.0, 0.0
3.619999999999967, 27.115000000000194, 20.0, 0.0
3.6299999999999666, 27.110000000000195, 20.0, 0.0
3.6399999999999664, 27.105000000000196, 20.0, 0.0
3.649999999999966, 27.100000000000197, 20.0, 0.0
3.659999999999966, 27.095000000000198, 20.0, 0.0
3.6699999999999657, 27.0900000000002, 20.0, 0.0
3.6799999999999655, 27.1100000000002, 20.0, 0.0
3.6899999999999653, 27.1050000000002, 20.0, 0.0
3.699999999999965, 27.1000000000002, 20.0, 0.0
3.709999999999965, 27.0950000000002, 20.0, 0.0
3.7199999999999647, 27.090000000000202, 20.0, 0.0
3.7299999999999645, 27.110000000000202, 20.0, 0.0
3.7399999999999642, 27.105000000000203, 20.0, 0.0
3.749999999999964, 27.100000000000204, 20.0, 0.0
3.759999999999964, 27.095000000000205, 20.0, 0.0
3.7699999999999636, 27.090000000000206, 20.0, 0.0
3.7799999999999634, 27.110000000000205, 20.0, 0.0
3.789999999999963, 27.105000000000206, 20.0, 0.0
3.799999999999963, 27.100000000000207, 20.0, 0.0
3.8099999999999627, 27.09500000000021, 20.0, 0.0
3.8199999999999625, 27.09000000000021, 20.0, 0.0
3.8299999999999623, 27.11000000000021, 20.0, 0.0
3.839999999999962, 27.10500000000021, 20.0, 0.0
3.849999999999962, 27.10000000000021, 20.0, 0.0
3.8599999999999617, 27.095000000000212, 20.0, 0.0
3.8699999999999615, 27.090000000000213, 20.0, 0.0
3.8799999999999613, 27.085000000000214, 20.0, 0.0
3.889999999999961, 27.105000000000214, 20.0, 0.0
3.899999999999961, 27.125000000000213, 20.0, 0.0
3.9099999999999606, 27.120000000000214, 20.0, 0.0
3.9199999999999604, 27.115000000000215, 20.0, 0.0
3.92999999999996, 27.110000000000216, 20.0, 0.0
3.93999999999996, 27.130000000000216, 20.0, 0.0
3.9499999999999598, 27.125000000000217, 20.0, 0.0
3.9599999999999596, 27.120000000000218, 20.0, 0.0
3.9699999999999593, 27.11500000000022, 20.0, 0.0
3.979999999999959, 27.11000000000022, 20.0, 0.0
3.989999999999959, 27.13000000000022, 20.0, 0.0
3.9999999999999587, 27.12500000000022, 20.0, 0.0
4.009999999999959, 27.12000000000022, 20.0, 0.0
4.019999999999959, 27.115000000000222, 20.0, 0.0
4.0299999999999585, 27.110000000000223, 20.0, 0.0
4.039999999999958, 27.130000000000223, 20.0, 0.0
4.049999999999958, 27.125000000000224, 20.0, 0.0
4.059999999999958, 27.120000000000225, 20.0, 0.0
4.069999999999958, 27.115000000000226, 20.0, 0.0
4.079999999999957, 27.135000000000225, 20.0, 0.0
4.089999999999957, 27.130000000000226, 20.0, 0.0
4.099999999999957, 27.125000000000227, 20.0, 0.0
4.109999999999957, 27.12000000000023, 20.0, 0.0
4.119999999999957, 27.140000000000228, 20.0, 0.0
4.129999999999956, 27.160000000000228, 20.0, 0.0
4.139999999999956, 27.180000000000227, 20.0, 0.0
4.149999999999956, 27.200000000000227, 20.0, 0.0
4.159999999999956, 27.220000000000226, 20.0, 0.0
4.1699999999999555, 27.240000000000226, 20.0, 0.0
4.179999999999955, 27.260000000000225, 20.0, 0.0
4.189999999999955, 27.280000000000225, 20.0, 0.0
4.199999999999955, 27.300000000000225, 20.0, 0.0
4.209999999999955, 27.320000000000224, 20.0, 0.0
4.2199999999999545, 27.340000000000224, 20.0, 0.0
4.229999999999954, 27.360000000000223, 20.0, 0.0
4.239999999999954, 27.380000000000223, 20.0, 0.0
4.249999999999954, 27.400000000000222, 20.0, 0.0
4.259999999999954, 27.420000000000222, 20.0, 0.0
4.269999999999953, 27.44000000000022, 20.0, 0.0
4.279999999999953, 27.46000000000022, 20.0, 0.0
4.289999999999953, 27.48000000000022, 20.0, 0.0
4.299999999999953, 27.50000000000022, 20.0, 0.0
4.3099999999999525, 27.52000000000022, 20.0, 0.0
4.319999999999952, 27.54000000000022, 20.0, 0.0
4.329999999999952, 27.56000000000022, 20.0, 0.0
4.339999999999952, 27.58000000000022, 20.0, 0.0
4.349999999999952, 27.600000000000218, 20.0, 0.0
4.3599999999999515, 27.620000000000218, 20.0, 0.0
4.369999999999951, 27.640000000000217, 20.0, 0.0
4.379999999999951, 27.660000000000217, 20.0, 0.0
4.389999999999951, 27.680000000000216, 20.0, 0.0
4.399999999999951, 27.700000000000216, 20.0, 0.0
4.40999999999995, 27.695000000000217, 20.0, 0.0
4.41999999999995, 27.715000000000217, 20.0, 0.0
4.42999999999995, 27.735000000000216, 20.0, 0.0
4.43999999999995, 27.755000000000216, 20.0, 0.0
4.4499999999999496, 27.775000000000215, 20.0, 0.0
4.459999999999949, 27.795000000000215, 20.0, 0.0
4.469999999999949, 27.815000000000214, 20.0, 0.0
4.479999999999949, 27.835000000000214, 20.0, 0.0
4.489999999999949, 27.855000000000214, 20.0, 0.0
4.4999999999999485, 27.875000000000213, 20.0, 0.0
4.509999999999948, 27.895000000000213, 20.0, 0.0
4.519999999999948, 27.915000000000212, 20.0, 0.0
4.529999999999948, 27.935000000000212, 20.0, 0.0
4.539999999999948, 27.95500000000021, 20.0, 0.0
4.549999999999947, 27.97500000000021, 20.0, 0.0
4.559999999999947, 27.99500000000021, 20.0, 0.0
4.569999999999947, 28.01500000000021, 20.0, 0.0
4.579999999999947, 28.03500000000021, 20.0, 0.0
4.589999999999947, 28.05500000000021, 20.0, 0.0
4.599999999999946, 28.07500000000021, 20.0, 0.0
4.609999999999946, 28.09500000000021, 20.0, 0.0
4.619999999999946, 28.115000000000208, 20.0, 0.0
4.629999999999946, 28.135000000000208, 20.0, 0.0
4.6399999999999455, 28.155000000000207, 20.0, 0.0
4.649999999999945, 28.175000000000207, 20.0, 0.0
4.659999999999945, 28.195000000000206, 20.0, 0.0
4.669999999999945, 28.215000000000206, 20.0, 0.0
4.679999999999945, 28.235000000000205, 20.0, 0.0
4.689999999999944, 28.255000000000205, 20.0, 0.0
4.699999999999944, 28.275000000000205, 20.0, 0.0
4.709999999999944, 28.295000000000204, 20.0, 0.0
4.719999999999944, 28.315000000000204, 20.0, 0.0
4.729999999999944, 28.335000000000203, 20.0, 0.0
4.739999999999943, 28.355000000000203, 20.0, 0.0
4.749999999999943, 28.375000000000203, 20.0, 0.0
4.759999999999943, 28.395000000000202, 20.0, 0.0
4.769999999999943, 28.4150000000002, 20.0, 0.0
4.7799999999999425, 28.4350000000002, 20.0, 0.0
4.789999999999942, 28.4550000000002, 20.0, 0.0
4.799999999999942, 28.4750000000002, 20.0, 0.0
4.809999999999942, 28.4950000000002, 20.0, 0.0
4.819999999999942, 28.5150000000002, 20.0, 0.0
4.8299999999999415, 28.5350000000002, 20.0, 0.0
4.839999999999941, 28.5550000000002, 20.0, 0.0
4.849999999999941, 28.5750000000002, 20.0, 0.0
4.859999999999941, 28.595000000000198, 20.0, 0.0
4.869999999999941, 28.615000000000197, 20.0, 0.0
4.87999999999994, 28.635000000000197, 20.0, 0.0
4.88999999999994, 28.655000000000197, 20.0, 0.0
4.89999999999994, 28.675000000000196, 20.0, 0.0
4.90999999999994, 28.695000000000196, 20.0, 0.0
4.9199999999999395, 28.715000000000195, 20.0, 0.0
4.929999999999939, 28.735000000000195, 20.0, 0.0
4.939999999999939, 28.755000000000194, 20.0, 0.0
4.949999999999939, 28.775000000000194, 20.0, 0.0
4.959999999999939, 28.795000000000194, 20.0, 0.0
4.9699999999999385, 28.815000000000193, 20.0, 0.0
4.979999999999938, 28.835000000000193, 20.0, 0.0
4.989999999999938, 28.855000000000192, 20.0, 0.0
4.999999999999938, 28.875000000000192, 20.0, 0.0
5.009999999999938, 28.89500000000019, 20.0, 0.0
5.019999999999937, 28.91500000000019, 20.0, 0.0
5.029999999999937, 28.93500000000019, 20.0, 0.0
5.039999999999937, 28.95500000000019, 20.0, 0.0
5.049999999999937, 28.97500000000019, 20.0, 0.0
5.0599999999999365, 28.99500000000019, 20.0, 0.0
5.069999999999936, 29.01500000000019, 20.0, 0.0
5.079999999999936, 29.03500000000019, 20.0, 0.0
5.089999999999936, 29.055000000000188, 20.0, 0.0
5.099999999999936, 29.075000000000188, 20.0, 0.0
5.1099999999999355, 29.095000000000187, 20.0, 0.0
5.119999999999935, 29.115000000000187, 20.0, 0.0
5.129999999999935, 29.135000000000186, 20.0, 0.0
5.139999999999935, 29.155000000000186, 20.0, 0.0
5.149999999999935, 29.150000000000187, 20.0, 0.0
5.159999999999934, 29.145000000000188, 20.0, 0.0
5.169999999999934, 29.14000000000019, 20.0, 0.0
5.179999999999934, 29.13500000000019, 20.0, 0.0
5.189999999999934, 29.15500000000019, 20.0, 0.0
5.199999999999934, 29.15000000000019, 20.0, 0.0
5.209999999999933, 29.14500000000019, 20.0, 0.0
5.219999999999933, 29.140000000000192, 20.0, 0.0
5.229999999999933, 29.135000000000193, 20.0, 0.0
5.239999999999933, 29.155000000000193, 20.0, 0.0
5.2499999999999325, 29.150000000000194, 20.0, 0.0
5.259999999999932, 29.145000000000195, 20.0, 0.0
5.269999999999932, 29.140000000000196, 20.0, 0.0
5.279999999999932, 29.135000000000197, 20.0, 0.0
5.289999999999932, 29.155000000000197, 20.0, 0.0
5.299999999999931, 29.150000000000198, 20.0, 0.0
5.309999999999931, 29.1450000000002, 20.0, 0.0
5.319999999999931, 29.1400000000002, 20.0, 0.0
5.329999999999931, 29.1350000000002, 20.0, 0.0
5.339999999999931, 29.1550000000002, 20.0, 0.0
5.34999999999993, 29.1500000000002, 20.0, 0.0
5.35999999999993, 29.145000000000202, 20.0, 0.0
5.36999999999993, 29.140000000000203, 20.0, 0.0
5.37999999999993, 29.160000000000203, 20.0, 0.0
5.3899999999999295, 29.155000000000204, 20.0, 0.0
5.399999999999929, 29.150000000000205, 20.0, 0.0
5.409999999999929, 29.145000000000206, 20.0, 0.0
5.419999999999929, 29.140000000000207, 20.0, 0.0
5.429999999999929, 29.160000000000206, 20.0, 0.0
5.4399999999999284, 29.155000000000207, 20.0, 0.0
5.449999999999928, 29.150000000000208, 20.0, 0.0
5.459999999999928, 29.14500000000021, 20.0, 0.0
5.469999999999928, 29.14000000000021, 20.0, 0.0
5.479999999999928, 29.16000000000021, 20.0, 0.0
5.489999999999927, 29.15500000000021, 20.0, 0.0
5.499999999999927, 29.15000000000021, 20.0, 0.0
5.509999999999927, 29.145000000000213, 20.0, 0.0
5.519999999999927, 29.140000000000214, 20.0, 0.0
5.5299999999999265, 29.160000000000213, 20.0, 0.0
5.539999999999926, 29.155000000000214, 20.0, 0.0
5.549999999999926, 29.150000000000215, 20.0, 0.0
5.559999999999926, 29.145000000000216, 20.0, 0.0
5.569999999999926, 29.165000000000216, 20.0, 0.0
5.5799999999999255, 29.160000000000217, 20.0, 0.0
5.589999999999925, 29.155000000000218, 20.0, 0.0
5.599999999999925, 29.15000000000022, 20.0, 0.0
5.609999999999925, 29.14500000000022, 20.0, 0.0
5.619999999999925, 29.16500000000022, 20.0, 0.0
5.629999999999924, 29.16000000000022, 20.0, 0.0
5.639999999999924, 29.15500000000022, 20.0, 0.0
5.649999999999924, 29.150000000000222, 20.0, 0.0
5.659999999999924, 29.145000000000223, 20.0, 0.0
5.6699999999999235, 29.140000000000224, 20.0, 0.0
5.679999999999923, 29.135000000000225, 20.0, 0.0
5.689999999999923, 29.130000000000226, 20.0, 0.0
5.699999999999923, 29.125000000000227, 20.0, 0.0
5.709999999999923, 29.145000000000227, 20.0, 0.0
5.7199999999999225, 29.140000000000228, 20.0, 0.0
5.729999999999922, 29.13500000000023, 20.0, 0.0
5.739999999999922, 29.13000000000023, 20.0, 0.0
5.749999999999922, 29.12500000000023, 20.0, 0.0
5.759999999999922, 29.120000000000232, 20.0, 0.0
5.769999999999921, 29.14000000000023, 20.0, 0.0
5.779999999999921, 29.16000000000023, 20.0, 0.0
5.789999999999921, 29.155000000000232, 20.0, 0.0
5.799999999999921, 29.150000000000233, 20.0, 0.0
5.809999999999921, 29.145000000000234, 20.0, 0.0
5.81999999999992, 29.140000000000235, 20.0, 0.0
5.82999999999992, 29.160000000000235, 20.0, 0.0
5.83999999999992, 29.155000000000236, 20.0, 0.0
5.84999999999992, 29.150000000000237, 20.0, 0.0
5.8599999999999195, 29.145000000000238, 20.0, 0.0
5.869999999999919, 29.14000000000024, 20.0, 0.0
5.879999999999919, 29.160000000000238, 20.0, 0.0
5.889999999999919, 29.15500000000024, 20.0, 0.0
5.899999999999919, 29.15000000000024, 20.0, 0.0
5.909999999999918, 29.14500000000024, 20.0, 0.0
5.919999999999918, 29.140000000000242, 20.0, 0.0
5.929999999999918, 29.16000000000024, 20.0, 0.0
5.939999999999918, 29.155000000000243, 20.0, 0.0
5.949999999999918, 29.150000000000244, 20.0, 0.0
5.959999999999917, 29.145000000000245, 20.0, 0.0
5.969999999999917, 29.140000000000246, 20.0, 0.0
5.979999999999917, 29.160000000000245, 20.0, 0.0
5.989999999999917, 29.155000000000246, 20.0, 0.0
5.9999999999999165, 29.150000000000247, 20.0, 0.0
6.009999999999916, 29.14500000000025, 20.0, 0.0
6.019999999999916, 29.14000000000025, 20.0, 0.0
6.029999999999916, 29.16000000000025, 20.0, 0.0
6.039999999999916, 29.15500000000025, 20.0, 0.0
6.0499999999999154, 29.15000000000025, 20.0, 0.0
6.059999999999915, 29.145000000000252, 20.0, 0.0
6.069999999999915, 29.140000000000253, 20.0, 0.0
6.079999999999915, 29.160000000000252, 20.0, 0.0
6.089999999999915, 29.155000000000253, 20.0, 0.0
6.099999999999914, 29.150000000000254, 20.0, 0.0
6.109999999999914, 29.145000000000255, 20.0, 0.0
6.119999999999914, 29.165000000000255, 20.0, 0.0
6.129999999999914, 29.160000000000256, 20.0, 0.0
6.1399999999999135, 29.155000000000257, 20.0, 0.0
6.149999999999913, 29.175000000000257, 20.0, 0.0
6.159999999999913, 29.195000000000256, 20.0, 0.0
6.169999999999913, 29.215000000000256, 20.0, 0.0
6.179999999999913, 29.235000000000255, 20.0, 0.0
6.1899999999999125, 29.255000000000255, 20.0, 0.0
6.199999999999912, 29.275000000000254, 20.0, 0.0
6.209999999999912, 29.295000000000254, 20.0, 0.0
6.219999999999912, 29.290000000000255, 20.0, 0.0
6.229999999999912, 29.310000000000255, 20.0, 0.0
6.239999999999911, 29.330000000000254, 20.0, 0.0
6.249999999999911, 29.350000000000254, 20.0, 0.0
6.259999999999911, 29.370000000000253, 20.0, 0.0
6.269999999999911, 29.390000000000253, 20.0, 0.0
6.2799999999999105, 29.410000000000252, 20.0, 0.0
6.28999999999991, 29.430000000000252, 20.0, 0.0
6.29999999999991, 29.45000000000025, 20.0, 0.0
6.30999999999991, 29.47000000000025, 20.0, 0.0
6.31999999999991, 29.49000000000025, 20.0, 0.0
6.3299999999999095, 29.51000000000025, 20.0, 0.0
6.339999999999909, 29.53000000000025, 20.0, 0.0
6.349999999999909, 29.55000000000025, 20.0, 0.0
6.359999999999909, 29.57000000000025, 20.0, 0.0
6.369999999999909, 29.59000000000025, 20.0, 0.0
6.379999999999908, 29.610000000000248, 20.0, 0.0
6.389999999999908, 29.630000000000248, 20.0, 0.0
6.399999999999908, 29.650000000000247, 20.0, 0.0
6.409999999999908, 29.670000000000247, 20.0, 0.0
6.419999999999908, 29.690000000000246, 20.0, 0.0
6.429999999999907, 29.710000000000246, 20.0, 0.0
6.439999999999907, 29.730000000000246, 20.0, 0.0
6.449999999999907, 29.750000000000245, 20.0, 0.0
6.459999999999907, 29.770000000000245, 20.0, 0.0
6.4699999999999065, 29.790000000000244, 20.0, 0.0
6.479999999999906, 29.810000000000244, 20.0, 0.0
6.489999999999906, 29.830000000000243, 20.0, 0.0
6.499999999999906, 29.850000000000243, 20.0, 0.0
6.509999999999906, 29.870000000000243, 20.0, 0.0
6.519999999999905, 29.890000000000242, 20.0, 0.0
6.529999999999905, 29.91000000000024, 20.0, 0.0
6.539999999999905, 29.93000000000024, 20.0, 0.0
6.549999999999905, 29.95000000000024, 20.0, 0.0
6.559999999999905, 29.97000000000024, 20.0, 0.0
6.569999999999904, 29.99000000000024, 20.0, 0.0
6.579999999999904, 30.01000000000024, 20.0, 0.0
6.589999999999904, 30.03000000000024, 20.0, 0.0
6.599999999999904, 30.05000000000024, 20.0, 0.0
6.6099999999999035, 30.07000000000024, 20.0, 0.0
6.619999999999903, 30.090000000000238, 20.0, 0.0
6.629999999999903, 30.110000000000237, 20.0, 0.0
6.639999999999903, 30.130000000000237, 20.0, 0.0
6.649999999999903, 30.150000000000237, 20.0, 0.0
6.659999999999902, 30.170000000000236, 20.0, 0.0
6.669999999999902, 30.190000000000236, 20.0, 0.0
6.679999999999902, 30.210000000000235, 20.0, 0.0
6.689999999999902, 30.230000000000235, 20.0, 0.0
6.699999999999902, 30.250000000000234, 20.0, 0.0
6.709999999999901, 30.270000000000234, 20.0, 0.0
6.719999999999901, 30.290000000000234, 20.0, 0.0
6.729999999999901, 30.310000000000233, 20.0, 0.0
6.739999999999901, 30.330000000000233, 20.0, 0.0
6.7499999999999005, 30.350000000000232, 20.0, 0.0
6.7599999999999, 30.370000000000232, 20.0, 0.0
6.7699999999999, 30.39000000000023, 20.0, 0.0
6.7799999999999, 30.41000000000023, 20.0, 0.0
6.7899999999999, 30.43000000000023, 20.0, 0.0
6.7999999999998995, 30.45000000000023, 20.0, 0.0
6.809999999999899, 30.47000000000023, 20.0, 0.0
6.819999999999899, 30.49000000000023, 20.0, 0.0
6.829999999999899, 30.48500000000023, 20.0, 0.0
6.839999999999899, 30.50500000000023, 20.0, 0.0
6.849999999999898, 30.52500000000023, 20.0, 0.0
6.859999999999898, 30.54500000000023, 20.0, 0.0
6.869999999999898, 30.56500000000023, 20.0, 0.0
6.879999999999898, 30.58500000000023, 20.0, 0.0
6.8899999999998975, 30.605000000000228, 20.0, 0.0
6.899999999999897, 30.625000000000227, 20.0, 0.0
6.909999999999897, 30.645000000000227, 20.0, 0.0
6.919999999999897, 30.665000000000227, 20.0, 0.0
6.929999999999897, 30.685000000000226, 20.0, 0.0
6.9399999999998965, 30.705000000000226, 20.0, 0.0
6.949999999999896, 30.725000000000225, 20.0, 0.0
6.959999999999896, 30.745000000000225, 20.0, 0.0
6.969999999999896, 30.765000000000224, 20.0, 0.0
6.979999999999896, 30.785000000000224, 20.0, 0.0
6.989999999999895, 30.805000000000224, 20.0, 0.0
6.999999999999895, 30.825000000000223, 20.0, 0.0
7.009999999999895, 30.845000000000223, 20.0, 0.0
7.019999999999895, 30.865000000000222, 20.0, 0.0
7.0299999999998946, 30.885000000000222, 20.0, 0.0
7.039999999999894, 30.90500000000022, 20.0, 0.0
7.049999999999894, 30.92500000000022, 20.0, 0.0
7.059999999999894, 30.94500000000022, 20.0, 0.0
7.069999999999894, 30.96500000000022, 20.0, 0.0
7.0799999999998935, 30.98500000000022, 20.0, 0.0
7.089999999999893, 31.00500000000022, 20.0, 0.0
7.099999999999893, 31.02500000000022, 20.0, 0.0
7.109999999999893, 31.04500000000022, 20.0, 0.0
7.119999999999893, 31.065000000000218, 20.0, 0.0
7.129999999999892, 31.085000000000218, 20.0, 0.0
7.139999999999892, 31.105000000000217, 20.0, 0.0
7.149999999999892, 31.125000000000217, 20.0, 0.0
7.159999999999892, 31.145000000000216, 20.0, 0.0
7.169999999999892, 31.165000000000216, 20.0, 0.0
7.179999999999891, 31.185000000000215, 20.0, 0.0
7.189999999999891, 31.180000000000216, 20.0, 0.0
7.199999999999891, 31.175000000000217, 20.0, 0.0
7.209999999999891, 31.17000000000022, 20.0, 0.0
7.2199999999998905, 31.16500000000022, 20.0, 0.0
7.22999999999989, 31.18500000000022, 20.0, 0.0
7.23999999999989, 31.18000000000022, 20.0, 0.0
7.24999999999989, 31.17500000000022, 20.0, 0.0
7.25999999999989, 31.170000000000222, 20.0, 0.0
7.269999999999889, 31.165000000000223, 20.0, 0.0
7.279999999999889, 31.185000000000223, 20.0, 0.0
7.289999999999889, 31.205000000000222, 20.0, 0.0
7.299999999999889, 31.200000000000223, 20.0, 0.0
7.309999999999889, 31.195000000000224, 20.0, 0.0
7.319999999999888, 31.190000000000225, 20.0, 0.0
7.329999999999888, 31.185000000000226, 20.0, 0.0
7.339999999999888, 31.180000000000227, 20.0, 0.0
7.349999999999888, 31.175000000000228, 20.0, 0.0
7.3599999999998875, 31.17000000000023, 20.0, 0.0
7.369999999999887, 31.16500000000023, 20.0, 0.0
7.379999999999887, 31.18500000000023, 20.0, 0.0
7.389999999999887, 31.18000000000023, 20.0, 0.0
7.399999999999887, 31.17500000000023, 20.0, 0.0
7.4099999999998865, 31.170000000000233, 20.0, 0.0
7.419999999999886, 31.165000000000234, 20.0, 0.0
7.429999999999886, 31.185000000000233, 20.0, 0.0
7.439999999999886, 31.180000000000234, 20.0, 0.0
7.449999999999886, 31.175000000000235, 20.0, 0.0
7.459999999999885, 31.170000000000236, 20.0, 0.0
7.469999999999885, 31.165000000000237, 20.0, 0.0
7.479999999999885, 31.160000000000238, 20.0, 0.0
7.489999999999885, 31.180000000000238, 20.0, 0.0
7.4999999999998845, 31.17500000000024, 20.0, 0.0
7.509999999999884, 31.17000000000024, 20.0, 0.0
7.519999999999884, 31.16500000000024, 20.0, 0.0
7.529999999999884, 31.16000000000024, 20.0, 0.0
7.539999999999884, 31.18000000000024, 20.0, 0.0
7.5499999999998835, 31.20000000000024, 20.0, 0.0
7.559999999999883, 31.195000000000242, 20.0, 0.0
7.569999999999883, 31.190000000000243, 20.0, 0.0
7.579999999999883, 31.185000000000244, 20.0, 0.0
7.589999999999883, 31.180000000000245, 20.0, 0.0
7.599999999999882, 31.175000000000246, 20.0, 0.0
7.609999999999882, 31.170000000000247, 20.0, 0.0
7.619999999999882, 31.190000000000246, 20.0, 0.0
7.629999999999882, 31.185000000000247, 20.0, 0.0
7.6399999999998816, 31.18000000000025, 20.0, 0.0
7.649999999999881, 31.17500000000025, 20.0, 0.0
7.659999999999881, 31.17000000000025, 20.0, 0.0
7.669999999999881, 31.16500000000025, 20.0, 0.0
7.679999999999881, 31.18500000000025, 20.0, 0.0
7.6899999999998805, 31.180000000000252, 20.0, 0.0
7.69999999999988, 31.175000000000253, 20.0, 0.0
7.70999999999988, 31.170000000000254, 20.0, 0.0
7.71999999999988, 31.165000000000255, 20.0, 0.0
7.72999999999988, 31.160000000000256, 20.0, 0.0
7.739999999999879, 31.180000000000256, 20.0, 0.0
7.749999999999879, 31.175000000000257, 20.0, 0.0
7.759999999999879, 31.170000000000258, 20.0, 0.0
7.769999999999879, 31.190000000000257, 20.0, 0.0
7.779999999999879, 31.210000000000257, 20.0, 0.0
7.789999999999878, 31.205000000000258, 20.0, 0.0
7.799999999999878, 31.20000000000026, 20.0, 0.0
7.809999999999878, 31.19500000000026, 20.0, 0.0
7.819999999999878, 31.19000000000026, 20.0, 0.0
7.8299999999998775, 31.18500000000026, 20.0, 0.0
7.839999999999877, 31.180000000000263, 20.0, 0.0
7.849999999999877, 31.175000000000264, 20.0, 0.0
7.859999999999877, 31.170000000000265, 20.0, 0.0
7.869999999999877, 31.190000000000264, 20.0, 0.0
7.879999999999876, 31.185000000000265, 20.0, 0.0
7.889999999999876, 31.180000000000266, 20.0, 0.0
7.899999999999876, 31.175000000000267, 20.0, 0.0
7.909999999999876, 31.170000000000268, 20.0, 0.0
7.919999999999876, 31.190000000000268, 20.0, 0.0
7.929999999999875, 31.18500000000027, 20.0, 0.0
7.939999999999875, 31.18000000000027, 20.0, 0.0
7.949999999999875, 31.17500000000027, 20.0, 0.0
7.959999999999875, 31.17000000000027, 20.0, 0.0
7.9699999999998745, 31.19000000000027, 20.0, 0.0
7.979999999999874, 31.185000000000272, 20.0, 0.0
7.989999999999874, 31.180000000000273, 20.0, 0.0
7.999999999999874, 31.175000000000274, 20.0, 0.0
8.009999999999874, 31.170000000000275, 20.0, 0.0
8.019999999999873, 31.190000000000275, 20.0, 0.0
8.029999999999873, 31.185000000000276, 20.0, 0.0
8.039999999999873, 31.180000000000277, 20.0, 0.0
8.049999999999873, 31.175000000000278, 20.0, 0.0
8.059999999999873, 31.17000000000028, 20.0, 0.0
8.069999999999872, 31.19000000000028, 20.0, 0.0
8.079999999999872, 31.18500000000028, 20.0, 0.0
8.089999999999872, 31.18000000000028, 20.0, 0.0
8.099999999999872, 31.17500000000028, 20.0, 0.0
8.109999999999872, 31.19500000000028, 20.0, 0.0
8.119999999999871, 31.21500000000028, 20.0, 0.0
8.129999999999871, 31.21000000000028, 20.0, 0.0
8.139999999999871, 31.205000000000283, 20.0, 0.0
8.14999999999987, 31.200000000000284, 20.0, 0.0
8.15999999999987, 31.195000000000285, 20.0, 0.0
8.16999999999987, 31.190000000000285, 20.0, 0.0
8.17999999999987, 31.210000000000285, 20.0, 0.0
8.18999999999987, 31.230000000000285, 20.0, 0.0
8.19999999999987, 31.250000000000284, 20.0, 0.0
8.20999999999987, 31.270000000000284, 20.0, 0.0
8.21999999999987, 31.290000000000283, 20.0, 0.0
8.229999999999869, 31.310000000000283, 20.0, 0.0
8.239999999999869, 31.330000000000283, 20.0, 0.0
8.249999999999869, 31.350000000000282, 20.0, 0.0
8.259999999999868, 31.37000000000028, 20.0, 0.0
8.269999999999868, 31.39000000000028, 20.0, 0.0
8.279999999999868, 31.41000000000028, 20.0, 0.0
8.289999999999868, 31.43000000000028, 20.0, 0.0
8.299999999999867, 31.45000000000028, 20.0, 0.0
8.309999999999867, 31.47000000000028, 20.0, 0.0
8.319999999999867, 31.49000000000028, 20.0, 0.0
8.329999999999867, 31.51000000000028, 20.0, 0.0
8.339999999999867, 31.53000000000028, 20.0, 0.0
8.349999999999866, 31.550000000000278, 20.0, 0.0
8.359999999999866, 31.570000000000277, 20.0, 0.0
8.369999999999866, 31.590000000000277, 20.0, 0.0
8.379999999999866, 31.610000000000277, 20.0, 0.0
8.389999999999866, 31.630000000000276, 20.0, 0.0
8.399999999999865, 31.650000000000276, 20.0, 0.0
8.409999999999865, 31.670000000000275, 20.0, 0.0
8.419999999999865, 31.690000000000275, 20.0, 0.0
8.429999999999865, 31.710000000000274, 20.0, 0.0
8.439999999999864, 31.730000000000274, 20.0, 0.0
8.449999999999864, 31.750000000000274, 20.0, 0.0
8.459999999999864, 31.770000000000273, 20.0, 0.0
8.469999999999864, 31.790000000000273, 20.0, 0.0
8.479999999999864, 31.810000000000272, 20.0, 0.0
8.489999999999863, 31.830000000000272, 20.0, 0.0
8.499999999999863, 31.85000000000027, 20.0, 0.0
8.509999999999863, 31.87000000000027, 20.0, 0.0
8.519999999999863, 31.89000000000027, 20.0, 0.0
8.529999999999863, 31.91000000000027, 20.0, 0.0
8.539999999999862, 31.93000000000027, 20.0, 0.0
8.549999999999862, 31.95000000000027, 20.0, 0.0
8.559999999999862, 31.97000000000027, 20.0, 0.0
8.569999999999862, 31.99000000000027, 20.0, 0.0
8.579999999999862, 32.01000000000027, 20.0, 0.0
8.589999999999861, 32.03000000000027, 20.0, 0.0
8.599999999999861, 32.050000000000274, 20.0, 0.0
8.60999999999986, 32.07000000000028, 20.0, 0.0
8.61999999999986, 32.09000000000028, 20.0, 0.0
8.62999999999986, 32.110000000000284, 20.0, 0.0
8.63999999999986, 32.13000000000029, 20.0, 0.0
8.64999999999986, 32.15000000000029, 20.0, 0.0
8.65999999999986, 32.17000000000029, 20.0, 0.0
8.66999999999986, 32.190000000000296, 20.0, 0.0
8.67999999999986, 32.2100000000003, 20.0, 0.0
8.68999999999986, 32.2300000000003, 20.0, 0.0
8.699999999999859, 32.250000000000306, 20.0, 0.0
8.709999999999859, 32.27000000000031, 20.0, 0.0
8.719999999999859, 32.29000000000031, 20.0, 0.0
8.729999999999858, 32.310000000000315, 20.0, 0.0
8.739999999999858, 32.33000000000032, 20.0, 0.0
8.749999999999858, 32.35000000000032, 20.0, 0.0
8.759999999999858, 32.370000000000324, 20.0, 0.0
8.769999999999857, 32.39000000000033, 20.0, 0.0
8.779999999999857, 32.41000000000033, 20.0, 0.0
8.789999999999857, 32.430000000000334, 20.0, 0.0
8.799999999999857, 32.45000000000034, 20.0, 0.0
8.809999999999857, 32.47000000000034, 20.0, 0.0
8.819999999999856, 32.49000000000034, 20.0, 0.0
8.829999999999856, 32.510000000000346, 20.0, 0.0
8.839999999999856, 32.53000000000035, 20.0, 0.0
8.849999999999856, 32.55000000000035, 20.0, 0.0
8.859999999999856, 32.570000000000356, 20.0, 0.0
8.869999999999855, 32.59000000000036, 20.0, 0.0
8.879999999999855, 32.61000000000036, 20.0, 0.0
8.889999999999855, 32.630000000000365, 20.0, 0.0
8.899999999999855, 32.65000000000037, 20.0, 0.0
8.909999999999854, 32.67000000000037, 20.0, 0.0
8.919999999999854, 32.690000000000374, 20.0, 0.0
8.929999999999854, 32.71000000000038, 20.0, 0.0
8.939999999999854, 32.73000000000038, 20.0, 0.0
8.949999999999854, 32.750000000000384, 20.0, 0.0
8.959999999999853, 32.77000000000039, 20.0, 0.0
8.969999999999853, 32.79000000000039, 20.0, 0.0
8.979999999999853, 32.81000000000039, 20.0, 0.0
8.989999999999853, 32.830000000000396, 20.0, 0.0
8.999999999999853, 32.8500000000004, 20.0, 0.0
9.009999999999852, 32.8700000000004, 20.0, 0.0
9.019999999999852, 32.890000000000406, 20.0, 0.0
9.029999999999852, 32.91000000000041, 20.0, 0.0
9.039999999999852, 32.93000000000041, 20.0, 0.0
9.049999999999851, 32.950000000000415, 20.0, 0.0
9.059999999999851, 32.97000000000042, 20.0, 0.0
9.069999999999851, 32.99000000000042, 20.0, 0.0
9.07999999999985, 33.010000000000424, 20.0, 0.0
9.08999999999985, 33.03000000000043, 20.0, 0.0
9.09999999999985, 33.05000000000043, 20.0, 0.0
9.10999999999985, 33.070000000000434, 20.0, 0.0
9.11999999999985, 33.09000000000044, 20.0, 0.0
9.12999999999985, 33.11000000000044, 20.0, 0.0
9.13999999999985, 33.13000000000044, 20.0, 0.0
9.14999999999985, 33.150000000000446, 20.0, 0.0
9.15999999999985, 33.17000000000045, 20.0, 0.0
9.169999999999849, 33.19000000000045, 20.0, 0.0
9.179999999999849, 33.210000000000456, 20.0, 0.0
9.189999999999849, 33.20500000000045, 20.0, 0.0
9.199999999999848, 33.20000000000045, 20.0, 0.0
9.209999999999848, 33.19500000000045, 20.0, 0.0
9.219999999999848, 33.21500000000045, 20.0, 0.0
9.229999999999848, 33.21000000000045, 20.0, 0.0
9.239999999999847, 33.205000000000446, 20.0, 0.0
9.249999999999847, 33.20000000000044, 20.0, 0.0
9.259999999999847, 33.19500000000044, 20.0, 0.0
9.269999999999847, 33.215000000000444, 20.0, 0.0
9.279999999999847, 33.21000000000044, 20.0, 0.0
9.289999999999846, 33.20500000000044, 20.0, 0.0
9.299999999999846, 33.200000000000436, 20.0, 0.0
9.309999999999846, 33.195000000000434, 20.0, 0.0
9.319999999999846, 33.21500000000044, 20.0, 0.0
9.329999999999846, 33.210000000000434, 20.0, 0.0
9.339999999999845, 33.20500000000043, 20.0, 0.0
9.349999999999845, 33.20000000000043, 20.0, 0.0
9.359999999999845, 33.19500000000043, 20.0, 0.0
9.369999999999845, 33.21500000000043, 20.0, 0.0
9.379999999999844, 33.21000000000043, 20.0, 0.0
9.389999999999844, 33.205000000000425, 20.0, 0.0
9.399999999999844, 33.20000000000042, 20.0, 0.0
9.409999999999844, 33.19500000000042, 20.0, 0.0
9.419999999999844, 33.21500000000042, 20.0, 0.0
9.429999999999843, 33.21000000000042, 20.0, 0.0
9.439999999999843, 33.20500000000042, 20.0, 0.0
9.449999999999843, 33.200000000000415, 20.0, 0.0
9.459999999999843, 33.19500000000041, 20.0, 0.0
9.469999999999843, 33.215000000000416, 20.0, 0.0
9.479999999999842, 33.21000000000041, 20.0, 0.0
9.489999999999842, 33.20500000000041, 20.0, 0.0
9.499999999999842, 33.20000000000041, 20.0, 0.0
9.509999999999842, 33.195000000000405, 20.0, 0.0
9.519999999999841, 33.21500000000041, 20.0, 0.0
9.529999999999841, 33.210000000000406, 20.0, 0.0
9.539999999999841, 33.2050000000004, 20.0, 0.0
9.54999999999984, 33.2000000000004, 20.0, 0.0
9.55999999999984, 33.1950000000004, 20.0, 0.0
9.56999999999984, 33.2150000000004, 20.0, 0.0
9.57999999999984, 33.2100000000004, 20.0, 0.0
9.58999999999984, 33.205000000000396, 20.0, 0.0
9.59999999999984, 33.200000000000394, 20.0, 0.0
9.60999999999984, 33.2200000000004, 20.0, 0.0
9.61999999999984, 33.215000000000394, 20.0, 0.0
9.62999999999984, 33.21000000000039, 20.0, 0.0
9.639999999999839, 33.20500000000039, 20.0, 0.0
9.649999999999839, 33.20000000000039, 20.0, 0.0
9.659999999999838, 33.22000000000039, 20.0, 0.0
9.669999999999838, 33.21500000000039, 20.0, 0.0
9.679999999999838, 33.210000000000385, 20.0, 0.0
9.689999999999838, 33.20500000000038, 20.0, 0.0
9.699999999999838, 33.20000000000038, 20.0, 0.0
9.709999999999837, 33.22000000000038, 20.0, 0.0
9.719999999999837, 33.21500000000038, 20.0, 0.0
9.729999999999837, 33.21000000000038, 20.0, 0.0
9.739999999999837, 33.205000000000375, 20.0, 0.0
9.749999999999837, 33.22500000000038, 20.0, 0.0
9.759999999999836, 33.220000000000375, 20.0, 0.0
9.769999999999836, 33.21500000000037, 20.0, 0.0
9.779999999999836, 33.21000000000037, 20.0, 0.0
9.789999999999836, 33.20500000000037, 20.0, 0.0
9.799999999999836, 33.22500000000037, 20.0, 0.0
9.809999999999835, 33.22000000000037, 20.0, 0.0
9.819999999999835, 33.215000000000366, 20.0, 0.0
9.829999999999835, 33.21000000000036, 20.0, 0.0
9.839999999999835, 33.20500000000036, 20.0, 0.0
9.849999999999834, 33.225000000000364, 20.0, 0.0
9.859999999999834, 33.22000000000036, 20.0, 0.0
9.869999999999834, 33.21500000000036, 20.0, 0.0
9.879999999999834, 33.210000000000356, 20.0, 0.0
9.889999999999834, 33.205000000000354, 20.0, 0.0
9.899999999999833, 33.22500000000036, 20.0, 0.0
9.909999999999833, 33.220000000000354, 20.0, 0.0
9.919999999999833, 33.21500000000035, 20.0, 0.0
9.929999999999833, 33.21000000000035, 20.0, 0.0
9.939999999999833, 33.20500000000035, 20.0, 0.0
9.949999999999832, 33.22500000000035, 20.0, 0.0
9.959999999999832, 33.22000000000035, 20.0, 0.0
9.969999999999832, 33.215000000000344, 20.0, 0.0
9.979999999999832, 33.21000000000034, 20.0, 0.0
9.989999999999831, 33.20500000000034, 20.0, 0.0
9.999999999999831, 33.22500000000034, 20.0, 0.0
10.009999999999831, 33.22000000000034, 20.0, 0.0
10.01999999999983, 33.21500000000034, 20.0, 0.0
10.02999999999983, 33.210000000000335, 20.0, 0.0
10.03999999999983, 33.20500000000033, 20.0, 0.0
10.04999999999983, 33.225000000000335, 20.0, 0.0
10.05999999999983, 33.22000000000033, 20.0, 0.0
10.06999999999983, 33.21500000000033, 20.0, 0.0
10.07999999999983, 33.21000000000033, 20.0, 0.0
10.08999999999983, 33.23000000000033, 20.0, 0.0
10.09999999999983, 33.22500000000033, 20.0, 0.0
10.109999999999829, 33.220000000000326, 20.0, 0.0
10.119999999999829, 33.21500000000032, 20.0, 0.0
10.129999999999828, 33.21000000000032, 20.0, 0.0
10.139999999999828, 33.20500000000032, 20.0, 0.0
10.149999999999828, 33.22500000000032, 20.0, 0.0
10.159999999999828, 33.22000000000032, 20.0, 0.0
