0.01, 21.995, 10.0, 0.0
0.02, 21.990000000000002, 10.0, 0.0
0.03, 21.985000000000003, 10.0, 0.0
0.04, 21.980000000000004, 10.0, 0.0
0.05, 21.975000000000005, 10.0, 0.0
0.060000000000000005, 21.970000000000006, 10.0, 0.0
0.07, 21.965000000000007, 10.0, 0.0
0.08, 21.960000000000008, 10.0, 0.0
0.09, 21.95500000000001, 10.0, 0.0
0.09999999999999999, 21.95000000000001, 10.0, 0.0
0.10999999999999999, 21.94500000000001, 10.0, 0.0
0.11999999999999998, 21.940000000000012, 10.0, 0.0
0.12999999999999998, 21.935000000000013, 10.0, 0.0
0.13999999999999999, 21.930000000000014, 10.0, 0.0
0.15, 21.925000000000015, 10.0, 0.0
0.16, 21.920000000000016, 10.0, 0.0
0.17, 21.915000000000017, 10.0, 0.0
0.18000000000000002, 21.910000000000018, 10.0, 0.0
0.19000000000000003, 21.90500000000002, 10.0, 0.0
0.20000000000000004, 21.90000000000002, 10.0, 0.0
0.21000000000000005, 21.89500000000002, 10.0, 0.0
0.22000000000000006, 21.890000000000022, 10.0, 0.0
0.23000000000000007, 21.885000000000023, 10.0, 0.0
0.24000000000000007, 21.880000000000024, 10.0, 0.0
0.25000000000000006, 21.875000000000025, 10.0, 0.0
0.26000000000000006, 21.870000000000026, 10.0, 0.0
0.2700000000000001, 21.865000000000027, 10.0, 0.0
0.2800000000000001, 21.860000000000028, 10.0, 0.0
0.2900000000000001, 21.85500000000003, 10.0, 0.0
0.3000000000000001, 21.85000000000003, 10.0, 0.0
0.3100000000000001, 21.84500000000003, 10.0, 0.0
0.3200000000000001, 21.840000000000032, 10.0, 0.0
0.3300000000000001, 21.835000000000033, 10.0, 0.0
0.34000000000000014, 21.830000000000034, 10.0, 0.0
0.35000000000000014, 21.825000000000035, 10.0, 0.0
0.36000000000000015, 21.820000000000036, 10.0, 0.0
0.37000000000000016, 21.815000000000037, 10.0, 0.0
0.38000000000000017, 21.810000000000038, 10.0, 0.0
0.3900000000000002, 21.80500000000004, 10.0, 0.0
0.4000000000000002, 21.80000000000004, 10.0, 0.0
0.4100000000000002, 21.79500000000004, 10.0, 0.0
0.4200000000000002, 21.790000000000042, 10.0, 0.0
0.4300000000000002, 21.785000000000043, 10.0, 0.0
0.4400000000000002, 21.780000000000044, 10.0, 0.0
0.45000000000000023, 21.775000000000045, 10.0, 0.0
0.46000000000000024, 21.770000000000046, 10.0, 0.0
0.47000000000000025, 21.765000000000047, 10.0, 0.0
0.48000000000000026, 21.760000000000048, 10.0, 0.0
0.49000000000000027, 21.75500000000005, 10.0, 0.0
0.5000000000000002, 21.75000000000005, 10.0, 0.0
0.5100000000000002, 21.74500000000005, 10.0, 0.0
0.5200000000000002, 21.74000000000005, 10.0, 0.0
0.5300000000000002, 21.735000000000053, 10.0, 0.0
0.5400000000000003, 21.730000000000054, 10.0, 0.0
0.5500000000000003, 21.725000000000055, 10.0, 0.0
0.5600000000000003, 21.720000000000056, 10.0, 0.0
0.5700000000000003, 21.715000000000057, 10.0, 0.0
0.5800000000000003, 21.710000000000058, 10.0, 0.0
0.5900000000000003, 21.70500000000006, 10.0, 0.0
0.6000000000000003, 21.70000000000006, 10.0, 0.0
0.6100000000000003, 21.69500000000006, 10.0, 0.0
0.6200000000000003, 21.69000000000006, 10.0, 0.0
0.6300000000000003, 21.685000000000063, 10.0, 0.0
0.6400000000000003, 21.680000000000064, 10.0, 0.0
0.6500000000000004, 21.675000000000065, 10.0, 0.0
0.6600000000000004, 21.670000000000066, 10.0, 0.0
0.6700000000000004, 21.665000000000067, 10.0, 0.0
0.6800000000000004, 21.660000000000068, 10.0, 0.0
0.6900000000000004, 21.65500000000007, 10.0, 0.0
0.7000000000000004, 21.65000000000007, 10.0, 0.0
0.7100000000000004, 21.64500000000007, 10.0, 0.0
0.7200000000000004, 21.64000000000007, 10.0, 0.0
0.7300000000000004, 21.635000000000073, 10.0, 0.0
0.7400000000000004, 21.630000000000074, 10.0, 0.0
0.7500000000000004, 21.625000000000075, 10.0, 0.0
0.7600000000000005, 21.620000000000076, 10.0, 0.0
0.7700000000000005, 21.615000000000077, 10.0, 0.0
0.7800000000000005, 21.610000000000078, 10.0, 0.0
0.7900000000000005, 21.60500000000008, 10.0, 0.0
0.8000000000000005, 21.60000000000008, 10.0, 0.0
0.8100000000000005, 21.59500000000008, 10.0, 0.0
0.8200000000000005, 21.59000000000008, 10.0, 0.0
0.8300000000000005, 21.585000000000083, 10.0, 0.0
0.8400000000000005, 21.580000000000084, 10.0, 0.0
0.8500000000000005, 21.575000000000085, 10.0, 0.0
0.8600000000000005, 21.570000000000086, 10.0, 0.0
0.8700000000000006, 21.565000000000087, 10.0, 0.0
0.8800000000000006, 21.560000000000088, 10.0, 0.0
0.8900000000000006, 21.55500000000009, 10.0, 0.0
0.9000000000000006, 21.55000000000009, 10.0, 0.0
0.9100000000000006, 21.54500000000009, 10.0, 0.0
0.9200000000000006, 21.54000000000009, 10.0, 0.0
0.9300000000000006, 21.535000000000093, 10.0, 0.0
0.9400000000000006, 21.530000000000094, 10.0, 0.0
0.9500000000000006, 21.525000000000095, 10.0, 0.0
0.9600000000000006, 21.520000000000095, 10.0, 0.0
0.9700000000000006, 21.515000000000096, 10.0, 0.0
0.9800000000000006, 21.510000000000097, 10.0, 0.0
0.9900000000000007, 21.5050000000001, 10.0, 0.0
1.0000000000000007, 21.5000000000001, 10.0, 0.0
1.0100000000000007, 21.4950000000001, 10.0, 0.0
1.0200000000000007, 21.4900000000001, 10.0, 0.0
1.0300000000000007, 21.485000000000102, 10.0, 0.0
1.0400000000000007, 21.480000000000103, 10.0, 0.0
1.0500000000000007, 21.475000000000104, 10.0, 0.0
1.0600000000000007, 21.470000000000105, 10.0, 0.0
1.0700000000000007, 21.465000000000106, 10.0, 0.0
1.0800000000000007, 21.460000000000107, 10.0, 0.0
1.0900000000000007, 21.45500000000011, 10.0, 0.0
1.1000000000000008, 21.45000000000011, 10.0, 0.0
1.1100000000000008, 21.44500000000011, 10.0, 0.0
1.1200000000000008, 21.44000000000011, 10.0, 0.0
1.1300000000000008, 21.435000000000112, 10.0, 0.0
1.1400000000000008, 21.430000000000113, 10.0, 0.0
1.1500000000000008, 21.425000000000114, 10.0, 0.0
1.1600000000000008, 21.420000000000115, 10.0, 0.0
1.1700000000000008, 21.415000000000116, 10.0, 0.0
1.1800000000000008, 21.410000000000117, 10.0, 0.0
1.1900000000000008, 21.40500000000012, 10.0, 0.0
1.2000000000000008, 21.40000000000012, 10.0, 0.0
1.2100000000000009, 21.39500000000012, 10.0, 0.0
1.2200000000000009, 21.39000000000012, 10.0, 0.0
1.2300000000000009, 21.385000000000122, 10.0, 0.0
1.2400000000000009, 21.380000000000123, 10.0, 0.0
1.2500000000000009, 21.375000000000124, 10.0, 0.0
1.260000000000001, 21.370000000000125, 10.0, 0.0
1.270000000000001, 21.365000000000126, 10.0, 0.0
1.280000000000001, 21.360000000000127, 10.0, 0.0
1.290000000000001, 21.35500000000013, 10.0, 0.0
1.300000000000001, 21.35000000000013, 10.0, 0.0
1.310000000000001, 21.34500000000013, 10.0, 0.0
1.320000000000001, 21.34000000000013, 10.0, 0.0
1.330000000000001, 21.335000000000132, 10.0, 0.0
1.340000000000001, 21.330000000000133, 10.0, 0.0
1.350000000000001, 21.325000000000134, 10.0, 0.0
1.360000000000001, 21.320000000000135, 10.0, 0.0
1.370000000000001, 21.315000000000136, 10.0, 0.0
1.380000000000001, 21.310000000000137, 10.0, 0.0
1.390000000000001, 21.30500000000014, 10.0, 0.0
1.400000000000001, 21.30000000000014, 10.0, 0.0
1.410000000000001, 21.29500000000014, 10.0, 0.0
1.420000000000001, 21.29000000000014, 10.0, 0.0
1.430000000000001, 21.285000000000142, 10.0, 0.0
1.440000000000001, 21.280000000000143, 10.0, 0.0
1.450000000000001, 21.275000000000144, 10.0, 0.0
1.460000000000001, 21.270000000000145, 10.0, 0.0
1.470000000000001, 21.265000000000146, 10.0, 0.0
1.480000000000001, 21.260000000000147, 10.0, 0.0
1.490000000000001, 21.255000000000148, 10.0, 0.0
1.500000000000001, 21.25000000000015, 10.0, 0.0
1.5100000000000011, 21.24500000000015, 10.0, 0.0
1.5200000000000011, 21.24000000000015, 10.0, 0.0
1.5300000000000011, 21.235000000000152, 10.0, 0.0
1.5400000000000011, 21.230000000000153, 10.0, 0.0
1.5500000000000012, 21.225000000000154, 10.0, 0.0
1.5600000000000012, 21.220000000000155, 10.0, 0.0
1.5700000000000012, 21.215000000000156, 10.0, 0.0
1.5800000000000012, 21.210000000000157, 10.0, 0.0
1.5900000000000012, 21.205000000000158, 10.0, 0.0
1.6000000000000012, 21.20000000000016, 10.0, 0.0
1.6100000000000012, 21.19500000000016, 10.0, 0.0
1.6200000000000012, 21.19000000000016, 10.0, 0.0
1.6300000000000012, 21.185000000000162, 10.0, 0.0
1.6400000000000012, 21.180000000000163, 10.0, 0.0
1.6500000000000012, 21.175000000000164, 10.0, 0.0
1.6600000000000013, 21.170000000000165, 10.0, 0.0
1.6700000000000013, 21.165000000000166, 10.0, 0.0
1.6800000000000013, 21.160000000000167, 10.0, 0.0
1.6900000000000013, 21.155000000000168, 10.0, 0.0
1.7000000000000013, 21.15000000000017, 10.0, 0.0
1.7100000000000013, 21.14500000000017, 10.0, 0.0
1.7200000000000013, 21.14000000000017, 10.0, 0.0
1.7300000000000013, 21.135000000000172, 10.0, 0.0
1.7400000000000013, 21.130000000000173, 10.0, 0.0
1.7500000000000013, 21.125000000000174, 10.0, 0.0
1.7600000000000013, 21.120000000000175, 10.0, 0.0
1.7700000000000014, 21.115000000000176, 10.0, 0.0
1.7800000000000014, 21.110000000000177, 10.0, 0.0
1.7900000000000014, 21.105000000000178, 10.0, 0.0
1.8000000000000014, 21.10000000000018, 10.0, 0.0
1.8100000000000014, 21.09500000000018, 10.0, 0.0
1.8200000000000014, 21.09000000000018, 10.0, 0.0
1.8300000000000014, 21.085000000000182, 10.0, 0.0
1.8400000000000014, 21.080000000000183, 10.0, 0.0
1.8500000000000014, 21.075000000000184, 10.0, 0.0
1.8600000000000014, 21.070000000000185, 10.0, 0.0
1.8700000000000014, 21.065000000000186, 10.0, 0.0
1.8800000000000014, 21.060000000000187, 10.0, 0.0
1.8900000000000015, 21.055000000000188, 10.0, 0.0
1.9000000000000015, 21.05000000000019, 10.0, 0.0
1.9100000000000015, 21.04500000000019, 10.0, 0.0
1.9200000000000015, 21.04000000000019, 10.0, 0.0
1.9300000000000015, 21.035000000000192, 10.0, 0.0
1.9400000000000015, 21.030000000000193, 10.0, 0.0
1.9500000000000015, 21.025000000000194, 10.0, 0.0
1.9600000000000015, 21.020000000000195, 10.0, 0.0
1.9700000000000015, 21.015000000000196, 10.0, 0.0
1.9800000000000015, 21.010000000000197, 10.0, 0.0
1.9900000000000015, 21.005000000000198, 10.0, 0.0
2.0000000000000013, 21.0000000000002, 10.0, 0.0
2.010000000000001, 20.9950000000002, 10.0, 0.0
2.020000000000001, 20.9900000000002, 10.0, 0.0
2.0300000000000007, 20.985000000000202, 10.0, 0.0
2.0400000000000005, 20.980000000000203, 10.0, 0.0
2.0500000000000003, 20.975000000000204, 10.0, 0.0
2.06, 20.970000000000205, 10.0, 0.0
2.07, 20.965000000000206, 10.0, 0.0
2.0799999999999996, 20.960000000000207, 10.0, 0.0
2.0899999999999994, 20.955000000000208, 10.0, 0.0
2.099999999999999, 20.95000000000021, 10.0, 0.0
2.109999999999999, 20.94500000000021, 10.0, 0.0
2.1199999999999988, 20.94000000000021, 10.0, 0.0
2.1299999999999986, 20.935000000000212, 10.0, 0.0
2.1399999999999983, 20.930000000000213, 10.0, 0.0
2.149999999999998, 20.925000000000214, 10.0, 0.0
2.159999999999998, 20.920000000000215, 10.0, 0.0
2.1699999999999977, 20.915000000000216, 10.0, 0.0
2.1799999999999975, 20.910000000000217, 10.0, 0.0
2.1899999999999973, 20.905000000000218, 10.0, 0.0
2.199999999999997, 20.90000000000022, 10.0, 0.0
2.209999999999997, 20.89500000000022, 10.0, 0.0
2.2199999999999966, 20.89000000000022, 10.0, 0.0
2.2299999999999964, 20.885000000000222, 10.0, 0.0
2.239999999999996, 20.880000000000223, 10.0, 0.0
2.249999999999996, 20.875000000000224, 10.0, 0.0
2.259999999999996, 20.870000000000225, 10.0, 0.0
2.2699999999999956, 20.865000000000226, 10.0, 0.0
2.2799999999999954, 20.860000000000227, 10.0, 0.0
2.289999999999995, 20.855000000000228, 10.0, 0.0
2.299999999999995, 20.85000000000023, 10.0, 0.0
2.3099999999999947, 20.84500000000023, 10.0, 0.0
2.3199999999999945, 20.84000000000023, 10.0, 0.0
2.3299999999999943, 20.835000000000232, 10.0, 0.0
2.339999999999994, 20.830000000000233, 10.0, 0.0
2.349999999999994, 20.825000000000234, 10.0, 0.0
2.3599999999999937, 20.820000000000235, 10.0, 0.0
2.3699999999999934, 20.815000000000236, 10.0, 0.0
2.3799999999999932, 20.810000000000237, 10.0, 0.0
2.389999999999993, 20.805000000000238, 10.0, 0.0
2.399999999999993, 20.80000000000024, 10.0, 0.0
2.4099999999999926, 20.79500000000024, 10.0, 0.0
2.4199999999999924, 20.79000000000024, 10.0, 0.0
2.429999999999992, 20.78500000000024, 10.0, 0.0
2.439999999999992, 20.780000000000243, 10.0, 0.0
2.4499999999999917, 20.800000000000242, 10.0, 0.0
2.4599999999999915, 20.820000000000242, 10.0, 0.0
2.4699999999999913, 20.84000000000024, 10.0, 0.0
2.479999999999991, 20.86000000000024, 10.0, 0.0
2.489999999999991, 20.88000000000024, 10.0, 0.0
2.4999999999999907, 20.90000000000024, 10.0, 0.0
2.5099999999999905, 20.92000000000024, 10.0, 0.0
2.5199999999999902, 20.94000000000024, 10.0, 0.0
2.52999999999999, 20.96000000000024, 10.0, 0.0
2.53999999999999, 20.98000000000024, 10.0, 0.0
2.5499999999999896, 21.000000000000238, 10.0, 0.0
2.5599999999999894, 21.020000000000238, 10.0, 0.0
2.569999999999989, 21.040000000000237, 10.0, 0.0
2.579999999999989, 21.060000000000237, 10.0, 0.0
2.5899999999999888, 21.080000000000236, 10.0, 0.0
2.5999999999999885, 21.100000000000236, 10.0, 0.0
2.6099999999999883, 21.120000000000235, 10.0, 0.0
2.619999999999988, 21.140000000000235, 10.0, 0.0
2.629999999999988, 21.160000000000235, 10.0, 0.0
2.6399999999999877, 21.180000000000234, 10.0, 0.0
2.6499999999999875, 21.200000000000234, 10.0, 0.0
2.6599999999999873, 21.220000000000233, 10.0, 0.0
2.669999999999987, 21.240000000000233, 10.0, 0.0
2.679999999999987, 21.260000000000232, 10.0, 0.0
2.6899999999999866, 21.280000000000232, 10.0, 0.0
2.6999999999999864, 21.30000000000023, 10.0, 0.0
2.709999999999986, 21.32000000000023, 10.0, 0.0
2.719999999999986, 21.34000000000023, 10.0, 0.0
2.7299999999999858, 21.36000000000023, 10.0, 0.0
2.7399999999999856, 21.38000000000023, 10.0, 0.0
2.7499999999999853, 21.40000000000023, 10.0, 0.0
2.759999999999985, 21.42000000000023, 10.0, 0.0
2.769999999999985, 21.44000000000023, 10.0, 0.0
2.7799999999999847, 21.46000000000023, 10.0, 0.0
2.7899999999999845, 21.480000000000228, 10.0, 0.0
2.7999999999999843, 21.500000000000227, 10.0, 0.0
2.809999999999984, 21.520000000000227, 10.0, 0.0
2.819999999999984, 21.540000000000227, 10.0, 0.0
2.8299999999999836, 21.560000000000226, 10.0, 0.0
2.8399999999999834, 21.580000000000226, 10.0, 0.0
2.849999999999983, 21.600000000000225, 10.0, 0.0
2.859999999999983, 21.620000000000225, 10.0, 0.0
2.869999999999983, 21.640000000000224, 10.0, 0.0
2.8799999999999826, 21.660000000000224, 10.0, 0.0
2.8899999999999824, 21.680000000000224, 10.0, 0.0
2.899999999999982, 21.700000000000223, 10.0, 0.0
2.909999999999982, 21.720000000000223, 10.0, 0.0
2.9199999999999817, 21.740000000000222, 10.0, 0.0
2.9299999999999815, 21.760000000000222, 10.0, 0.0
2.9399999999999813, 21.78000000000022, 10.0, 0.0
2.949999999999981, 21.80000000000022, 10.0, 0.0
2.959999999999981, 21.82000000000022, 10.0, 0.0
2.9699999999999807, 21.84000000000022, 10.0, 0.0
2.9799999999999804, 21.86000000000022, 10.0, 0.0
2.9899999999999802, 21.88000000000022, 10.0, 0.0
2.99999999999998, 21.90000000000022, 10.0, 0.0
3.00999999999998, 21.92000000000022, 10.0, 0.0
3.0199999999999796, 21.940000000000218, 10.0, 0.0
3.0299999999999794, 21.960000000000218, 10.0, 0.0
3.039999999999979, 21.980000000000217, 10.0, 0.0
3.049999999999979, 22.000000000000217, 10.0, 0.0
3.0599999999999787, 22.020000000000216, 10.0, 0.0
3.0699999999999785, 22.040000000000216, 10.0, 0.0
3.0799999999999783, 22.060000000000215, 10.0, 0.0
3.089999999999978, 22.080000000000215, 10.0, 0.0
3.099999999999978, 22.100000000000215, 10.0, 0.0
3.1099999999999777, 22.120000000000214, 10.0, 0.0
3.1199999999999775, 22.115000000000215, 10.0, 0.0
3.1299999999999772, 22.110000000000216, 10.0, 0.0
3.139999999999977, 22.105000000000217, 10.0, 0.0
3.149999999999977, 22.100000000000218, 10.0, 0.0
3.1599999999999766, 22.09500000000022, 10.0, 0.0
3.1699999999999764, 22.09000000000022, 10.0, 0.0
3.179999999999976, 22.08500000000022, 10.0, 0.0
3.189999999999976, 22.080000000000222, 10.0, 0.0
3.1999999999999758, 22.075000000000223, 10.0, 0.0
3.2099999999999755, 22.095000000000223, 10.0, 0.0
3.2199999999999753, 22.090000000000224, 10.0, 0.0
3.229999999999975, 22.110000000000223, 10.0, 0.0
3.239999999999975, 22.105000000000224, 10.0, 0.0
3.2499999999999747, 22.100000000000225, 10.0, 0.0
3.2599999999999745, 22.095000000000226, 10.0, 0.0
3.2699999999999743, 22.090000000000227, 10.0, 0.0
3.279999999999974, 22.08500000000023, 10.0, 0.0
3.289999999999974, 22.08000000000023, 10.0, 0.0
3.2999999999999736, 22.07500000000023, 10.0, 0.0
3.3099999999999734, 22.09500000000023, 10.0, 0.0
3.319999999999973, 22.11500000000023, 10.0, 0.0
3.329999999999973, 22.11000000000023, 10.0, 0.0
3.3399999999999728, 22.10500000000023, 10.0, 0.0
3.3499999999999726, 22.100000000000232, 10.0, 0.0
3.3599999999999723, 22.095000000000233, 10.0, 0.0
3.369999999999972, 22.115000000000233, 10.0, 0.0
3.379999999999972, 22.110000000000234, 10.0, 0.0
3.3899999999999717, 22.105000000000235, 10.0, 0.0
3.3999999999999715, 22.100000000000236, 10.0, 0.0
3.4099999999999713, 22.095000000000237, 10.0, 0.0
3.419999999999971, 22.090000000000238, 10.0, 0.0
3.429999999999971, 22.08500000000024, 10.0, 0.0
3.4399999999999706, 22.08000000000024, 10.0, 0.0
3.4499999999999704, 22.10000000000024, 10.0, 0.0
3.45999999999997, 22.09500000000024, 10.0, 0.0
3.46999999999997, 22.09000000000024, 10.0, 0.0
3.47999999999997, 22.085000000000242, 10.0, 0.0
3.4899999999999696, 22.080000000000243, 10.0, 0.0
3.4999999999999694, 22.100000000000243, 10.0, 0.0
3.509999999999969, 22.120000000000243, 10.0, 0.0
3.519999999999969, 22.115000000000244, 10.0, 0.0
3.5299999999999687, 22.110000000000245, 10.0, 0.0
3.5399999999999685, 22.105000000000246, 10.0, 0.0
3.5499999999999683, 22.100000000000247, 10.0, 0.0
3.559999999999968, 22.120000000000246, 10.0, 0.0
3.569999999999968, 22.115000000000247, 10.0, 0.0
3.5799999999999677, 22.110000000000248, 10.0, 0.0
3.5899999999999674, 22.10500000000025, 10.0, 0.0
3.5999999999999672, 22.12500000000025, 10.0, 0.0
3.609999999999967, 22.12000000000025, 10.0, 0.0
3.619999999999967, 22.11500000000025, 10.0, 0.0
3.6299999999999666, 22.11000000000025, 10.0, 0.0
3.6399999999999664, 22.105000000000253, 10.0, 0.0
3.649999999999966, 22.100000000000254, 10.0, 0.0
3.659999999999966, 22.095000000000255, 10.0, 0.0
3.6699999999999657, 22.090000000000256, 10.0, 0.0
3.6799999999999655, 22.085000000000257, 10.0, 0.0
3.6899999999999653, 22.105000000000256, 10.0, 0.0
3.699999999999965, 22.100000000000257, 10.0, 0.0
3.709999999999965, 22.095000000000258, 10.0, 0.0
3.7199999999999647, 22.09000000000026, 10.0, 0.0
3.7299999999999645, 22.11000000000026, 10.0, 0.0
3.7399999999999642, 22.13000000000026, 10.0, 0.0
3.749999999999964, 22.12500000000026, 10.0, 0.0
3.759999999999964, 22.12000000000026, 10.0, 0.0
3.7699999999999636, 22.11500000000026, 10.0, 0.0
3.7799999999999634, 22.110000000000262, 10.0, 0.0
3.789999999999963, 22.105000000000263, 10.0, 0.0
3.799999999999963, 22.100000000000264, 10.0, 0.0
3.8099999999999627, 22.095000000000265, 10.0, 0.0
3.8199999999999625, 22.090000000000266, 10.0, 0.0
3.8299999999999623, 22.085000000000267, 10.0, 0.0
3.839999999999962, 22.105000000000267, 10.0, 0.0
3.849999999999962, 22.100000000000268, 10.0, 0.0
3.8599999999999617, 22.09500000000027, 10.0, 0.0
3.8699999999999615, 22.09000000000027, 10.0, 0.0
3.8799999999999613, 22.08500000000027, 10.0, 0.0
3.889999999999961, 22.10500000000027, 10.0, 0.0
3.899999999999961, 22.12500000000027, 10.0, 0.0
3.9099999999999606, 22.12000000000027, 10.0, 0.0
3.9199999999999604, 22.115000000000272, 10.0, 0.0
3.92999999999996, 22.110000000000273, 10.0, 0.0
3.93999999999996, 22.130000000000273, 10.0, 0.0
3.9499999999999598, 22.125000000000274, 10.0, 0.0
3.9599999999999596, 22.120000000000275, 10.0, 0.0
3.9699999999999593, 22.115000000000276, 10.0, 0.0
3.979999999999959, 22.110000000000277, 10.0, 0.0
3.989999999999959, 22.130000000000276, 10.0, 0.0
3.9999999999999587, 22.125000000000277, 10.0, 0.0
4.009999999999959, 22.120000000000278, 10.0, 0.0
4.019999999999959, 22.11500000000028, 10.0, 0.0
4.0299999999999585, 22.11000000000028, 10.0, 0.0
4.039999999999958, 22.13000000000028, 10.0, 0.0
4.049999999999958, 22.12500000000028, 10.0, 0.0
4.059999999999958, 22.12000000000028, 10.0, 0.0
4.069999999999958, 22.115000000000283, 10.0, 0.0
4.079999999999957, 22.135000000000282, 10.0, 0.0
4.089999999999957, 22.130000000000283, 10.0, 0.0
4.099999999999957, 22.125000000000284, 10.0, 0.0
4.109999999999957, 22.120000000000285, 10.0, 0.0
4.119999999999957, 22.140000000000285, 10.0, 0.0
4.129999999999956, 22.160000000000284, 10.0, 0.0
4.139999999999956, 22.180000000000284, 10.0, 0.0
4.149999999999956, 22.200000000000284, 10.0, 0.0
4.159999999999956, 22.220000000000283, 10.0, 0.0
4.1699999999999555, 22.240000000000283, 10.0, 0.0
4.179999999999955, 22.260000000000282, 10.0, 0.0
4.189999999999955, 22.280000000000282, 10.0, 0.0
4.199999999999955, 22.30000000000028, 10.0, 0.0
4.209999999999955, 22.32000000000028, 10.0, 0.0
4.2199999999999545, 22.34000000000028, 10.0, 0.0
4.229999999999954, 22.36000000000028, 10.0, 0.0
4.239999999999954, 22.38000000000028, 10.0, 0.0
4.249999999999954, 22.40000000000028, 10.0, 0.0
4.259999999999954, 22.42000000000028, 10.0, 0.0
4.269999999999953, 22.44000000000028, 10.0, 0.0
4.279999999999953, 22.460000000000278, 10.0, 0.0
4.289999999999953, 22.480000000000278, 10.0, 0.0
4.299999999999953, 22.500000000000277, 10.0, 0.0
4.3099999999999525, 22.520000000000277, 10.0, 0.0
4.319999999999952, 22.540000000000276, 10.0, 0.0
4.329999999999952, 22.560000000000276, 10.0, 0.0
4.339999999999952, 22.580000000000275, 10.0, 0.0
4.349999999999952, 22.600000000000275, 10.0, 0.0
4.3599999999999515, 22.620000000000275, 10.0, 0.0
4.369999999999951, 22.640000000000274, 10.0, 0.0
4.379999999999951, 22.660000000000274, 10.0, 0.0
4.389999999999951, 22.680000000000273, 10.0, 0.0
4.399999999999951, 22.700000000000273, 10.0, 0.0
4.40999999999995, 22.720000000000272, 10.0, 0.0
4.41999999999995, 22.740000000000272, 10.0, 0.0
4.42999999999995, 22.735000000000273, 10.0, 0.0
4.43999999999995, 22.755000000000273, 10.0, 0.0
4.4499999999999496, 22.775000000000272, 10.0, 0.0
4.459999999999949, 22.79500000000027, 10.0, 0.0
4.469999999999949, 22.81500000000027, 10.0, 0.0
4.479999999999949, 22.83500000000027, 10.0, 0.0
4.489999999999949, 22.85500000000027, 10.0, 0.0
4.4999999999999485, 22.87500000000027, 10.0, 0.0
4.509999999999948, 22.89500000000027, 10.0, 0.0
4.519999999999948, 22.91500000000027, 10.0, 0.0
4.529999999999948, 22.93500000000027, 10.0, 0.0
4.539999999999948, 22.95500000000027, 10.0, 0.0
4.549999999999947, 22.975000000000268, 10.0, 0.0
4.559999999999947, 22.995000000000267, 10.0, 0.0
4.569999999999947, 23.015000000000267, 10.0, 0.0
4.579999999999947, 23.035000000000267, 10.0, 0.0
4.589999999999947, 23.055000000000266, 10.0, 0.0
4.599999999999946, 23.075000000000266, 10.0, 0.0
4.609999999999946, 23.095000000000265, 10.0, 0.0
4.619999999999946, 23.115000000000265, 10.0, 0.0
4.629999999999946, 23.135000000000264, 10.0, 0.0
4.6399999999999455, 23.155000000000264, 10.0, 0.0
4.649999999999945, 23.175000000000264, 10.0, 0.0
4.659999999999945, 23.195000000000263, 10.0, 0.0
4.669999999999945, 23.215000000000263, 10.0, 0.0
4.679999999999945, 23.235000000000262, 10.0, 0.0
4.689999999999944, 23.255000000000262, 10.0, 0.0
4.699999999999944, 23.27500000000026, 10.0, 0.0
4.709999999999944, 23.29500000000026, 10.0, 0.0
4.719999999999944, 23.31500000000026, 10.0, 0.0
4.729999999999944, 23.33500000000026, 10.0, 0.0
4.739999999999943, 23.35500000000026, 10.0, 0.0
4.749999999999943, 23.37500000000026, 10.0, 0.0
4.759999999999943, 23.39500000000026, 10.0, 0.0
4.769999999999943, 23.41500000000026, 10.0, 0.0
4.7799999999999425, 23.435000000000258, 10.0, 0.0
4.789999999999942, 23.455000000000258, 10.0, 0.0
4.799999999999942, 23.475000000000257, 10.0, 0.0
4.809999999999942, 23.495000000000257, 10.0, 0.0
4.819999999999942, 23.515000000000256, 10.0, 0.0
4.8299999999999415, 23.535000000000256, 10.0, 0.0
4.839999999999941, 23.555000000000256, 10.0, 0.0
4.849999999999941, 23.575000000000255, 10.0, 0.0
4.859999999999941, 23.595000000000255, 10.0, 0.0
4.869999999999941, 23.615000000000254, 10.0, 0.0
4.87999999999994, 23.635000000000254, 10.0, 0.0
4.88999999999994, 23.655000000000253, 10.0, 0.0
4.89999999999994, 23.675000000000253, 10.0, 0.0
4.90999999999994, 23.695000000000253, 10.0, 0.0
4.9199999999999395, 23.715000000000252, 10.0, 0.0
4.929999999999939, 23.73500000000025, 10.0, 0.0
4.939999999999939, 23.75500000000025, 10.0, 0.0
4.949999999999939, 23.77500000000025, 10.0, 0.0
4.959999999999939, 23.79500000000025, 10.0, 0.0
4.9699999999999385, 23.81500000000025, 10.0, 0.0
4.979999999999938, 23.83500000000025, 10.0, 0.0
4.989999999999938, 23.85500000000025, 10.0, 0.0
4.999999999999938, 23.87500000000025, 10.0, 0.0
5.009999999999938, 23.89500000000025, 10.0, 0.0
5.019999999999937, 23.915000000000248, 10.0, 0.0
5.029999999999937, 23.935000000000247, 10.0, 0.0
5.039999999999937, 23.955000000000247, 10.0, 0.0
5.049999999999937, 23.975000000000247, 10.0, 0.0
5.0599999999999365, 23.995000000000246, 10.0, 0.0
5.069999999999936, 24.015000000000246, 10.0, 0.0
5.079999999999936, 24.035000000000245, 10.0, 0.0
5.089999999999936, 24.055000000000245, 10.0, 0.0
5.099999999999936, 24.075000000000244, 10.0, 0.0
5.1099999999999355, 24.095000000000244, 10.0, 0.0
5.119999999999935, 24.115000000000244, 10.0, 0.0
5.129999999999935, 24.135000000000243, 10.0, 0.0
5.139999999999935, 24.155000000000243, 10.0, 0.0
5.149999999999935, 24.150000000000244, 10.0, 0.0
5.159999999999934, 24.145000000000245, 10.0, 0.0
5.169999999999934, 24.165000000000244, 10.0, 0.0
5.179999999999934, 24.160000000000245, 10.0, 0.0
5.189999999999934, 24.155000000000246, 10.0, 0.0
5.199999999999934, 24.150000000000247, 10.0, 0.0
5.209999999999933, 24.170000000000247, 10.0, 0.0
5.219999999999933, 24.165000000000248, 10.0, 0.0
5.229999999999933, 24.16000000000025, 10.0, 0.0
5.239999999999933, 24.15500000000025, 10.0, 0.0
5.2499999999999325, 24.15000000000025, 10.0, 0.0
5.259999999999932, 24.145000000000252, 10.0, 0.0
5.269999999999932, 24.16500000000025, 10.0, 0.0
5.279999999999932, 24.18500000000025, 10.0, 0.0
5.289999999999932, 24.180000000000252, 10.0, 0.0
5.299999999999931, 24.175000000000253, 10.0, 0.0
5.309999999999931, 24.170000000000254, 10.0, 0.0
5.319999999999931, 24.165000000000255, 10.0, 0.0
5.329999999999931, 24.160000000000256, 10.0, 0.0
5.339999999999931, 24.155000000000257, 10.0, 0.0
5.34999999999993, 24.150000000000258, 10.0, 0.0
5.35999999999993, 24.170000000000258, 10.0, 0.0
5.36999999999993, 24.16500000000026, 10.0, 0.0
5.37999999999993, 24.16000000000026, 10.0, 0.0
5.3899999999999295, 24.15500000000026, 10.0, 0.0
5.399999999999929, 24.15000000000026, 10.0, 0.0
5.409999999999929, 24.17000000000026, 10.0, 0.0
5.419999999999929, 24.165000000000262, 10.0, 0.0
5.429999999999929, 24.160000000000263, 10.0, 0.0
5.4399999999999284, 24.155000000000264, 10.0, 0.0
5.449999999999928, 24.150000000000265, 10.0, 0.0
5.459999999999928, 24.170000000000265, 10.0, 0.0
5.469999999999928, 24.165000000000266, 10.0, 0.0
5.479999999999928, 24.160000000000267, 10.0, 0.0
5.489999999999927, 24.155000000000268, 10.0, 0.0
5.499999999999927, 24.15000000000027, 10.0, 0.0
5.509999999999927, 24.170000000000268, 10.0, 0.0
5.519999999999927, 24.16500000000027, 10.0, 0.0
5.5299999999999265, 24.16000000000027, 10.0, 0.0
5.539999999999926, 24.15500000000027, 10.0, 0.0
5.549999999999926, 24.17500000000027, 10.0, 0.0
5.559999999999926, 24.17000000000027, 10.0, 0.0
5.569999999999926, 24.165000000000273, 10.0, 0.0
5.5799999999999255, 24.160000000000274, 10.0, 0.0
5.589999999999925, 24.155000000000275, 10.0, 0.0
5.599999999999925, 24.175000000000274, 10.0, 0.0
5.609999999999925, 24.195000000000274, 10.0, 0.0
5.619999999999925, 24.190000000000275, 10.0, 0.0
5.629999999999924, 24.185000000000276, 10.0, 0.0
5.639999999999924, 24.180000000000277, 10.0, 0.0
5.649999999999924, 24.175000000000278, 10.0, 0.0
5.659999999999924, 24.17000000000028, 10.0, 0.0
5.6699999999999235, 24.16500000000028, 10.0, 0.0
5.679999999999923, 24.16000000000028, 10.0, 0.0
5.689999999999923, 24.155000000000282, 10.0, 0.0
5.699999999999923, 24.150000000000283, 10.0, 0.0
5.709999999999923, 24.145000000000284, 10.0, 0.0
5.7199999999999225, 24.140000000000285, 10.0, 0.0
5.729999999999922, 24.135000000000286, 10.0, 0.0
5.739999999999922, 24.155000000000285, 10.0, 0.0
5.749999999999922, 24.175000000000285, 10.0, 0.0
5.759999999999922, 24.170000000000286, 10.0, 0.0
5.769999999999921, 24.165000000000287, 10.0, 0.0
5.779999999999921, 24.160000000000288, 10.0, 0.0
5.789999999999921, 24.15500000000029, 10.0, 0.0
5.799999999999921, 24.17500000000029, 10.0, 0.0
5.809999999999921, 24.17000000000029, 10.0, 0.0
5.81999999999992, 24.16500000000029, 10.0, 0.0
5.82999999999992, 24.16000000000029, 10.0, 0.0
5.83999999999992, 24.155000000000292, 10.0, 0.0
5.84999999999992, 24.175000000000292, 10.0, 0.0
5.8599999999999195, 24.170000000000293, 10.0, 0.0
5.869999999999919, 24.165000000000294, 10.0, 0.0
5.879999999999919, 24.160000000000295, 10.0, 0.0
5.889999999999919, 24.155000000000296, 10.0, 0.0
5.899999999999919, 24.175000000000296, 10.0, 0.0
5.909999999999918, 24.170000000000297, 10.0, 0.0
5.919999999999918, 24.165000000000298, 10.0, 0.0
5.929999999999918, 24.1600000000003, 10.0, 0.0
5.939999999999918, 24.1550000000003, 10.0, 0.0
5.949999999999918, 24.1750000000003, 10.0, 0.0
5.959999999999917, 24.1700000000003, 10.0, 0.0
5.969999999999917, 24.1650000000003, 10.0, 0.0
5.979999999999917, 24.160000000000302, 10.0, 0.0
5.989999999999917, 24.155000000000303, 10.0, 0.0
5.9999999999999165, 24.175000000000303, 10.0, 0.0
6.009999999999916, 24.170000000000304, 10.0, 0.0
6.019999999999916, 24.165000000000305, 10.0, 0.0
6.029999999999916, 24.160000000000306, 10.0, 0.0
6.039999999999916, 24.155000000000307, 10.0, 0.0
6.0499999999999154, 24.175000000000306, 10.0, 0.0
6.059999999999915, 24.170000000000307, 10.0, 0.0
6.069999999999915, 24.16500000000031, 10.0, 0.0
6.079999999999915, 24.16000000000031, 10.0, 0.0
6.089999999999915, 24.18000000000031, 10.0, 0.0
6.099999999999914, 24.17500000000031, 10.0, 0.0
6.109999999999914, 24.17000000000031, 10.0, 0.0
6.119999999999914, 24.19000000000031, 10.0, 0.0
6.129999999999914, 24.21000000000031, 10.0, 0.0
6.1399999999999135, 24.23000000000031, 10.0, 0.0
6.149999999999913, 24.25000000000031, 10.0, 0.0
6.159999999999913, 24.27000000000031, 10.0, 0.0
6.169999999999913, 24.29000000000031, 10.0, 0.0
6.179999999999913, 24.310000000000308, 10.0, 0.0
6.1899999999999125, 24.30500000000031, 10.0, 0.0
6.199999999999912, 24.32500000000031, 10.0, 0.0
6.209999999999912, 24.345000000000308, 10.0, 0.0
6.219999999999912, 24.365000000000308, 10.0, 0.0
6.229999999999912, 24.385000000000307, 10.0, 0.0
6.239999999999911, 24.405000000000307, 10.0, 0.0
6.249999999999911, 24.425000000000306, 10.0, 0.0
6.259999999999911, 24.445000000000306, 10.0, 0.0
6.269999999999911, 24.465000000000305, 10.0, 0.0
6.2799999999999105, 24.460000000000306, 10.0, 0.0
6.28999999999991, 24.480000000000306, 10.0, 0.0
6.29999999999991, 24.500000000000306, 10.0, 0.0
6.30999999999991, 24.520000000000305, 10.0, 0.0
6.31999999999991, 24.540000000000305, 10.0, 0.0
6.3299999999999095, 24.560000000000304, 10.0, 0.0
6.339999999999909, 24.580000000000304, 10.0, 0.0
6.349999999999909, 24.600000000000303, 10.0, 0.0
6.359999999999909, 24.620000000000303, 10.0, 0.0
6.369999999999909, 24.640000000000303, 10.0, 0.0
6.379999999999908, 24.660000000000302, 10.0, 0.0
6.389999999999908, 24.6800000000003, 10.0, 0.0
6.399999999999908, 24.7000000000003, 10.0, 0.0
6.409999999999908, 24.7200000000003, 10.0, 0.0
6.419999999999908, 24.7400000000003, 10.0, 0.0
6.429999999999907, 24.7600000000003, 10.0, 0.0
6.439999999999907, 24.7800000000003, 10.0, 0.0
6.449999999999907, 24.8000000000003, 10.0, 0.0
6.459999999999907, 24.8200000000003, 10.0, 0.0
6.4699999999999065, 24.8400000000003, 10.0, 0.0
6.479999999999906, 24.860000000000298, 10.0, 0.0
6.489999999999906, 24.880000000000297, 10.0, 0.0
6.499999999999906, 24.900000000000297, 10.0, 0.0
6.509999999999906, 24.920000000000297, 10.0, 0.0
6.519999999999905, 24.940000000000296, 10.0, 0.0
6.529999999999905, 24.960000000000296, 10.0, 0.0
6.539999999999905, 24.980000000000295, 10.0, 0.0
6.549999999999905, 25.000000000000295, 10.0, 0.0
6.559999999999905, 25.020000000000294, 10.0, 0.0
6.569999999999904, 25.040000000000294, 10.0, 0.0
6.579999999999904, 25.060000000000294, 10.0, 0.0
6.589999999999904, 25.080000000000293, 10.0, 0.0
6.599999999999904, 25.100000000000293, 10.0, 0.0
6.6099999999999035, 25.120000000000292, 10.0, 0.0
6.619999999999903, 25.140000000000292, 10.0, 0.0
6.629999999999903, 25.16000000000029, 10.0, 0.0
6.639999999999903, 25.18000000000029, 10.0, 0.0
6.649999999999903, 25.20000000000029, 10.0, 0.0
6.659999999999902, 25.22000000000029, 10.0, 0.0
6.669999999999902, 25.24000000000029, 10.0, 0.0
6.679999999999902, 25.26000000000029, 10.0, 0.0
6.689999999999902, 25.28000000000029, 10.0, 0.0
6.699999999999902, 25.30000000000029, 10.0, 0.0
6.709999999999901, 25.320000000000288, 10.0, 0.0
6.719999999999901, 25.340000000000288, 10.0, 0.0
6.729999999999901, 25.360000000000287, 10.0, 0.0
6.739999999999901, 25.380000000000287, 10.0, 0.0
6.7499999999999005, 25.400000000000286, 10.0, 0.0
6.7599999999999, 25.420000000000286, 10.0, 0.0
6.7699999999999, 25.440000000000285, 10.0, 0.0
6.7799999999999, 25.460000000000285, 10.0, 0.0
6.7899999999999, 25.480000000000285, 10.0, 0.0
6.7999999999998995, 25.500000000000284, 10.0, 0.0
6.809999999999899, 25.520000000000284, 10.0, 0.0
6.819999999999899, 25.540000000000283, 10.0, 0.0
6.829999999999899, 25.560000000000283, 10.0, 0.0
6.839999999999899, 25.580000000000283, 10.0, 0.0
6.849999999999898, 25.600000000000282, 10.0, 0.0
6.859999999999898, 25.62000000000028, 10.0, 0.0
6.869999999999898, 25.64000000000028, 10.0, 0.0
6.879999999999898, 25.66000000000028, 10.0, 0.0
6.8899999999998975, 25.68000000000028, 10.0, 0.0
6.899999999999897, 25.70000000000028, 10.0, 0.0
6.909999999999897, 25.72000000000028, 10.0, 0.0
6.919999999999897, 25.74000000000028, 10.0, 0.0
6.929999999999897, 25.76000000000028, 10.0, 0.0
6.9399999999998965, 25.78000000000028, 10.0, 0.0
6.949999999999896, 25.800000000000278, 10.0, 0.0
6.959999999999896, 25.820000000000277, 10.0, 0.0
6.969999999999896, 25.840000000000277, 10.0, 0.0
6.979999999999896, 25.860000000000277, 10.0, 0.0
6.989999999999895, 25.880000000000276, 10.0, 0.0
6.999999999999895, 25.900000000000276, 10.0, 0.0
7.009999999999895, 25.920000000000275, 10.0, 0.0
7.019999999999895, 25.940000000000275, 10.0, 0.0
7.0299999999998946, 25.960000000000274, 10.0, 0.0
7.039999999999894, 25.955000000000275, 10.0, 0.0
7.049999999999894, 25.975000000000275, 10.0, 0.0
7.059999999999894, 25.995000000000275, 10.0, 0.0
7.069999999999894, 26.015000000000274, 10.0, 0.0
7.0799999999998935, 26.035000000000274, 10.0, 0.0
7.089999999999893, 26.055000000000273, 10.0, 0.0
7.099999999999893, 26.075000000000273, 10.0, 0.0
7.109999999999893, 26.095000000000272, 10.0, 0.0
7.119999999999893, 26.115000000000272, 10.0, 0.0
7.129999999999892, 26.13500000000027, 10.0, 0.0
7.139999999999892, 26.15500000000027, 10.0, 0.0
7.149999999999892, 26.17500000000027, 10.0, 0.0
7.159999999999892, 26.19500000000027, 10.0, 0.0
7.169999999999892, 26.19000000000027, 10.0, 0.0
7.179999999999891, 26.185000000000272, 10.0, 0.0
7.189999999999891, 26.180000000000273, 10.0, 0.0
7.199999999999891, 26.200000000000273, 10.0, 0.0
7.209999999999891, 26.195000000000274, 10.0, 0.0
7.2199999999998905, 26.190000000000275, 10.0, 0.0
7.22999999999989, 26.185000000000276, 10.0, 0.0
7.23999999999989, 26.180000000000277, 10.0, 0.0
7.24999999999989, 26.175000000000278, 10.0, 0.0
7.25999999999989, 26.195000000000277, 10.0, 0.0
7.269999999999889, 26.215000000000277, 10.0, 0.0
7.279999999999889, 26.210000000000278, 10.0, 0.0
7.289999999999889, 26.20500000000028, 10.0, 0.0
7.299999999999889, 26.20000000000028, 10.0, 0.0
7.309999999999889, 26.19500000000028, 10.0, 0.0
7.319999999999888, 26.190000000000282, 10.0, 0.0
7.329999999999888, 26.185000000000283, 10.0, 0.0
7.339999999999888, 26.180000000000284, 10.0, 0.0
7.349999999999888, 26.175000000000285, 10.0, 0.0
7.3599999999998875, 26.170000000000286, 10.0, 0.0
7.369999999999887, 26.190000000000285, 10.0, 0.0
7.379999999999887, 26.185000000000286, 10.0, 0.0
7.389999999999887, 26.180000000000287, 10.0, 0.0
7.399999999999887, 26.17500000000029, 10.0, 0.0
7.4099999999998865, 26.195000000000288, 10.0, 0.0
7.419999999999886, 26.19000000000029, 10.0, 0.0
7.429999999999886, 26.18500000000029, 10.0, 0.0
7.439999999999886, 26.18000000000029, 10.0, 0.0
7.449999999999886, 26.175000000000292, 10.0, 0.0
7.459999999999885, 26.170000000000293, 10.0, 0.0
7.469999999999885, 26.190000000000293, 10.0, 0.0
7.479999999999885, 26.185000000000294, 10.0, 0.0
7.489999999999885, 26.180000000000295, 10.0, 0.0
7.4999999999998845, 26.175000000000296, 10.0, 0.0
7.509999999999884, 26.170000000000297, 10.0, 0.0
7.519999999999884, 26.190000000000296, 10.0, 0.0
7.529999999999884, 26.210000000000296, 10.0, 0.0
7.539999999999884, 26.205000000000297, 10.0, 0.0
7.5499999999998835, 26.200000000000298, 10.0, 0.0
7.559999999999883, 26.1950000000003, 10.0, 0.0
7.569999999999883, 26.1900000000003, 10.0, 0.0
7.579999999999883, 26.1850000000003, 10.0, 0.0
7.589999999999883, 26.1800000000003, 10.0, 0.0
7.599999999999882, 26.2000000000003, 10.0, 0.0
7.609999999999882, 26.195000000000302, 10.0, 0.0
7.619999999999882, 26.190000000000303, 10.0, 0.0
7.629999999999882, 26.185000000000304, 10.0, 0.0
7.6399999999998816, 26.180000000000305, 10.0, 0.0
7.649999999999881, 26.175000000000306, 10.0, 0.0
7.659999999999881, 26.170000000000307, 10.0, 0.0
7.669999999999881, 26.190000000000307, 10.0, 0.0
7.679999999999881, 26.185000000000308, 10.0, 0.0
7.6899999999998805, 26.18000000000031, 10.0, 0.0
7.69999999999988, 26.17500000000031, 10.0, 0.0
7.70999999999988, 26.17000000000031, 10.0, 0.0
7.71999999999988, 26.19000000000031, 10.0, 0.0
7.72999999999988, 26.18500000000031, 10.0, 0.0
7.739999999999879, 26.180000000000312, 10.0, 0.0
7.749999999999879, 26.175000000000313, 10.0, 0.0
7.759999999999879, 26.195000000000313, 10.0, 0.0
7.769999999999879, 26.215000000000312, 10.0, 0.0
7.779999999999879, 26.210000000000313, 10.0, 0.0
7.789999999999878, 26.205000000000314, 10.0, 0.0
7.799999999999878, 26.200000000000315, 10.0, 0.0
7.809999999999878, 26.195000000000316, 10.0, 0.0
7.819999999999878, 26.190000000000317, 10.0, 0.0
7.8299999999998775, 26.18500000000032, 10.0, 0.0
7.839999999999877, 26.18000000000032, 10.0, 0.0
7.849999999999877, 26.20000000000032, 10.0, 0.0
7.859999999999877, 26.19500000000032, 10.0, 0.0
7.869999999999877, 26.19000000000032, 10.0, 0.0
7.879999999999876, 26.185000000000322, 10.0, 0.0
7.889999999999876, 26.180000000000323, 10.0, 0.0
7.899999999999876, 26.175000000000324, 10.0, 0.0
7.909999999999876, 26.195000000000324, 10.0, 0.0
7.919999999999876, 26.190000000000325, 10.0, 0.0
7.929999999999875, 26.185000000000326, 10.0, 0.0
7.939999999999875, 26.180000000000327, 10.0, 0.0
7.949999999999875, 26.175000000000328, 10.0, 0.0
7.959999999999875, 26.195000000000327, 10.0, 0.0
7.9699999999998745, 26.190000000000328, 10.0, 0.0
7.979999999999874, 26.18500000000033, 10.0, 0.0
7.989999999999874, 26.18000000000033, 10.0, 0.0
7.999999999999874, 26.17500000000033, 10.0, 0.0
8.009999999999874, 26.19500000000033, 10.0, 0.0
8.019999999999873, 26.19000000000033, 10.0, 0.0
8.029999999999873, 26.185000000000333, 10.0, 0.0
8.039999999999873, 26.180000000000334, 10.0, 0.0
8.049999999999873, 26.175000000000335, 10.0, 0.0
8.059999999999873, 26.195000000000334, 10.0, 0.0
8.069999999999872, 26.190000000000335, 10.0, 0.0
8.079999999999872, 26.185000000000336, 10.0, 0.0
8.089999999999872, 26.180000000000337, 10.0, 0.0
8.099999999999872, 26.200000000000337, 10.0, 0.0
8.109999999999872, 26.220000000000336, 10.0, 0.0
8.119999999999871, 26.215000000000337, 10.0, 0.0
8.129999999999871, 26.21000000000034, 10.0, 0.0
8.139999999999871, 26.20500000000034, 10.0, 0.0
8.14999999999987, 26.20000000000034, 10.0, 0.0
8.15999999999987, 26.19500000000034, 10.0, 0.0
8.16999999999987, 26.21500000000034, 10.0, 0.0
8.17999999999987, 26.23500000000034, 10.0, 0.0
8.18999999999987, 26.25500000000034, 10.0, 0.0
8.19999999999987, 26.27500000000034, 10.0, 0.0
8.20999999999987, 26.29500000000034, 10.0, 0.0
8.21999999999987, 26.31500000000034, 10.0, 0.0
8.229999999999869, 26.33500000000034, 10.0, 0.0
8.239999999999869, 26.355000000000338, 10.0, 0.0
8.249999999999869, 26.375000000000338, 10.0, 0.0
8.259999999999868, 26.395000000000337, 10.0, 0.0
8.269999999999868, 26.415000000000337, 10.0, 0.0
8.279999999999868, 26.435000000000336, 10.0, 0.0
8.289999999999868, 26.455000000000336, 10.0, 0.0
8.299999999999867, 26.475000000000335, 10.0, 0.0
8.309999999999867, 26.495000000000335, 10.0, 0.0
8.319999999999867, 26.515000000000335, 10.0, 0.0
8.329999999999867, 26.535000000000334, 10.0, 0.0
8.339999999999867, 26.555000000000334, 10.0, 0.0
8.349999999999866, 26.575000000000333, 10.0, 0.0
8.359999999999866, 26.595000000000333, 10.0, 0.0
8.369999999999866, 26.615000000000332, 10.0, 0.0
8.379999999999866, 26.635000000000332, 10.0, 0.0
8.389999999999866, 26.65500000000033, 10.0, 0.0
8.399999999999865, 26.67500000000033, 10.0, 0.0
8.409999999999865, 26.69500000000033, 10.0, 0.0
8.419999999999865, 26.71500000000033, 10.0, 0.0
8.429999999999865, 26.73500000000033, 10.0, 0.0
8.439999999999864, 26.75500000000033, 10.0, 0.0
8.449999999999864, 26.77500000000033, 10.0, 0.0
8.459999999999864, 26.79500000000033, 10.0, 0.0
8.469999999999864, 26.815000000000328, 10.0, 0.0
8.479999999999864, 26.835000000000328, 10.0, 0.0
8.489999999999863, 26.855000000000327, 10.0, 0.0
8.499999999999863, 26.875000000000327, 10.0, 0.0
8.509999999999863, 26.895000000000326, 10.0, 0.0
8.519999999999863, 26.915000000000326, 10.0, 0.0
8.529999999999863, 26.935000000000326, 10.0, 0.0
8.539999999999862, 26.955000000000325, 10.0, 0.0
8.549999999999862, 26.975000000000325, 10.0, 0.0
8.559999999999862, 26.995000000000324, 10.0, 0.0
8.569999999999862, 27.015000000000324, 10.0, 0.0
8.579999999999862, 27.035000000000323, 10.0, 0.0
8.589999999999861, 27.055000000000323, 10.0, 0.0
8.599999999999861, 27.075000000000323, 10.0, 0.0
8.60999999999986, 27.095000000000322, 10.0, 0.0
8.61999999999986, 27.11500000000032, 10.0, 0.0
8.62999999999986, 27.13500000000032, 10.0, 0.0
8.63999999999986, 27.15500000000032, 10.0, 0.0
8.64999999999986, 27.150000000000322, 10.0, 0.0
8.65999999999986, 27.17000000000032, 10.0, 0.0
8.66999999999986, 27.19000000000032, 10.0, 0.0
8.67999999999986, 27.21000000000032, 10.0, 0.0
8.68999999999986, 27.23000000000032, 10.0, 0.0
8.699999999999859, 27.25000000000032, 10.0, 0.0
8.709999999999859, 27.27000000000032, 10.0, 0.0
8.719999999999859, 27.29000000000032, 10.0, 0.0
8.729999999999858, 27.31000000000032, 10.0, 0.0
8.739999999999858, 27.330000000000318, 10.0, 0.0
8.749999999999858, 27.350000000000318, 10.0, 0.0
8.759999999999858, 27.370000000000317, 10.0, 0.0
8.769999999999857, 27.390000000000317, 10.0, 0.0
8.779999999999857, 27.410000000000316, 10.0, 0.0
8.789999999999857, 27.430000000000316, 10.0, 0.0
8.799999999999857, 27.450000000000315, 10.0, 0.0
8.809999999999857, 27.470000000000315, 10.0, 0.0
8.819999999999856, 27.490000000000315, 10.0, 0.0
8.829999999999856, 27.510000000000314, 10.0, 0.0
8.839999999999856, 27.530000000000314, 10.0, 0.0
8.849999999999856, 27.550000000000313, 10.0, 0.0
8.859999999999856, 27.570000000000313, 10.0, 0.0
8.869999999999855, 27.590000000000312, 10.0, 0.0
8.879999999999855, 27.610000000000312, 10.0, 0.0
8.889999999999855, 27.63000000000031, 10.0, 0.0
8.899999999999855, 27.65000000000031, 10.0, 0.0
8.909999999999854, 27.67000000000031, 10.0, 0.0
8.919999999999854, 27.69000000000031, 10.0, 0.0
8.929999999999854, 27.71000000000031, 10.0, 0.0
8.939999999999854, 27.73000000000031, 10.0, 0.0
8.949999999999854, 27.75000000000031, 10.0, 0.0
8.959999999999853, 27.77000000000031, 10.0, 0.0
8.969999999999853, 27.79000000000031, 10.0, 0.0
8.979999999999853, 27.810000000000308, 10.0, 0.0
8.989999999999853, 27.830000000000307, 10.0, 0.0
8.999999999999853, 27.850000000000307, 10.0, 0.0
9.009999999999852, 27.870000000000307, 10.0, 0.0
9.019999999999852, 27.890000000000306, 10.0, 0.0
9.029999999999852, 27.910000000000306, 10.0, 0.0
9.039999999999852, 27.930000000000305, 10.0, 0.0
9.049999999999851, 27.950000000000305, 10.0, 0.0
9.059999999999851, 27.970000000000304, 10.0, 0.0
9.069999999999851, 27.990000000000304, 10.0, 0.0
9.07999999999985, 28.010000000000304, 10.0, 0.0
9.08999999999985, 28.030000000000303, 10.0, 0.0
9.09999999999985, 28.050000000000303, 10.0, 0.0
9.10999999999985, 28.070000000000302, 10.0, 0.0
9.11999999999985, 28.090000000000302, 10.0, 0.0
9.12999999999985, 28.1100000000003, 10.0, 0.0
9.13999999999985, 28.1300000000003, 10.0, 0.0
9.14999999999985, 28.1500000000003, 10.0, 0.0
9.15999999999985, 28.1700000000003, 10.0, 0.0
9.169999999999849, 28.1900000000003, 10.0, 0.0
9.179999999999849, 28.2100000000003, 10.0, 0.0
9.189999999999849, 28.2050000000003, 10.0, 0.0
9.199999999999848, 28.2000000000003, 10.0, 0.0
9.209999999999848, 28.2200000000003, 10.0, 0.0
9.219999999999848, 28.215000000000302, 10.0, 0.0
9.229999999999848, 28.210000000000303, 10.0, 0.0
9.239999999999847, 28.205000000000304, 10.0, 0.0
9.249999999999847, 28.200000000000305, 10.0, 0.0
9.259999999999847, 28.220000000000304, 10.0, 0.0
9.269999999999847, 28.215000000000305, 10.0, 0.0
9.279999999999847, 28.210000000000306, 10.0, 0.0
9.289999999999846, 28.205000000000307, 10.0, 0.0
9.299999999999846, 28.20000000000031, 10.0, 0.0
9.309999999999846, 28.220000000000308, 10.0, 0.0
9.319999999999846, 28.21500000000031, 10.0, 0.0
9.329999999999846, 28.21000000000031, 10.0, 0.0
9.339999999999845, 28.20500000000031, 10.0, 0.0
9.349999999999845, 28.200000000000312, 10.0, 0.0
9.359999999999845, 28.22000000000031, 10.0, 0.0
9.369999999999845, 28.215000000000312, 10.0, 0.0
9.379999999999844, 28.210000000000313, 10.0, 0.0
9.389999999999844, 28.205000000000314, 10.0, 0.0
9.399999999999844, 28.200000000000315, 10.0, 0.0
9.409999999999844, 28.220000000000315, 10.0, 0.0
9.419999999999844, 28.215000000000316, 10.0, 0.0
9.429999999999843, 28.210000000000317, 10.0, 0.0
9.439999999999843, 28.205000000000318, 10.0, 0.0
9.449999999999843, 28.20000000000032, 10.0, 0.0
9.459999999999843, 28.22000000000032, 10.0, 0.0
9.469999999999843, 28.21500000000032, 10.0, 0.0
9.479999999999842, 28.21000000000032, 10.0, 0.0
9.489999999999842, 28.20500000000032, 10.0, 0.0
9.499999999999842, 28.200000000000323, 10.0, 0.0
9.509999999999842, 28.220000000000322, 10.0, 0.0
9.519999999999841, 28.215000000000323, 10.0, 0.0
9.529999999999841, 28.210000000000324, 10.0, 0.0
9.539999999999841, 28.205000000000325, 10.0, 0.0
9.54999999999984, 28.200000000000326, 10.0, 0.0
9.55999999999984, 28.220000000000326, 10.0, 0.0
9.56999999999984, 28.215000000000327, 10.0, 0.0
9.57999999999984, 28.210000000000328, 10.0, 0.0
9.58999999999984, 28.20500000000033, 10.0, 0.0
9.59999999999984, 28.22500000000033, 10.0, 0.0
9.60999999999984, 28.22000000000033, 10.0, 0.0
9.61999999999984, 28.21500000000033, 10.0, 0.0
9.62999999999984, 28.21000000000033, 10.0, 0.0
9.639999999999839, 28.205000000000332, 10.0, 0.0
9.649999999999839, 28.225000000000332, 10.0, 0.0
9.659999999999838, 28.220000000000333, 10.0, 0.0
9.669999999999838, 28.215000000000334, 10.0, 0.0
9.679999999999838, 28.210000000000335, 10.0, 0.0
9.689999999999838, 28.205000000000336, 10.0, 0.0
9.699999999999838, 28.225000000000335, 10.0, 0.0
9.709999999999837, 28.220000000000336, 10.0, 0.0
9.719999999999837, 28.215000000000337, 10.0, 0.0
9.729999999999837, 28.21000000000034, 10.0, 0.0
9.739999999999837, 28.230000000000338, 10.0, 0.0
9.749999999999837, 28.250000000000338, 10.0, 0.0
9.759999999999836, 28.24500000000034, 10.0, 0.0
9.769999999999836, 28.24000000000034, 10.0, 0.0
9.779999999999836, 28.23500000000034, 10.0, 0.0
9.789999999999836, 28.23000000000034, 10.0, 0.0
9.799999999999836, 28.225000000000342, 10.0, 0.0
9.809999999999835, 28.220000000000343, 10.0, 0.0
9.819999999999835, 28.215000000000344, 10.0, 0.0
9.829999999999835, 28.210000000000345, 10.0, 0.0
9.839999999999835, 28.205000000000346, 10.0, 0.0
9.849999999999834, 28.225000000000346, 10.0, 0.0
9.859999999999834, 28.220000000000347, 10.0, 0.0
9.869999999999834, 28.215000000000348, 10.0, 0.0
9.879999999999834, 28.21000000000035, 10.0, 0.0
9.889999999999834, 28.20500000000035, 10.0, 0.0
9.899999999999833, 28.22500000000035, 10.0, 0.0
9.909999999999833, 28.22000000000035, 10.0, 0.0
9.919999999999833, 28.21500000000035, 10.0, 0.0
9.929999999999833, 28.210000000000353, 10.0, 0.0
9.939999999999833, 28.230000000000352, 10.0, 0.0
9.949999999999832, 28.25000000000035, 10.0, 0.0
9.959999999999832, 28.245000000000353, 10.0, 0.0
9.969999999999832, 28.240000000000354, 10.0, 0.0
9.979999999999832, 28.235000000000355, 10.0, 0.0
9.989999999999831, 28.230000000000356, 10.0, 0.0
9.999999999999831, 28.225000000000357, 10.0, 0.0
10.009999999999831, 28.220000000000358, 10.0, 0.0
10.01999999999983, 28.21500000000036, 10.0, 0.0
10.02999999999983, 28.21000000000036, 10.0, 0.0
10.03999999999983, 28.20500000000036, 10.0, 0.0
10.04999999999983, 28.22500000000036, 10.0, 0.0
10.05999999999983, 28.22000000000036, 10.0, 0.0
10.06999999999983, 28.215000000000362, 10.0, 0.0
10.07999999999983, 28.210000000000363, 10.0, 0.0
10.08999999999983, 28.230000000000363, 10.0, 0.0
10.09999999999983, 28.250000000000362, 10.0, 0.0
10.109999999999829, 28.245000000000363, 10.0, 0.0
10.119999999999829, 28.240000000000364, 10.0, 0.0
10.129999999999828, 28.235000000000365, 10.0, 0.0
10.139999999999828, 28.230000000000366, 10.0, 0.0
10.149999999999828, 28.225000000000367, 10.0, 0.0
10.159999999999828, 28.22000000000037, 10.0, 0.0
10.169999999999828, 28.21500000000037, 10.0, 0.0
10.179999999999827, 28.23500000000037, 10.0, 0.0
