0.01, 29.995, 30.0, 0.0
0.02, 29.990000000000002, 30.0, 0.0
0.03, 29.985000000000003, 30.0, 0.0
0.04, 29.980000000000004, 30.0, 0.0
0.05, 29.975000000000005, 30.0, 0.0
0.060000000000000005, 29.970000000000006, 30.0, 0.0
0.07, 29.965000000000007, 30.0, 0.0
0.08, 29.960000000000008, 30.0, 0.0
0.09, 29.95500000000001, 30.0, 0.0
0.09999999999999999, 29.95000000000001, 30.0, 0.0
0.10999999999999999, 29.94500000000001, 30.0, 0.0
0.11999999999999998, 29.940000000000012, 30.0, 0.0
0.12999999999999998, 29.935000000000013, 30.0, 0.0
0.13999999999999999, 29.930000000000014, 30.0, 0.0
0.15, 29.925000000000015, 30.0, 0.0
0.16, 29.920000000000016, 30.0, 0.0
0.17, 29.915000000000017, 30.0, 0.0
0.18000000000000002, 29.910000000000018, 30.0, 0.0
0.19000000000000003, 29.90500000000002, 30.0, 0.0
0.20000000000000004, 29.90000000000002, 30.0, 0.0
0.21000000000000005, 29.89500000000002, 30.0, 0.0
0.22000000000000006, 29.890000000000022, 30.0, 0.0
0.23000000000000007, 29.885000000000023, 30.0, 0.0
0.24000000000000007, 29.880000000000024, 30.0, 0.0
0.25000000000000006, 29.875000000000025, 30.0, 0.0
0.26000000000000006, 29.870000000000026, 30.0, 0.0
0.2700000000000001, 29.865000000000027, 30.0, 0.0
0.2800000000000001, 29.860000000000028, 30.0, 0.0
0.2900000000000001, 29.85500000000003, 30.0, 0.0
0.3000000000000001, 29.85000000000003, 30.0, 0.0
0.3100000000000001, 29.84500000000003, 30.0, 0.0
0.3200000000000001, 29.840000000000032, 30.0, 0.0
0.3300000000000001, 29.835000000000033, 30.0, 0.0
0.34000000000000014, 29.830000000000034, 30.0, 0.0
0.35000000000000014, 29.825000000000035, 30.0, 0.0
0.36000000000000015, 29.820000000000036, 30.0, 0.0
0.37000000000000016, 29.815000000000037, 30.0, 0.0
0.38000000000000017, 29.810000000000038, 30.0, 0.0
0.3900000000000002, 29.80500000000004, 30.0, 0.0
0.4000000000000002, 29.80000000000004, 30.0, 0.0
0.4100000000000002, 29.79500000000004, 30.0, 0.0
0.4200000000000002, 29.790000000000042, 30.0, 0.0
0.4300000000000002, 29.785000000000043, 30.0, 0.0
0.4400000000000002, 29.780000000000044, 30.0, 0.0
0.45000000000000023, 29.775000000000045, 30.0, 0.0
0.46000000000000024, 29.770000000000046, 30.0, 0.0
0.47000000000000025, 29.765000000000047, 30.0, 0.0
0.48000000000000026, 29.760000000000048, 30.0, 0.0
0.49000000000000027, 29.75500000000005, 30.0, 0.0
0.5000000000000002, 29.75000000000005, 30.0, 0.0
0.5100000000000002, 29.74500000000005, 30.0, 0.0
0.5200000000000002, 29.74000000000005, 30.0, 0.0
0.5300000000000002, 29.735000000000053, 30.0, 0.0
0.5400000000000003, 29.730000000000054, 30.0, 0.0
0.5500000000000003, 29.725000000000055, 30.0, 0.0
0.5600000000000003, 29.720000000000056, 30.0, 0.0
0.5700000000000003, 29.715000000000057, 30.0, 0.0
0.5800000000000003, 29.710000000000058, 30.0, 0.0
0.5900000000000003, 29.70500000000006, 30.0, 0.0
0.6000000000000003, 29.70000000000006, 30.0, 0.0
0.6100000000000003, 29.69500000000006, 30.0, 0.0
0.6200000000000003, 29.69000000000006, 30.0, 0.0
0.6300000000000003, 29.685000000000063, 30.0, 0.0
0.6400000000000003, 29.680000000000064, 30.0, 0.0
0.6500000000000004, 29.675000000000065, 30.0, 0.0
0.6600000000000004, 29.670000000000066, 30.0, 0.0
0.6700000000000004, 29.665000000000067, 30.0, 0.0
0.6800000000000004, 29.660000000000068, 30.0, 0.0
0.6900000000000004, 29.65500000000007, 30.0, 0.0
0.7000000000000004, 29.65000000000007, 30.0, 0.0
0.7100000000000004, 29.64500000000007, 30.0, 0.0
0.7200000000000004, 29.64000000000007, 30.0, 0.0
0.7300000000000004, 29.635000000000073, 30.0, 0.0
0.7400000000000004, 29.630000000000074, 30.0, 0.0
0.7500000000000004, 29.625000000000075, 30.0, 0.0
0.7600000000000005, 29.620000000000076, 30.0, 0.0
0.7700000000000005, 29.615000000000077, 30.0, 0.0
0.7800000000000005, 29.610000000000078, 30.0, 0.0
0.7900000000000005, 29.60500000000008, 30.0, 0.0
0.8000000000000005, 29.60000000000008, 30.0, 0.0
0.8100000000000005, 29.62000000000008, 30.0, 0.0
0.8200000000000005, 29.64000000000008, 30.0, 0.0
0.8300000000000005, 29.66000000000008, 30.0, 0.0
0.8400000000000005, 29.680000000000078, 30.0, 0.0
0.8500000000000005, 29.700000000000077, 30.0, 0.0
0.8600000000000005, 29.720000000000077, 30.0, 0.0
0.8700000000000006, 29.740000000000077, 30.0, 0.0
0.8800000000000006, 29.760000000000076, 30.0, 0.0
0.8900000000000006, 29.780000000000076, 30.0, 0.0
0.9000000000000006, 29.800000000000075, 30.0, 0.0
0.9100000000000006, 29.820000000000075, 30.0, 0.0
0.9200000000000006, 29.840000000000074, 30.0, 0.0
0.9300000000000006, 29.860000000000074, 30.0, 0.0
0.9400000000000006, 29.880000000000074, 30.0, 0.0
0.9500000000000006, 29.900000000000073, 30.0, 0.0
0.9600000000000006, 29.920000000000073, 30.0, 0.0
0.9700000000000006, 29.940000000000072, 30.0, 0.0
0.9800000000000006, 29.960000000000072, 30.0, 0.0
0.9900000000000007, 29.98000000000007, 30.0, 0.0
1.0000000000000007, 30.00000000000007, 30.0, 0.0
1.0100000000000007, 29.995000000000072, 30.0, 0.0
1.0200000000000007, 30.01500000000007, 30.0, 0.0
1.0300000000000007, 30.03500000000007, 30.0, 0.0
1.0400000000000007, 30.05500000000007, 30.0, 0.0
1.0500000000000007, 30.07500000000007, 30.0, 0.0
1.0600000000000007, 30.07000000000007, 30.0, 0.0
1.0700000000000007, 30.065000000000072, 30.0, 0.0
1.0800000000000007, 30.060000000000073, 30.0, 0.0
1.0900000000000007, 30.080000000000073, 30.0, 0.0
1.1000000000000008, 30.100000000000072, 30.0, 0.0
1.1100000000000008, 30.095000000000073, 30.0, 0.0
1.1200000000000008, 30.090000000000074, 30.0, 0.0
1.1300000000000008, 30.085000000000075, 30.0, 0.0
1.1400000000000008, 30.080000000000076, 30.0, 0.0
1.1500000000000008, 30.075000000000077, 30.0, 0.0
1.1600000000000008, 30.07000000000008, 30.0, 0.0
1.1700000000000008, 30.06500000000008, 30.0, 0.0
1.1800000000000008, 30.06000000000008, 30.0, 0.0
1.1900000000000008, 30.08000000000008, 30.0, 0.0
1.2000000000000008, 30.07500000000008, 30.0, 0.0
1.2100000000000009, 30.070000000000082, 30.0, 0.0
1.2200000000000009, 30.065000000000083, 30.0, 0.0
1.2300000000000009, 30.060000000000084, 30.0, 0.0
1.2400000000000009, 30.080000000000084, 30.0, 0.0
1.2500000000000009, 30.075000000000085, 30.0, 0.0
1.260000000000001, 30.070000000000086, 30.0, 0.0
1.270000000000001, 30.065000000000087, 30.0, 0.0
1.280000000000001, 30.060000000000088, 30.0, 0.0
1.290000000000001, 30.080000000000087, 30.0, 0.0
1.300000000000001, 30.075000000000088, 30.0, 0.0
1.310000000000001, 30.07000000000009, 30.0, 0.0
1.320000000000001, 30.06500000000009, 30.0, 0.0
1.330000000000001, 30.06000000000009, 30.0, 0.0
1.340000000000001, 30.08000000000009, 30.0, 0.0
1.350000000000001, 30.07500000000009, 30.0, 0.0
1.360000000000001, 30.070000000000093, 30.0, 0.0
1.370000000000001, 30.065000000000094, 30.0, 0.0
1.380000000000001, 30.060000000000095, 30.0, 0.0
1.390000000000001, 30.080000000000094, 30.0, 0.0
1.400000000000001, 30.075000000000095, 30.0, 0.0
1.410000000000001, 30.070000000000096, 30.0, 0.0
1.420000000000001, 30.065000000000097, 30.0, 0.0
1.430000000000001, 30.060000000000098, 30.0, 0.0
1.440000000000001, 30.080000000000098, 30.0, 0.0
1.450000000000001, 30.0750000000001, 30.0, 0.0
1.460000000000001, 30.0700000000001, 30.0, 0.0
1.470000000000001, 30.0650000000001, 30.0, 0.0
1.480000000000001, 30.0600000000001, 30.0, 0.0
1.490000000000001, 30.0800000000001, 30.0, 0.0
1.500000000000001, 30.075000000000102, 30.0, 0.0
1.5100000000000011, 30.070000000000103, 30.0, 0.0
1.5200000000000011, 30.065000000000104, 30.0, 0.0
1.5300000000000011, 30.060000000000105, 30.0, 0.0
1.5400000000000011, 30.080000000000105, 30.0, 0.0
1.5500000000000012, 30.075000000000106, 30.0, 0.0
1.5600000000000012, 30.070000000000107, 30.0, 0.0
1.5700000000000012, 30.065000000000108, 30.0, 0.0
1.5800000000000012, 30.085000000000107, 30.0, 0.0
1.5900000000000012, 30.08000000000011, 30.0, 0.0
1.6000000000000012, 30.07500000000011, 30.0, 0.0
1.6100000000000012, 30.07000000000011, 30.0, 0.0
1.6200000000000012, 30.06500000000011, 30.0, 0.0
1.6300000000000012, 30.08500000000011, 30.0, 0.0
1.6400000000000012, 30.080000000000112, 30.0, 0.0
1.6500000000000012, 30.075000000000113, 30.0, 0.0
1.6600000000000013, 30.070000000000114, 30.0, 0.0
1.6700000000000013, 30.065000000000115, 30.0, 0.0
1.6800000000000013, 30.085000000000115, 30.0, 0.0
1.6900000000000013, 30.105000000000114, 30.0, 0.0
1.7000000000000013, 30.100000000000115, 30.0, 0.0
1.7100000000000013, 30.095000000000116, 30.0, 0.0
1.7200000000000013, 30.090000000000117, 30.0, 0.0
1.7300000000000013, 30.085000000000118, 30.0, 0.0
1.7400000000000013, 30.08000000000012, 30.0, 0.0
1.7500000000000013, 30.07500000000012, 30.0, 0.0
1.7600000000000013, 30.07000000000012, 30.0, 0.0
1.7700000000000014, 30.065000000000122, 30.0, 0.0
1.7800000000000014, 30.08500000000012, 30.0, 0.0
1.7900000000000014, 30.080000000000123, 30.0, 0.0
1.8000000000000014, 30.075000000000124, 30.0, 0.0
1.8100000000000014, 30.070000000000125, 30.0, 0.0
1.8200000000000014, 30.065000000000126, 30.0, 0.0
1.8300000000000014, 30.085000000000125, 30.0, 0.0
1.8400000000000014, 30.080000000000126, 30.0, 0.0
1.8500000000000014, 30.075000000000127, 30.0, 0.0
1.8600000000000014, 30.070000000000128, 30.0, 0.0
1.8700000000000014, 30.06500000000013, 30.0, 0.0
1.8800000000000014, 30.08500000000013, 30.0, 0.0
1.8900000000000015, 30.08000000000013, 30.0, 0.0
1.9000000000000015, 30.07500000000013, 30.0, 0.0
1.9100000000000015, 30.07000000000013, 30.0, 0.0
1.9200000000000015, 30.065000000000133, 30.0, 0.0
1.9300000000000015, 30.085000000000132, 30.0, 0.0
1.9400000000000015, 30.080000000000133, 30.0, 0.0
1.9500000000000015, 30.075000000000134, 30.0, 0.0
1.9600000000000015, 30.070000000000135, 30.0, 0.0
1.9700000000000015, 30.065000000000136, 30.0, 0.0
1.9800000000000015, 30.085000000000136, 30.0, 0.0
1.9900000000000015, 30.080000000000137, 30.0, 0.0
2.0000000000000013, 30.075000000000138, 30.0, 0.0
2.010000000000001, 30.07000000000014, 30.0, 0.0
2.020000000000001, 30.06500000000014, 30.0, 0.0
2.0300000000000007, 30.08500000000014, 30.0, 0.0
2.0400000000000005, 30.08000000000014, 30.0, 0.0
2.0500000000000003, 30.07500000000014, 30.0, 0.0
2.06, 30.070000000000142, 30.0, 0.0
2.07, 30.090000000000142, 30.0, 0.0
2.0799999999999996, 30.11000000000014, 30.0, 0.0
2.0899999999999994, 30.13000000000014, 30.0, 0.0
2.099999999999999, 30.15000000000014, 30.0, 0.0
2.109999999999999, 30.17000000000014, 30.0, 0.0
2.1199999999999988, 30.19000000000014, 30.0, 0.0
2.1299999999999986, 30.21000000000014, 30.0, 0.0
2.1399999999999983, 30.23000000000014, 30.0, 0.0
2.149999999999998, 30.25000000000014, 30.0, 0.0
2.159999999999998, 30.270000000000138, 30.0, 0.0
2.1699999999999977, 30.290000000000138, 30.0, 0.0
2.1799999999999975, 30.310000000000137, 30.0, 0.0
2.1899999999999973, 30.330000000000137, 30.0, 0.0
2.199999999999997, 30.350000000000136, 30.0, 0.0
2.209999999999997, 30.370000000000136, 30.0, 0.0
2.2199999999999966, 30.390000000000136, 30.0, 0.0
2.2299999999999964, 30.410000000000135, 30.0, 0.0
2.239999999999996, 30.430000000000135, 30.0, 0.0
2.249999999999996, 30.450000000000134, 30.0, 0.0
2.259999999999996, 30.470000000000134, 30.0, 0.0
2.2699999999999956, 30.490000000000133, 30.0, 0.0
2.2799999999999954, 30.510000000000133, 30.0, 0.0
2.289999999999995, 30.530000000000133, 30.0, 0.0
2.299999999999995, 30.550000000000132, 30.0, 0.0
2.3099999999999947, 30.57000000000013, 30.0, 0.0
2.3199999999999945, 30.59000000000013, 30.0, 0.0
2.3299999999999943, 30.61000000000013, 30.0, 0.0
2.339999999999994, 30.63000000000013, 30.0, 0.0
2.349999999999994, 30.65000000000013, 30.0, 0.0
2.3599999999999937, 30.67000000000013, 30.0, 0.0
2.3699999999999934, 30.69000000000013, 30.0, 0.0
2.3799999999999932, 30.71000000000013, 30.0, 0.0
2.389999999999993, 30.73000000000013, 30.0, 0.0
2.399999999999993, 30.750000000000128, 30.0, 0.0
2.4099999999999926, 30.770000000000127, 30.0, 0.0
2.4199999999999924, 30.790000000000127, 30.0, 0.0
2.429999999999992, 30.810000000000127, 30.0, 0.0
2.439999999999992, 30.830000000000126, 30.0, 0.0
2.4499999999999917, 30.850000000000126, 30.0, 0.0
2.4599999999999915, 30.870000000000125, 30.0, 0.0
2.4699999999999913, 30.890000000000125, 30.0, 0.0
2.479999999999991, 30.910000000000124, 30.0, 0.0
2.489999999999991, 30.930000000000124, 30.0, 0.0
2.4999999999999907, 30.950000000000124, 30.0, 0.0
2.5099999999999905, 30.970000000000123, 30.0, 0.0
2.5199999999999902, 30.990000000000123, 30.0, 0.0
2.52999999999999, 31.010000000000122, 30.0, 0.0
2.53999999999999, 31.030000000000122, 30.0, 0.0
2.5499999999999896, 31.05000000000012, 30.0, 0.0
2.5599999999999894, 31.07000000000012, 30.0, 0.0
2.569999999999989, 31.09000000000012, 30.0, 0.0
2.579999999999989, 31.11000000000012, 30.0, 0.0
2.5899999999999888, 31.13000000000012, 30.0, 0.0
2.5999999999999885, 31.15000000000012, 30.0, 0.0
2.6099999999999883, 31.17000000000012, 30.0, 0.0
2.619999999999988, 31.19000000000012, 30.0, 0.0
2.629999999999988, 31.210000000000118, 30.0, 0.0
2.6399999999999877, 31.230000000000118, 30.0, 0.0
2.6499999999999875, 31.250000000000117, 30.0, 0.0
2.6599999999999873, 31.270000000000117, 30.0, 0.0
2.669999999999987, 31.290000000000116, 30.0, 0.0
2.679999999999987, 31.310000000000116, 30.0, 0.0
2.6899999999999866, 31.330000000000116, 30.0, 0.0
2.6999999999999864, 31.350000000000115, 30.0, 0.0
2.709999999999986, 31.370000000000115, 30.0, 0.0
2.719999999999986, 31.390000000000114, 30.0, 0.0
2.7299999999999858, 31.410000000000114, 30.0, 0.0
2.7399999999999856, 31.430000000000113, 30.0, 0.0
2.7499999999999853, 31.450000000000113, 30.0, 0.0
2.759999999999985, 31.470000000000113, 30.0, 0.0
2.769999999999985, 31.490000000000112, 30.0, 0.0
2.7799999999999847, 31.51000000000011, 30.0, 0.0
2.7899999999999845, 31.53000000000011, 30.0, 0.0
2.7999999999999843, 31.55000000000011, 30.0, 0.0
2.809999999999984, 31.57000000000011, 30.0, 0.0
2.819999999999984, 31.59000000000011, 30.0, 0.0
2.8299999999999836, 31.61000000000011, 30.0, 0.0
2.8399999999999834, 31.63000000000011, 30.0, 0.0
2.849999999999983, 31.65000000000011, 30.0, 0.0
2.859999999999983, 31.67000000000011, 30.0, 0.0
2.869999999999983, 31.690000000000108, 30.0, 0.0
2.8799999999999826, 31.710000000000107, 30.0, 0.0
2.8899999999999824, 31.730000000000107, 30.0, 0.0
2.899999999999982, 31.750000000000107, 30.0, 0.0
2.909999999999982, 31.770000000000106, 30.0, 0.0
2.9199999999999817, 31.790000000000106, 30.0, 0.0
2.9299999999999815, 31.810000000000105, 30.0, 0.0
2.9399999999999813, 31.830000000000105, 30.0, 0.0
2.949999999999981, 31.850000000000104, 30.0, 0.0
2.959999999999981, 31.870000000000104, 30.0, 0.0
2.9699999999999807, 31.890000000000104, 30.0, 0.0
2.9799999999999804, 31.910000000000103, 30.0, 0.0
2.9899999999999802, 31.930000000000103, 30.0, 0.0
2.99999999999998, 31.950000000000102, 30.0, 0.0
3.00999999999998, 31.970000000000102, 30.0, 0.0
3.0199999999999796, 31.9900000000001, 30.0, 0.0
3.0299999999999794, 32.010000000000105, 30.0, 0.0
3.039999999999979, 32.03000000000011, 30.0, 0.0
3.049999999999979, 32.05000000000011, 30.0, 0.0
3.0599999999999787, 32.070000000000114, 30.0, 0.0
3.0699999999999785, 32.09000000000012, 30.0, 0.0
3.0799999999999783, 32.11000000000012, 30.0, 0.0
3.089999999999978, 32.13000000000012, 30.0, 0.0
3.099999999999978, 32.12500000000012, 30.0, 0.0
3.1099999999999777, 32.12000000000012, 30.0, 0.0
3.1199999999999775, 32.115000000000116, 30.0, 0.0
3.1299999999999772, 32.11000000000011, 30.0, 0.0
3.139999999999977, 32.10500000000011, 30.0, 0.0
3.149999999999977, 32.10000000000011, 30.0, 0.0
3.1599999999999766, 32.095000000000105, 30.0, 0.0
3.1699999999999764, 32.0900000000001, 30.0, 0.0
3.179999999999976, 32.0850000000001, 30.0, 0.0
3.189999999999976, 32.1050000000001, 30.0, 0.0
3.1999999999999758, 32.1000000000001, 30.0, 0.0
3.2099999999999755, 32.0950000000001, 30.0, 0.0
3.2199999999999753, 32.090000000000096, 30.0, 0.0
3.229999999999975, 32.1100000000001, 30.0, 0.0
3.239999999999975, 32.105000000000096, 30.0, 0.0
3.2499999999999747, 32.100000000000094, 30.0, 0.0
3.2599999999999745, 32.09500000000009, 30.0, 0.0
3.2699999999999743, 32.09000000000009, 30.0, 0.0
3.279999999999974, 32.11000000000009, 30.0, 0.0
3.289999999999974, 32.10500000000009, 30.0, 0.0
3.2999999999999736, 32.10000000000009, 30.0, 0.0
3.3099999999999734, 32.095000000000084, 30.0, 0.0
3.319999999999973, 32.09000000000008, 30.0, 0.0
3.329999999999973, 32.110000000000085, 30.0, 0.0
3.3399999999999728, 32.10500000000008, 30.0, 0.0
3.3499999999999726, 32.10000000000008, 30.0, 0.0
3.3599999999999723, 32.09500000000008, 30.0, 0.0
3.369999999999972, 32.090000000000074, 30.0, 0.0
3.379999999999972, 32.11000000000008, 30.0, 0.0
3.3899999999999717, 32.105000000000075, 30.0, 0.0
3.3999999999999715, 32.10000000000007, 30.0, 0.0
3.4099999999999713, 32.09500000000007, 30.0, 0.0
3.419999999999971, 32.09000000000007, 30.0, 0.0
3.429999999999971, 32.11000000000007, 30.0, 0.0
3.4399999999999706, 32.10500000000007, 30.0, 0.0
3.4499999999999704, 32.100000000000065, 30.0, 0.0
3.45999999999997, 32.09500000000006, 30.0, 0.0
3.46999999999997, 32.09000000000006, 30.0, 0.0
3.47999999999997, 32.11000000000006, 30.0, 0.0
3.4899999999999696, 32.10500000000006, 30.0, 0.0
3.4999999999999694, 32.10000000000006, 30.0, 0.0
3.509999999999969, 32.095000000000056, 30.0, 0.0
3.519999999999969, 32.09000000000005, 30.0, 0.0
3.5299999999999687, 32.110000000000056, 30.0, 0.0
3.5399999999999685, 32.105000000000054, 30.0, 0.0
3.5499999999999683, 32.10000000000005, 30.0, 0.0
3.559999999999968, 32.09500000000005, 30.0, 0.0
3.569999999999968, 32.11500000000005, 30.0, 0.0
3.5799999999999677, 32.11000000000005, 30.0, 0.0
3.5899999999999674, 32.10500000000005, 30.0, 0.0
3.5999999999999672, 32.100000000000044, 30.0, 0.0
3.609999999999967, 32.09500000000004, 30.0, 0.0
3.619999999999967, 32.09000000000004, 30.0, 0.0
3.6299999999999666, 32.11000000000004, 30.0, 0.0
3.6399999999999664, 32.10500000000004, 30.0, 0.0
3.649999999999966, 32.10000000000004, 30.0, 0.0
3.659999999999966, 32.095000000000034, 30.0, 0.0
3.6699999999999657, 32.11500000000004, 30.0, 0.0
3.6799999999999655, 32.110000000000035, 30.0, 0.0
3.6899999999999653, 32.10500000000003, 30.0, 0.0
3.699999999999965, 32.10000000000003, 30.0, 0.0
3.709999999999965, 32.09500000000003, 30.0, 0.0
3.7199999999999647, 32.11500000000003, 30.0, 0.0
3.7299999999999645, 32.11000000000003, 30.0, 0.0
3.7399999999999642, 32.105000000000025, 30.0, 0.0
3.749999999999964, 32.10000000000002, 30.0, 0.0
3.759999999999964, 32.09500000000002, 30.0, 0.0
3.7699999999999636, 32.11500000000002, 30.0, 0.0
3.7799999999999634, 32.11000000000002, 30.0, 0.0
3.789999999999963, 32.10500000000002, 30.0, 0.0
3.799999999999963, 32.100000000000016, 30.0, 0.0
3.8099999999999627, 32.09500000000001, 30.0, 0.0
3.8199999999999625, 32.115000000000016, 30.0, 0.0
3.8299999999999623, 32.110000000000014, 30.0, 0.0
3.839999999999962, 32.10500000000001, 30.0, 0.0
3.849999999999962, 32.10000000000001, 30.0, 0.0
3.8599999999999617, 32.095000000000006, 30.0, 0.0
3.8699999999999615, 32.11500000000001, 30.0, 0.0
3.8799999999999613, 32.11000000000001, 30.0, 0.0
3.889999999999961, 32.105000000000004, 30.0, 0.0
3.899999999999961, 32.1, 30.0, 0.0
3.9099999999999606, 32.095, 30.0, 0.0
3.9199999999999604, 32.115, 30.0, 0.0
3.92999999999996, 32.11, 30.0, 0.0
3.93999999999996, 32.105, 30.0, 0.0
3.9499999999999598, 32.099999999999994, 30.0, 0.0
3.9599999999999596, 32.09499999999999, 30.0, 0.0
3.9699999999999593, 32.114999999999995, 30.0, 0.0
3.979999999999959, 32.10999999999999, 30.0, 0.0
3.989999999999959, 32.10499999999999, 30.0, 0.0
3.9999999999999587, 32.09999999999999, 30.0, 0.0
4.009999999999959, 32.094999999999985, 30.0, 0.0
4.019999999999959, 32.11499999999999, 30.0, 0.0
4.0299999999999585, 32.109999999999985, 30.0, 0.0
4.039999999999958, 32.10499999999998, 30.0, 0.0
4.049999999999958, 32.09999999999998, 30.0, 0.0
4.059999999999958, 32.11999999999998, 30.0, 0.0
4.069999999999958, 32.11499999999998, 30.0, 0.0
4.079999999999957, 32.10999999999998, 30.0, 0.0
4.089999999999957, 32.104999999999976, 30.0, 0.0
4.099999999999957, 32.12499999999998, 30.0, 0.0
4.109999999999957, 32.14499999999998, 30.0, 0.0
4.119999999999957, 32.164999999999985, 30.0, 0.0
4.129999999999956, 32.18499999999999, 30.0, 0.0
4.139999999999956, 32.20499999999999, 30.0, 0.0
4.149999999999956, 32.224999999999994, 30.0, 0.0
4.159999999999956, 32.245, 30.0, 0.0
4.1699999999999555, 32.265, 30.0, 0.0
4.179999999999955, 32.285000000000004, 30.0, 0.0
4.189999999999955, 32.30500000000001, 30.0, 0.0
4.199999999999955, 32.32500000000001, 30.0, 0.0
4.209999999999955, 32.34500000000001, 30.0, 0.0
4.2199999999999545, 32.365000000000016, 30.0, 0.0
4.229999999999954, 32.38500000000002, 30.0, 0.0
4.239999999999954, 32.40500000000002, 30.0, 0.0
4.249999999999954, 32.425000000000026, 30.0, 0.0
4.259999999999954, 32.44500000000003, 30.0, 0.0
4.269999999999953, 32.46500000000003, 30.0, 0.0
4.279999999999953, 32.485000000000035, 30.0, 0.0
4.289999999999953, 32.50500000000004, 30.0, 0.0
4.299999999999953, 32.52500000000004, 30.0, 0.0
4.3099999999999525, 32.545000000000044, 30.0, 0.0
4.319999999999952, 32.56500000000005, 30.0, 0.0
4.329999999999952, 32.58500000000005, 30.0, 0.0
4.339999999999952, 32.605000000000054, 30.0, 0.0
4.349999999999952, 32.62500000000006, 30.0, 0.0
4.3599999999999515, 32.64500000000006, 30.0, 0.0
4.369999999999951, 32.66500000000006, 30.0, 0.0
4.379999999999951, 32.685000000000066, 30.0, 0.0
4.389999999999951, 32.70500000000007, 30.0, 0.0
4.399999999999951, 32.72500000000007, 30.0, 0.0
4.40999999999995, 32.745000000000076, 30.0, 0.0
4.41999999999995, 32.76500000000008, 30.0, 0.0
4.42999999999995, 32.78500000000008, 30.0, 0.0
4.43999999999995, 32.805000000000085, 30.0, 0.0
4.4499999999999496, 32.82500000000009, 30.0, 0.0
4.459999999999949, 32.84500000000009, 30.0, 0.0
4.469999999999949, 32.865000000000094, 30.0, 0.0
4.479999999999949, 32.8850000000001, 30.0, 0.0
4.489999999999949, 32.9050000000001, 30.0, 0.0
4.4999999999999485, 32.925000000000104, 30.0, 0.0
4.509999999999948, 32.94500000000011, 30.0, 0.0
4.519999999999948, 32.96500000000011, 30.0, 0.0
4.529999999999948, 32.98500000000011, 30.0, 0.0
4.539999999999948, 33.005000000000116, 30.0, 0.0
4.549999999999947, 33.02500000000012, 30.0, 0.0
4.559999999999947, 33.04500000000012, 30.0, 0.0
4.569999999999947, 33.065000000000126, 30.0, 0.0
4.579999999999947, 33.08500000000013, 30.0, 0.0
4.589999999999947, 33.10500000000013, 30.0, 0.0
4.599999999999946, 33.125000000000135, 30.0, 0.0
4.609999999999946, 33.14500000000014, 30.0, 0.0
4.619999999999946, 33.16500000000014, 30.0, 0.0
4.629999999999946, 33.185000000000144, 30.0, 0.0
4.6399999999999455, 33.20500000000015, 30.0, 0.0
4.649999999999945, 33.22500000000015, 30.0, 0.0
4.659999999999945, 33.245000000000154, 30.0, 0.0
4.669999999999945, 33.26500000000016, 30.0, 0.0
4.679999999999945, 33.28500000000016, 30.0, 0.0
4.689999999999944, 33.30500000000016, 30.0, 0.0
4.699999999999944, 33.325000000000166, 30.0, 0.0
4.709999999999944, 33.34500000000017, 30.0, 0.0
4.719999999999944, 33.36500000000017, 30.0, 0.0
4.729999999999944, 33.385000000000176, 30.0, 0.0
4.739999999999943, 33.40500000000018, 30.0, 0.0
4.749999999999943, 33.42500000000018, 30.0, 0.0
4.759999999999943, 33.445000000000185, 30.0, 0.0
4.769999999999943, 33.46500000000019, 30.0, 0.0
4.7799999999999425, 33.48500000000019, 30.0, 0.0
4.789999999999942, 33.505000000000194, 30.0, 0.0
4.799999999999942, 33.5250000000002, 30.0, 0.0
4.809999999999942, 33.5450000000002, 30.0, 0.0
4.819999999999942, 33.565000000000204, 30.0, 0.0
4.8299999999999415, 33.58500000000021, 30.0, 0.0
4.839999999999941, 33.60500000000021, 30.0, 0.0
4.849999999999941, 33.62500000000021, 30.0, 0.0
4.859999999999941, 33.645000000000216, 30.0, 0.0
4.869999999999941, 33.66500000000022, 30.0, 0.0
4.87999999999994, 33.68500000000022, 30.0, 0.0
4.88999999999994, 33.705000000000226, 30.0, 0.0
4.89999999999994, 33.72500000000023, 30.0, 0.0
4.90999999999994, 33.74500000000023, 30.0, 0.0
4.9199999999999395, 33.765000000000235, 30.0, 0.0
4.929999999999939, 33.78500000000024, 30.0, 0.0
4.939999999999939, 33.80500000000024, 30.0, 0.0
4.949999999999939, 33.825000000000244, 30.0, 0.0
4.959999999999939, 33.84500000000025, 30.0, 0.0
4.9699999999999385, 33.86500000000025, 30.0, 0.0
4.979999999999938, 33.885000000000254, 30.0, 0.0
4.989999999999938, 33.90500000000026, 30.0, 0.0
4.999999999999938, 33.92500000000026, 30.0, 0.0
5.009999999999938, 33.94500000000026, 30.0, 0.0
5.019999999999937, 33.965000000000266, 30.0, 0.0
5.029999999999937, 33.98500000000027, 30.0, 0.0
5.039999999999937, 34.00500000000027, 30.0, 0.0
5.049999999999937, 34.025000000000276, 30.0, 0.0
5.0599999999999365, 34.04500000000028, 30.0, 0.0
5.069999999999936, 34.06500000000028, 30.0, 0.0
5.079999999999936, 34.085000000000285, 30.0, 0.0
5.089999999999936, 34.08000000000028, 30.0, 0.0
5.099999999999936, 34.100000000000286, 30.0, 0.0
5.1099999999999355, 34.12000000000029, 30.0, 0.0
5.119999999999935, 34.14000000000029, 30.0, 0.0
5.129999999999935, 34.13500000000029, 30.0, 0.0
5.139999999999935, 34.13000000000029, 30.0, 0.0
5.149999999999935, 34.125000000000284, 30.0, 0.0
5.159999999999934, 34.12000000000028, 30.0, 0.0
5.169999999999934, 34.140000000000285, 30.0, 0.0
5.179999999999934, 34.13500000000028, 30.0, 0.0
5.189999999999934, 34.13000000000028, 30.0, 0.0
5.199999999999934, 34.12500000000028, 30.0, 0.0
5.209999999999933, 34.120000000000275, 30.0, 0.0
5.219999999999933, 34.14000000000028, 30.0, 0.0
5.229999999999933, 34.135000000000275, 30.0, 0.0
5.239999999999933, 34.13000000000027, 30.0, 0.0
5.2499999999999325, 34.12500000000027, 30.0, 0.0
5.259999999999932, 34.12000000000027, 30.0, 0.0
5.269999999999932, 34.14000000000027, 30.0, 0.0
5.279999999999932, 34.13500000000027, 30.0, 0.0
5.289999999999932, 34.130000000000265, 30.0, 0.0
5.299999999999931, 34.12500000000026, 30.0, 0.0
5.309999999999931, 34.12000000000026, 30.0, 0.0
5.319999999999931, 34.14000000000026, 30.0, 0.0
5.329999999999931, 34.13500000000026, 30.0, 0.0
5.339999999999931, 34.13000000000026, 30.0, 0.0
5.34999999999993, 34.125000000000256, 30.0, 0.0
5.35999999999993, 34.12000000000025, 30.0, 0.0
5.36999999999993, 34.140000000000256, 30.0, 0.0
5.37999999999993, 34.135000000000254, 30.0, 0.0
5.3899999999999295, 34.13000000000025, 30.0, 0.0
5.399999999999929, 34.12500000000025, 30.0, 0.0
5.409999999999929, 34.120000000000246, 30.0, 0.0
5.419999999999929, 34.14000000000025, 30.0, 0.0
5.429999999999929, 34.13500000000025, 30.0, 0.0
5.4399999999999284, 34.130000000000244, 30.0, 0.0
5.449999999999928, 34.12500000000024, 30.0, 0.0
5.459999999999928, 34.12000000000024, 30.0, 0.0
5.469999999999928, 34.14000000000024, 30.0, 0.0
5.479999999999928, 34.13500000000024, 30.0, 0.0
5.489999999999927, 34.13000000000024, 30.0, 0.0
5.499999999999927, 34.125000000000234, 30.0, 0.0
5.509999999999927, 34.12000000000023, 30.0, 0.0
5.519999999999927, 34.140000000000235, 30.0, 0.0
5.5299999999999265, 34.13500000000023, 30.0, 0.0
5.539999999999926, 34.13000000000023, 30.0, 0.0
5.549999999999926, 34.12500000000023, 30.0, 0.0
5.559999999999926, 34.14500000000023, 30.0, 0.0
5.569999999999926, 34.14000000000023, 30.0, 0.0
5.5799999999999255, 34.135000000000225, 30.0, 0.0
5.589999999999925, 34.13000000000022, 30.0, 0.0
5.599999999999925, 34.12500000000022, 30.0, 0.0
5.609999999999925, 34.14500000000022, 30.0, 0.0
5.619999999999925, 34.14000000000022, 30.0, 0.0
5.629999999999924, 34.13500000000022, 30.0, 0.0
5.639999999999924, 34.130000000000216, 30.0, 0.0
5.649999999999924, 34.12500000000021, 30.0, 0.0
5.659999999999924, 34.145000000000216, 30.0, 0.0
5.6699999999999235, 34.140000000000214, 30.0, 0.0
5.679999999999923, 34.13500000000021, 30.0, 0.0
5.689999999999923, 34.13000000000021, 30.0, 0.0
5.699999999999923, 34.125000000000206, 30.0, 0.0
5.709999999999923, 34.14500000000021, 30.0, 0.0
5.7199999999999225, 34.14000000000021, 30.0, 0.0
5.729999999999922, 34.135000000000204, 30.0, 0.0
5.739999999999922, 34.1300000000002, 30.0, 0.0
5.749999999999922, 34.1250000000002, 30.0, 0.0
5.759999999999922, 34.1450000000002, 30.0, 0.0
5.769999999999921, 34.1400000000002, 30.0, 0.0
5.779999999999921, 34.1350000000002, 30.0, 0.0
5.789999999999921, 34.130000000000194, 30.0, 0.0
5.799999999999921, 34.12500000000019, 30.0, 0.0
5.809999999999921, 34.145000000000195, 30.0, 0.0
5.81999999999992, 34.14000000000019, 30.0, 0.0
5.82999999999992, 34.13500000000019, 30.0, 0.0
5.83999999999992, 34.13000000000019, 30.0, 0.0
5.84999999999992, 34.125000000000185, 30.0, 0.0
5.8599999999999195, 34.14500000000019, 30.0, 0.0
5.869999999999919, 34.140000000000185, 30.0, 0.0
5.879999999999919, 34.13500000000018, 30.0, 0.0
5.889999999999919, 34.13000000000018, 30.0, 0.0
5.899999999999919, 34.12500000000018, 30.0, 0.0
5.909999999999918, 34.14500000000018, 30.0, 0.0
5.919999999999918, 34.14000000000018, 30.0, 0.0
5.929999999999918, 34.135000000000176, 30.0, 0.0
5.939999999999918, 34.13000000000017, 30.0, 0.0
5.949999999999918, 34.12500000000017, 30.0, 0.0
5.959999999999917, 34.145000000000174, 30.0, 0.0
5.969999999999917, 34.14000000000017, 30.0, 0.0
5.979999999999917, 34.13500000000017, 30.0, 0.0
5.989999999999917, 34.130000000000166, 30.0, 0.0
5.9999999999999165, 34.12500000000016, 30.0, 0.0
6.009999999999916, 34.14500000000017, 30.0, 0.0
6.019999999999916, 34.140000000000164, 30.0, 0.0
6.029999999999916, 34.13500000000016, 30.0, 0.0
6.039999999999916, 34.13000000000016, 30.0, 0.0
6.0499999999999154, 34.125000000000156, 30.0, 0.0
6.059999999999915, 34.14500000000016, 30.0, 0.0
6.069999999999915, 34.14000000000016, 30.0, 0.0
6.079999999999915, 34.135000000000154, 30.0, 0.0
6.089999999999915, 34.13000000000015, 30.0, 0.0
6.099999999999914, 34.150000000000155, 30.0, 0.0
6.109999999999914, 34.14500000000015, 30.0, 0.0
6.119999999999914, 34.14000000000015, 30.0, 0.0
6.129999999999914, 34.16000000000015, 30.0, 0.0
6.1399999999999135, 34.180000000000156, 30.0, 0.0
6.149999999999913, 34.20000000000016, 30.0, 0.0
6.159999999999913, 34.22000000000016, 30.0, 0.0
6.169999999999913, 34.240000000000165, 30.0, 0.0
6.179999999999913, 34.26000000000017, 30.0, 0.0
6.1899999999999125, 34.28000000000017, 30.0, 0.0
6.199999999999912, 34.300000000000175, 30.0, 0.0
6.209999999999912, 34.32000000000018, 30.0, 0.0
6.219999999999912, 34.34000000000018, 30.0, 0.0
6.229999999999912, 34.360000000000184, 30.0, 0.0
6.239999999999911, 34.38000000000019, 30.0, 0.0
6.249999999999911, 34.40000000000019, 30.0, 0.0
6.259999999999911, 34.42000000000019, 30.0, 0.0
6.269999999999911, 34.4400000000002, 30.0, 0.0
6.2799999999999105, 34.4600000000002, 30.0, 0.0
6.28999999999991, 34.4800000000002, 30.0, 0.0
6.29999999999991, 34.500000000000206, 30.0, 0.0
6.30999999999991, 34.52000000000021, 30.0, 0.0
6.31999999999991, 34.54000000000021, 30.0, 0.0
6.3299999999999095, 34.560000000000215, 30.0, 0.0
6.339999999999909, 34.58000000000022, 30.0, 0.0
6.349999999999909, 34.60000000000022, 30.0, 0.0
6.359999999999909, 34.620000000000225, 30.0, 0.0
6.369999999999909, 34.64000000000023, 30.0, 0.0
6.379999999999908, 34.635000000000225, 30.0, 0.0
6.389999999999908, 34.65500000000023, 30.0, 0.0
6.399999999999908, 34.67500000000023, 30.0, 0.0
6.409999999999908, 34.695000000000235, 30.0, 0.0
6.419999999999908, 34.71500000000024, 30.0, 0.0
6.429999999999907, 34.73500000000024, 30.0, 0.0
6.439999999999907, 34.755000000000244, 30.0, 0.0
6.449999999999907, 34.77500000000025, 30.0, 0.0
6.459999999999907, 34.79500000000025, 30.0, 0.0
6.4699999999999065, 34.81500000000025, 30.0, 0.0
6.479999999999906, 34.83500000000026, 30.0, 0.0
6.489999999999906, 34.85500000000026, 30.0, 0.0
6.499999999999906, 34.87500000000026, 30.0, 0.0
6.509999999999906, 34.895000000000266, 30.0, 0.0
6.519999999999905, 34.91500000000027, 30.0, 0.0
6.529999999999905, 34.93500000000027, 30.0, 0.0
6.539999999999905, 34.955000000000275, 30.0, 0.0
6.549999999999905, 34.97500000000028, 30.0, 0.0
6.559999999999905, 34.99500000000028, 30.0, 0.0
6.569999999999904, 35.015000000000285, 30.0, 0.0
6.579999999999904, 35.03500000000029, 30.0, 0.0
6.589999999999904, 35.05500000000029, 30.0, 0.0
6.599999999999904, 35.075000000000294, 30.0, 0.0
6.6099999999999035, 35.0950000000003, 30.0, 0.0
6.619999999999903, 35.1150000000003, 30.0, 0.0
6.629999999999903, 35.1350000000003, 30.0, 0.0
6.639999999999903, 35.15500000000031, 30.0, 0.0
6.649999999999903, 35.17500000000031, 30.0, 0.0
6.659999999999902, 35.19500000000031, 30.0, 0.0
6.669999999999902, 35.215000000000316, 30.0, 0.0
6.679999999999902, 35.23500000000032, 30.0, 0.0
6.689999999999902, 35.25500000000032, 30.0, 0.0
6.699999999999902, 35.275000000000325, 30.0, 0.0
6.709999999999901, 35.29500000000033, 30.0, 0.0
6.719999999999901, 35.31500000000033, 30.0, 0.0
6.729999999999901, 35.335000000000335, 30.0, 0.0
6.739999999999901, 35.35500000000034, 30.0, 0.0
6.7499999999999005, 35.37500000000034, 30.0, 0.0
6.7599999999999, 35.395000000000344, 30.0, 0.0
6.7699999999999, 35.41500000000035, 30.0, 0.0
6.7799999999999, 35.43500000000035, 30.0, 0.0
6.7899999999999, 35.455000000000354, 30.0, 0.0
6.7999999999998995, 35.47500000000036, 30.0, 0.0
6.809999999999899, 35.49500000000036, 30.0, 0.0
6.819999999999899, 35.51500000000036, 30.0, 0.0
6.829999999999899, 35.535000000000366, 30.0, 0.0
6.839999999999899, 35.55500000000037, 30.0, 0.0
6.849999999999898, 35.57500000000037, 30.0, 0.0
6.859999999999898, 35.595000000000375, 30.0, 0.0
6.869999999999898, 35.61500000000038, 30.0, 0.0
6.879999999999898, 35.63500000000038, 30.0, 0.0
6.8899999999998975, 35.655000000000385, 30.0, 0.0
6.899999999999897, 35.67500000000039, 30.0, 0.0
6.909999999999897, 35.69500000000039, 30.0, 0.0
6.919999999999897, 35.715000000000394, 30.0, 0.0
6.929999999999897, 35.7350000000004, 30.0, 0.0
6.9399999999998965, 35.7550000000004, 30.0, 0.0
6.949999999999896, 35.775000000000404, 30.0, 0.0
6.959999999999896, 35.79500000000041, 30.0, 0.0
6.969999999999896, 35.81500000000041, 30.0, 0.0
6.979999999999896, 35.83500000000041, 30.0, 0.0
6.989999999999895, 35.855000000000416, 30.0, 0.0
6.999999999999895, 35.87500000000042, 30.0, 0.0
7.009999999999895, 35.89500000000042, 30.0, 0.0
7.019999999999895, 35.915000000000425, 30.0, 0.0
7.0299999999998946, 35.93500000000043, 30.0, 0.0
7.039999999999894, 35.95500000000043, 30.0, 0.0
7.049999999999894, 35.975000000000435, 30.0, 0.0
7.059999999999894, 35.99500000000044, 30.0, 0.0
7.069999999999894, 36.01500000000044, 30.0, 0.0
7.0799999999998935, 36.035000000000444, 30.0, 0.0
7.089999999999893, 36.05500000000045, 30.0, 0.0
7.099999999999893, 36.07500000000045, 30.0, 0.0
7.109999999999893, 36.095000000000454, 30.0, 0.0
7.119999999999893, 36.11500000000046, 30.0, 0.0
7.129999999999892, 36.13500000000046, 30.0, 0.0
7.139999999999892, 36.15500000000046, 30.0, 0.0
7.149999999999892, 36.175000000000466, 30.0, 0.0
7.159999999999892, 36.170000000000464, 30.0, 0.0
7.169999999999892, 36.16500000000046, 30.0, 0.0
7.179999999999891, 36.16000000000046, 30.0, 0.0
7.189999999999891, 36.155000000000456, 30.0, 0.0
7.199999999999891, 36.15000000000045, 30.0, 0.0
7.209999999999891, 36.17000000000046, 30.0, 0.0
7.2199999999998905, 36.165000000000454, 30.0, 0.0
7.22999999999989, 36.16000000000045, 30.0, 0.0
7.23999999999989, 36.15500000000045, 30.0, 0.0
7.24999999999989, 36.150000000000446, 30.0, 0.0
7.25999999999989, 36.17000000000045, 30.0, 0.0
7.269999999999889, 36.19000000000045, 30.0, 0.0
7.279999999999889, 36.18500000000045, 30.0, 0.0
7.289999999999889, 36.18000000000045, 30.0, 0.0
7.299999999999889, 36.175000000000445, 30.0, 0.0
7.309999999999889, 36.17000000000044, 30.0, 0.0
7.319999999999888, 36.16500000000044, 30.0, 0.0
7.329999999999888, 36.16000000000044, 30.0, 0.0
7.339999999999888, 36.155000000000435, 30.0, 0.0
7.349999999999888, 36.15000000000043, 30.0, 0.0
7.3599999999998875, 36.170000000000435, 30.0, 0.0
7.369999999999887, 36.16500000000043, 30.0, 0.0
7.379999999999887, 36.16000000000043, 30.0, 0.0
7.389999999999887, 36.15500000000043, 30.0, 0.0
7.399999999999887, 36.150000000000425, 30.0, 0.0
7.4099999999998865, 36.17000000000043, 30.0, 0.0
7.419999999999886, 36.165000000000425, 30.0, 0.0
7.429999999999886, 36.16000000000042, 30.0, 0.0
7.439999999999886, 36.15500000000042, 30.0, 0.0
7.449999999999886, 36.15000000000042, 30.0, 0.0
7.459999999999885, 36.17000000000042, 30.0, 0.0
7.469999999999885, 36.16500000000042, 30.0, 0.0
7.479999999999885, 36.160000000000416, 30.0, 0.0
7.489999999999885, 36.15500000000041, 30.0, 0.0
7.4999999999998845, 36.15000000000041, 30.0, 0.0
7.509999999999884, 36.170000000000414, 30.0, 0.0
7.519999999999884, 36.19000000000042, 30.0, 0.0
7.529999999999884, 36.185000000000414, 30.0, 0.0
7.539999999999884, 36.18000000000041, 30.0, 0.0
7.5499999999998835, 36.17500000000041, 30.0, 0.0
7.559999999999883, 36.17000000000041, 30.0, 0.0
7.569999999999883, 36.165000000000404, 30.0, 0.0
7.579999999999883, 36.1600000000004, 30.0, 0.0
7.589999999999883, 36.1550000000004, 30.0, 0.0
7.599999999999882, 36.1750000000004, 30.0, 0.0
7.609999999999882, 36.1700000000004, 30.0, 0.0
7.619999999999882, 36.1650000000004, 30.0, 0.0
7.629999999999882, 36.160000000000394, 30.0, 0.0
7.6399999999998816, 36.15500000000039, 30.0, 0.0
7.649999999999881, 36.15000000000039, 30.0, 0.0
7.659999999999881, 36.17000000000039, 30.0, 0.0
7.669999999999881, 36.16500000000039, 30.0, 0.0
7.679999999999881, 36.16000000000039, 30.0, 0.0
7.6899999999998805, 36.155000000000385, 30.0, 0.0
7.69999999999988, 36.15000000000038, 30.0, 0.0
7.70999999999988, 36.170000000000385, 30.0, 0.0
7.71999999999988, 36.16500000000038, 30.0, 0.0
7.72999999999988, 36.16000000000038, 30.0, 0.0
7.739999999999879, 36.15500000000038, 30.0, 0.0
7.749999999999879, 36.150000000000375, 30.0, 0.0
7.759999999999879, 36.17000000000038, 30.0, 0.0
7.769999999999879, 36.165000000000376, 30.0, 0.0
7.779999999999879, 36.16000000000037, 30.0, 0.0
7.789999999999878, 36.15500000000037, 30.0, 0.0
7.799999999999878, 36.175000000000374, 30.0, 0.0
7.809999999999878, 36.17000000000037, 30.0, 0.0
7.819999999999878, 36.16500000000037, 30.0, 0.0
7.8299999999998775, 36.160000000000366, 30.0, 0.0
7.839999999999877, 36.15500000000036, 30.0, 0.0
7.849999999999877, 36.17500000000037, 30.0, 0.0
7.859999999999877, 36.170000000000364, 30.0, 0.0
7.869999999999877, 36.16500000000036, 30.0, 0.0
7.879999999999876, 36.16000000000036, 30.0, 0.0
7.889999999999876, 36.155000000000356, 30.0, 0.0
7.899999999999876, 36.17500000000036, 30.0, 0.0
7.909999999999876, 36.17000000000036, 30.0, 0.0
7.919999999999876, 36.165000000000354, 30.0, 0.0
7.929999999999875, 36.16000000000035, 30.0, 0.0
7.939999999999875, 36.15500000000035, 30.0, 0.0
7.949999999999875, 36.17500000000035, 30.0, 0.0
7.959999999999875, 36.17000000000035, 30.0, 0.0
7.9699999999998745, 36.16500000000035, 30.0, 0.0
7.979999999999874, 36.160000000000345, 30.0, 0.0
7.989999999999874, 36.15500000000034, 30.0, 0.0
7.999999999999874, 36.175000000000345, 30.0, 0.0
8.009999999999874, 36.17000000000034, 30.0, 0.0
8.019999999999873, 36.16500000000034, 30.0, 0.0
8.029999999999873, 36.16000000000034, 30.0, 0.0
8.039999999999873, 36.155000000000335, 30.0, 0.0
8.049999999999873, 36.17500000000034, 30.0, 0.0
8.059999999999873, 36.170000000000336, 30.0, 0.0
8.069999999999872, 36.16500000000033, 30.0, 0.0
8.079999999999872, 36.16000000000033, 30.0, 0.0
8.089999999999872, 36.180000000000334, 30.0, 0.0
8.099999999999872, 36.17500000000033, 30.0, 0.0
8.109999999999872, 36.17000000000033, 30.0, 0.0
8.119999999999871, 36.165000000000326, 30.0, 0.0
8.129999999999871, 36.16000000000032, 30.0, 0.0
8.139999999999871, 36.18000000000033, 30.0, 0.0
8.14999999999987, 36.20000000000033, 30.0, 0.0
8.15999999999987, 36.22000000000033, 30.0, 0.0
8.16999999999987, 36.240000000000336, 30.0, 0.0
8.17999999999987, 36.26000000000034, 30.0, 0.0
8.18999999999987, 36.28000000000034, 30.0, 0.0
8.19999999999987, 36.300000000000345, 30.0, 0.0
8.20999999999987, 36.32000000000035, 30.0, 0.0
8.21999999999987, 36.34000000000035, 30.0, 0.0
8.229999999999869, 36.360000000000355, 30.0, 0.0
8.239999999999869, 36.38000000000036, 30.0, 0.0
8.249999999999869, 36.40000000000036, 30.0, 0.0
8.259999999999868, 36.420000000000364, 30.0, 0.0
8.269999999999868, 36.44000000000037, 30.0, 0.0
8.279999999999868, 36.46000000000037, 30.0, 0.0
8.289999999999868, 36.48000000000037, 30.0, 0.0
8.299999999999867, 36.50000000000038, 30.0, 0.0
8.309999999999867, 36.52000000000038, 30.0, 0.0
8.319999999999867, 36.54000000000038, 30.0, 0.0
8.329999999999867, 36.560000000000386, 30.0, 0.0
8.339999999999867, 36.58000000000039, 30.0, 0.0
8.349999999999866, 36.60000000000039, 30.0, 0.0
8.359999999999866, 36.620000000000395, 30.0, 0.0
8.369999999999866, 36.6400000000004, 30.0, 0.0
8.379999999999866, 36.6600000000004, 30.0, 0.0
8.389999999999866, 36.680000000000405, 30.0, 0.0
8.399999999999865, 36.70000000000041, 30.0, 0.0
8.409999999999865, 36.72000000000041, 30.0, 0.0
8.419999999999865, 36.740000000000414, 30.0, 0.0
8.429999999999865, 36.76000000000042, 30.0, 0.0
8.439999999999864, 36.78000000000042, 30.0, 0.0
8.449999999999864, 36.80000000000042, 30.0, 0.0
8.459999999999864, 36.82000000000043, 30.0, 0.0
8.469999999999864, 36.84000000000043, 30.0, 0.0
8.479999999999864, 36.86000000000043, 30.0, 0.0
8.489999999999863, 36.880000000000436, 30.0, 0.0
8.499999999999863, 36.90000000000044, 30.0, 0.0
8.509999999999863, 36.92000000000044, 30.0, 0.0
8.519999999999863, 36.940000000000445, 30.0, 0.0
8.529999999999863, 36.96000000000045, 30.0, 0.0
8.539999999999862, 36.98000000000045, 30.0, 0.0
8.549999999999862, 37.000000000000455, 30.0, 0.0
8.559999999999862, 37.02000000000046, 30.0, 0.0
8.569999999999862, 37.04000000000046, 30.0, 0.0
8.579999999999862, 37.060000000000464, 30.0, 0.0
8.589999999999861, 37.08000000000047, 30.0, 0.0
8.599999999999861, 37.10000000000047, 30.0, 0.0
8.60999999999986, 37.12000000000047, 30.0, 0.0
8.61999999999986, 37.14000000000048, 30.0, 0.0
8.62999999999986, 37.16000000000048, 30.0, 0.0
8.63999999999986, 37.18000000000048, 30.0, 0.0
8.64999999999986, 37.200000000000486, 30.0, 0.0
8.65999999999986, 37.22000000000049, 30.0, 0.0
8.66999999999986, 37.24000000000049, 30.0, 0.0
8.67999999999986, 37.260000000000495, 30.0, 0.0
8.68999999999986, 37.2800000000005, 30.0, 0.0
8.699999999999859, 37.3000000000005, 30.0, 0.0
8.709999999999859, 37.320000000000505, 30.0, 0.0
8.719999999999859, 37.34000000000051, 30.0, 0.0
8.729999999999858, 37.36000000000051, 30.0, 0.0
8.739999999999858, 37.380000000000514, 30.0, 0.0
8.749999999999858, 37.40000000000052, 30.0, 0.0
8.759999999999858, 37.42000000000052, 30.0, 0.0
8.769999999999857, 37.44000000000052, 30.0, 0.0
8.779999999999857, 37.46000000000053, 30.0, 0.0
8.789999999999857, 37.48000000000053, 30.0, 0.0
8.799999999999857, 37.50000000000053, 30.0, 0.0
8.809999999999857, 37.520000000000536, 30.0, 0.0
8.819999999999856, 37.54000000000054, 30.0, 0.0
8.829999999999856, 37.56000000000054, 30.0, 0.0
8.839999999999856, 37.580000000000545, 30.0, 0.0
8.849999999999856, 37.60000000000055, 30.0, 0.0
8.859999999999856, 37.62000000000055, 30.0, 0.0
8.869999999999855, 37.640000000000555, 30.0, 0.0
8.879999999999855, 37.66000000000056, 30.0, 0.0
8.889999999999855, 37.68000000000056, 30.0, 0.0
8.899999999999855, 37.700000000000564, 30.0, 0.0
8.909999999999854, 37.72000000000057, 30.0, 0.0
8.919999999999854, 37.74000000000057, 30.0, 0.0
8.929999999999854, 37.76000000000057, 30.0, 0.0
8.939999999999854, 37.78000000000058, 30.0, 0.0
8.949999999999854, 37.80000000000058, 30.0, 0.0
8.959999999999853, 37.82000000000058, 30.0, 0.0
8.969999999999853, 37.840000000000586, 30.0, 0.0
8.979999999999853, 37.86000000000059, 30.0, 0.0
8.989999999999853, 37.88000000000059, 30.0, 0.0
8.999999999999853, 37.900000000000595, 30.0, 0.0
9.009999999999852, 37.9200000000006, 30.0, 0.0
9.019999999999852, 37.9400000000006, 30.0, 0.0
9.029999999999852, 37.960000000000605, 30.0, 0.0
9.039999999999852, 37.98000000000061, 30.0, 0.0
9.049999999999851, 38.00000000000061, 30.0, 0.0
9.059999999999851, 38.020000000000614, 30.0, 0.0
9.069999999999851, 38.04000000000062, 30.0, 0.0
9.07999999999985, 38.06000000000062, 30.0, 0.0
9.08999999999985, 38.080000000000624, 30.0, 0.0
9.09999999999985, 38.10000000000063, 30.0, 0.0
9.10999999999985, 38.12000000000063, 30.0, 0.0
9.11999999999985, 38.14000000000063, 30.0, 0.0
9.12999999999985, 38.160000000000636, 30.0, 0.0
9.13999999999985, 38.18000000000064, 30.0, 0.0
9.14999999999985, 38.20000000000064, 30.0, 0.0
9.15999999999985, 38.19500000000064, 30.0, 0.0
9.169999999999849, 38.19000000000064, 30.0, 0.0
9.179999999999849, 38.185000000000635, 30.0, 0.0
9.189999999999849, 38.18000000000063, 30.0, 0.0
9.199999999999848, 38.200000000000635, 30.0, 0.0
9.209999999999848, 38.19500000000063, 30.0, 0.0
9.219999999999848, 38.19000000000063, 30.0, 0.0
9.229999999999848, 38.18500000000063, 30.0, 0.0
9.239999999999847, 38.180000000000625, 30.0, 0.0
9.249999999999847, 38.20000000000063, 30.0, 0.0
9.259999999999847, 38.195000000000626, 30.0, 0.0
9.269999999999847, 38.19000000000062, 30.0, 0.0
9.279999999999847, 38.18500000000062, 30.0, 0.0
9.289999999999846, 38.18000000000062, 30.0, 0.0
9.299999999999846, 38.20000000000062, 30.0, 0.0
9.309999999999846, 38.19500000000062, 30.0, 0.0
9.319999999999846, 38.190000000000616, 30.0, 0.0
9.329999999999846, 38.18500000000061, 30.0, 0.0
9.339999999999845, 38.18000000000061, 30.0, 0.0
9.349999999999845, 38.200000000000614, 30.0, 0.0
9.359999999999845, 38.19500000000061, 30.0, 0.0
9.369999999999845, 38.19000000000061, 30.0, 0.0
9.379999999999844, 38.185000000000606, 30.0, 0.0
9.389999999999844, 38.180000000000604, 30.0, 0.0
9.399999999999844, 38.20000000000061, 30.0, 0.0
9.409999999999844, 38.195000000000604, 30.0, 0.0
9.419999999999844, 38.1900000000006, 30.0, 0.0
9.429999999999843, 38.1850000000006, 30.0, 0.0
9.439999999999843, 38.1800000000006, 30.0, 0.0
9.449999999999843, 38.2000000000006, 30.0, 0.0
9.459999999999843, 38.1950000000006, 30.0, 0.0
9.469999999999843, 38.190000000000595, 30.0, 0.0
9.479999999999842, 38.18500000000059, 30.0, 0.0
9.489999999999842, 38.18000000000059, 30.0, 0.0
9.499999999999842, 38.20000000000059, 30.0, 0.0
9.509999999999842, 38.19500000000059, 30.0, 0.0
9.519999999999841, 38.19000000000059, 30.0, 0.0
9.529999999999841, 38.185000000000585, 30.0, 0.0
9.539999999999841, 38.18000000000058, 30.0, 0.0
9.54999999999984, 38.200000000000585, 30.0, 0.0
9.55999999999984, 38.19500000000058, 30.0, 0.0
9.56999999999984, 38.19000000000058, 30.0, 0.0
9.57999999999984, 38.18500000000058, 30.0, 0.0
9.58999999999984, 38.20500000000058, 30.0, 0.0
9.59999999999984, 38.20000000000058, 30.0, 0.0
9.60999999999984, 38.195000000000576, 30.0, 0.0
9.61999999999984, 38.19000000000057, 30.0, 0.0
9.62999999999984, 38.18500000000057, 30.0, 0.0
9.639999999999839, 38.205000000000574, 30.0, 0.0
9.649999999999839, 38.20000000000057, 30.0, 0.0
9.659999999999838, 38.19500000000057, 30.0, 0.0
9.669999999999838, 38.190000000000566, 30.0, 0.0
9.679999999999838, 38.185000000000564, 30.0, 0.0
9.689999999999838, 38.20500000000057, 30.0, 0.0
9.699999999999838, 38.200000000000564, 30.0, 0.0
9.709999999999837, 38.19500000000056, 30.0, 0.0
9.719999999999837, 38.19000000000056, 30.0, 0.0
9.729999999999837, 38.18500000000056, 30.0, 0.0
9.739999999999837, 38.20500000000056, 30.0, 0.0
9.749999999999837, 38.20000000000056, 30.0, 0.0
9.759999999999836, 38.195000000000555, 30.0, 0.0
9.769999999999836, 38.19000000000055, 30.0, 0.0
9.779999999999836, 38.18500000000055, 30.0, 0.0
9.789999999999836, 38.20500000000055, 30.0, 0.0
9.799999999999836, 38.20000000000055, 30.0, 0.0
9.809999999999835, 38.19500000000055, 30.0, 0.0
9.819999999999835, 38.190000000000545, 30.0, 0.0
9.829999999999835, 38.18500000000054, 30.0, 0.0
9.839999999999835, 38.205000000000545, 30.0, 0.0
9.849999999999834, 38.20000000000054, 30.0, 0.0
9.859999999999834, 38.19500000000054, 30.0, 0.0
9.869999999999834, 38.19000000000054, 30.0, 0.0
9.879999999999834, 38.185000000000535, 30.0, 0.0
9.889999999999834, 38.20500000000054, 30.0, 0.0
9.899999999999833, 38.200000000000536, 30.0, 0.0
9.909999999999833, 38.19500000000053, 30.0, 0.0
9.919999999999833, 38.19000000000053, 30.0, 0.0
9.929999999999833, 38.18500000000053, 30.0, 0.0
9.939999999999833, 38.20500000000053, 30.0, 0.0
9.949999999999832, 38.20000000000053, 30.0, 0.0
9.959999999999832, 38.195000000000526, 30.0, 0.0
9.969999999999832, 38.19000000000052, 30.0, 0.0
9.979999999999832, 38.18500000000052, 30.0, 0.0
9.989999999999831, 38.205000000000524, 30.0, 0.0
9.999999999999831, 38.20000000000052, 30.0, 0.0
10.009999999999831, 38.19500000000052, 30.0, 0.0
10.01999999999983, 38.190000000000516, 30.0, 0.0
10.02999999999983, 38.185000000000514, 30.0, 0.0
10.03999999999983, 38.20500000000052, 30.0, 0.0
10.04999999999983, 38.200000000000514, 30.0, 0.0
10.05999999999983, 38.19500000000051, 30.0, 0.0
10.06999999999983, 38.19000000000051, 30.0, 0.0
10.07999999999983, 38.21000000000051, 30.0, 0.0
10.08999999999983, 38.20500000000051, 30.0, 0.0
10.09999999999983, 38.20000000000051, 30.0, 0.0
10.109999999999829, 38.195000000000505, 30.0, 0.0
10.119999999999829, 38.1900000000005, 30.0, 0.0
10.129999999999828, 38.210000000000505, 30.0, 0.0
10.139999999999828, 38.2050000000005, 30.0, 0.0
