0.01, 33.02, 40.0, 0.0
0.02, 33.040000000000006, 40.0, 0.0
0.03, 33.06000000000001, 40.0, 0.0
0.04, 33.08000000000001, 40.0, 0.0
0.05, 33.100000000000016, 40.0, 0.0
0.060000000000000005, 33.12000000000002, 40.0, 0.0
0.07, 33.14000000000002, 40.0, 0.0
0.08, 33.160000000000025, 40.0, 0.0
0.09, 33.18000000000003, 40.0, 0.0
0.09999999999999999, 33.20000000000003, 40.0, 0.0
0.10999999999999999, 33.220000000000034, 40.0, 0.0
0.11999999999999998, 33.24000000000004, 40.0, 0.0
0.12999999999999998, 33.26000000000004, 40.0, 0.0
0.13999999999999999, 33.280000000000044, 40.0, 0.0
0.15, 33.30000000000005, 40.0, 0.0
0.16, 33.32000000000005, 40.0, 0.0
0.17, 33.34000000000005, 40.0, 0.0
0.18000000000000002, 33.360000000000056, 40.0, 0.0
0.19000000000000003, 33.38000000000006, 40.0, 0.0
0.20000000000000004, 33.40000000000006, 40.0, 0.0
0.21000000000000005, 33.420000000000066, 40.0, 0.0
0.22000000000000006, 33.44000000000007, 40.0, 0.0
0.23000000000000007, 33.46000000000007, 40.0, 0.0
0.24000000000000007, 33.480000000000075, 40.0, 0.0
0.25000000000000006, 33.50000000000008, 40.0, 0.0
0.26000000000000006, 33.52000000000008, 40.0, 0.0
0.2700000000000001, 33.540000000000084, 40.0, 0.0
0.2800000000000001, 33.56000000000009, 40.0, 0.0
0.2900000000000001, 33.58000000000009, 40.0, 0.0
0.3000000000000001, 33.600000000000094, 40.0, 0.0
0.3100000000000001, 33.6200000000001, 40.0, 0.0
0.3200000000000001, 33.6400000000001, 40.0, 0.0
0.3300000000000001, 33.6600000000001, 40.0, 0.0
0.34000000000000014, 33.680000000000106, 40.0, 0.0
0.35000000000000014, 33.70000000000011, 40.0, 0.0
0.36000000000000015, 33.72000000000011, 40.0, 0.0
0.37000000000000016, 33.740000000000116, 40.0, 0.0
0.38000000000000017, 33.76000000000012, 40.0, 0.0
0.3900000000000002, 33.78000000000012, 40.0, 0.0
0.4000000000000002, 33.800000000000125, 40.0, 0.0
0.4100000000000002, 33.82000000000013, 40.0, 0.0
0.4200000000000002, 33.84000000000013, 40.0, 0.0
0.4300000000000002, 33.860000000000134, 40.0, 0.0
0.4400000000000002, 33.88000000000014, 40.0, 0.0
0.45000000000000023, 33.90000000000014, 40.0, 0.0
0.46000000000000024, 33.920000000000144, 40.0, 0.0
0.47000000000000025, 33.94000000000015, 40.0, 0.0
0.48000000000000026, 33.96000000000015, 40.0, 0.0
0.49000000000000027, 33.98000000000015, 40.0, 0.0
0.5000000000000002, 34.000000000000156, 40.0, 0.0
0.5100000000000002, 34.02000000000016, 40.0, 0.0
0.5200000000000002, 34.04000000000016, 40.0, 0.0
0.5300000000000002, 34.060000000000166, 40.0, 0.0
0.5400000000000003, 34.08000000000017, 40.0, 0.0
0.5500000000000003, 34.10000000000017, 40.0, 0.0
0.5600000000000003, 34.120000000000175, 40.0, 0.0
0.5700000000000003, 34.14000000000018, 40.0, 0.0
0.5800000000000003, 34.16000000000018, 40.0, 0.0
0.5900000000000003, 34.180000000000184, 40.0, 0.0
0.6000000000000003, 34.20000000000019, 40.0, 0.0
0.6100000000000003, 34.22000000000019, 40.0, 0.0
0.6200000000000003, 34.240000000000194, 40.0, 0.0
0.6300000000000003, 34.2600000000002, 40.0, 0.0
0.6400000000000003, 34.2800000000002, 40.0, 0.0
0.6500000000000004, 34.3000000000002, 40.0, 0.0
0.6600000000000004, 34.320000000000206, 40.0, 0.0
0.6700000000000004, 34.34000000000021, 40.0, 0.0
0.6800000000000004, 34.36000000000021, 40.0, 0.0
0.6900000000000004, 34.380000000000216, 40.0, 0.0
0.7000000000000004, 34.40000000000022, 40.0, 0.0
0.7100000000000004, 34.42000000000022, 40.0, 0.0
0.7200000000000004, 34.440000000000225, 40.0, 0.0
0.7300000000000004, 34.46000000000023, 40.0, 0.0
0.7400000000000004, 34.48000000000023, 40.0, 0.0
0.7500000000000004, 34.500000000000234, 40.0, 0.0
0.7600000000000005, 34.52000000000024, 40.0, 0.0
0.7700000000000005, 34.54000000000024, 40.0, 0.0
0.7800000000000005, 34.560000000000244, 40.0, 0.0
0.7900000000000005, 34.58000000000025, 40.0, 0.0
0.8000000000000005, 34.60000000000025, 40.0, 0.0
0.8100000000000005, 34.62000000000025, 40.0, 0.0
0.8200000000000005, 34.640000000000256, 40.0, 0.0
0.8300000000000005, 34.66000000000026, 40.0, 0.0
0.8400000000000005, 34.68000000000026, 40.0, 0.0
0.8500000000000005, 34.700000000000266, 40.0, 0.0
0.8600000000000005, 34.72000000000027, 40.0, 0.0
0.8700000000000006, 34.74000000000027, 40.0, 0.0
0.8800000000000006, 34.760000000000275, 40.0, 0.0
0.8900000000000006, 34.78000000000028, 40.0, 0.0
0.9000000000000006, 34.80000000000028, 40.0, 0.0
0.9100000000000006, 34.820000000000285, 40.0, 0.0
0.9200000000000006, 34.84000000000029, 40.0, 0.0
0.9300000000000006, 34.86000000000029, 40.0, 0.0
0.9400000000000006, 34.880000000000294, 40.0, 0.0
0.9500000000000006, 34.9000000000003, 40.0, 0.0
0.9600000000000006, 34.9200000000003, 40.0, 0.0
0.9700000000000006, 34.9400000000003, 40.0, 0.0
0.9800000000000006, 34.960000000000306, 40.0, 0.0
0.9900000000000007, 34.98000000000031, 40.0, 0.0
1.0000000000000007, 35.00000000000031, 40.0, 0.0
1.0100000000000007, 35.020000000000316, 40.0, 0.0
1.0200000000000007, 35.04000000000032, 40.0, 0.0
1.0300000000000007, 35.06000000000032, 40.0, 0.0
1.0400000000000007, 35.060100000000325, 40.0, 0.0
1.0500000000000007, 35.06020000000033, 40.0, 0.0
1.0600000000000007, 35.06030000000033, 40.0, 0.0
1.0700000000000007, 35.060400000000335, 40.0, 0.0
1.0800000000000007, 35.06050000000034, 40.0, 0.0
1.0900000000000007, 35.06060000000034, 40.0, 0.0
1.1000000000000008, 35.060700000000345, 40.0, 0.0
1.1100000000000008, 35.06080000000035, 40.0, 0.0
1.1200000000000008, 35.06090000000035, 40.0, 0.0
1.1300000000000008, 35.061000000000355, 40.0, 0.0
1.1400000000000008, 35.06110000000036, 40.0, 0.0
1.1500000000000008, 35.06120000000036, 40.0, 0.0
1.1600000000000008, 35.061300000000365, 40.0, 0.0
1.1700000000000008, 35.06140000000037, 40.0, 0.0
1.1800000000000008, 35.06150000000037, 40.0, 0.0
1.1900000000000008, 35.061600000000375, 40.0, 0.0
1.2000000000000008, 35.06170000000038, 40.0, 0.0
1.2100000000000009, 35.06180000000038, 40.0, 0.0
1.2200000000000009, 35.061900000000385, 40.0, 0.0
1.2300000000000009, 35.06200000000039, 40.0, 0.0
1.2400000000000009, 35.06210000000039, 40.0, 0.0
1.2500000000000009, 35.062200000000395, 40.0, 0.0
1.260000000000001, 35.0623000000004, 40.0, 0.0
1.270000000000001, 35.0624000000004, 40.0, 0.0
1.280000000000001, 35.062500000000405, 40.0, 0.0
1.290000000000001, 35.06260000000041, 40.0, 0.0
1.300000000000001, 35.06270000000041, 40.0, 0.0
1.310000000000001, 35.062800000000415, 40.0, 0.0
1.320000000000001, 35.06290000000042, 40.0, 0.0
1.330000000000001, 35.06300000000042, 40.0, 0.0
1.340000000000001, 35.063100000000425, 40.0, 0.0
1.350000000000001, 35.06320000000043, 40.0, 0.0
1.360000000000001, 35.06330000000043, 40.0, 0.0
1.370000000000001, 35.063400000000435, 40.0, 0.0
1.380000000000001, 35.06350000000044, 40.0, 0.0
1.390000000000001, 35.06360000000044, 40.0, 0.0
1.400000000000001, 35.063700000000445, 40.0, 0.0
1.410000000000001, 35.06380000000045, 40.0, 0.0
1.420000000000001, 35.06390000000045, 40.0, 0.0
1.430000000000001, 35.064000000000455, 40.0, 0.0
1.440000000000001, 35.06410000000046, 40.0, 0.0
1.450000000000001, 35.06420000000046, 40.0, 0.0
1.460000000000001, 35.064300000000465, 40.0, 0.0
1.470000000000001, 35.06440000000047, 40.0, 0.0
1.480000000000001, 35.06450000000047, 40.0, 0.0
1.490000000000001, 35.064600000000475, 40.0, 0.0
1.500000000000001, 35.06470000000048, 40.0, 0.0
1.5100000000000011, 35.06480000000048, 40.0, 0.0
1.5200000000000011, 35.064900000000485, 40.0, 0.0
1.5300000000000011, 35.06500000000049, 40.0, 0.0
1.5400000000000011, 35.06510000000049, 40.0, 0.0
1.5500000000000012, 35.065200000000495, 40.0, 0.0
1.5600000000000012, 35.0653000000005, 40.0, 0.0
1.5700000000000012, 35.0654000000005, 40.0, 0.0
1.5800000000000012, 35.065500000000505, 40.0, 0.0
1.5900000000000012, 35.06560000000051, 40.0, 0.0
1.6000000000000012, 35.06570000000051, 40.0, 0.0
1.6100000000000012, 35.065800000000515, 40.0, 0.0
1.6200000000000012, 35.06590000000052, 40.0, 0.0
1.6300000000000012, 35.06600000000052, 40.0, 0.0
1.6400000000000012, 35.066100000000525, 40.0, 0.0
1.6500000000000012, 35.06620000000053, 40.0, 0.0
1.6600000000000013, 35.06630000000053, 40.0, 0.0
1.6700000000000013, 35.066400000000534, 40.0, 0.0
1.6800000000000013, 35.06650000000054, 40.0, 0.0
1.6900000000000013, 35.06660000000054, 40.0, 0.0
1.7000000000000013, 35.066700000000544, 40.0, 0.0
1.7100000000000013, 35.06680000000055, 40.0, 0.0
1.7200000000000013, 35.06690000000055, 40.0, 0.0
1.7300000000000013, 35.067000000000554, 40.0, 0.0
1.7400000000000013, 35.06710000000056, 40.0, 0.0
1.7500000000000013, 35.06720000000056, 40.0, 0.0
1.7600000000000013, 35.067300000000564, 40.0, 0.0
1.7700000000000014, 35.06740000000057, 40.0, 0.0
1.7800000000000014, 35.06750000000057, 40.0, 0.0
1.7900000000000014, 35.067600000000574, 40.0, 0.0
1.8000000000000014, 35.06770000000058, 40.0, 0.0
1.8100000000000014, 35.06780000000058, 40.0, 0.0
1.8200000000000014, 35.067900000000584, 40.0, 0.0
1.8300000000000014, 35.06800000000059, 40.0, 0.0
1.8400000000000014, 35.06810000000059, 40.0, 0.0
1.8500000000000014, 35.068200000000594, 40.0, 0.0
1.8600000000000014, 35.0683000000006, 40.0, 0.0
1.8700000000000014, 35.0684000000006, 40.0, 0.0
1.8800000000000014, 35.068500000000604, 40.0, 0.0
1.8900000000000015, 35.06860000000061, 40.0, 0.0
1.9000000000000015, 35.06870000000061, 40.0, 0.0
1.9100000000000015, 35.068800000000614, 40.0, 0.0
1.9200000000000015, 35.06890000000062, 40.0, 0.0
1.9300000000000015, 35.06900000000062, 40.0, 0.0
1.9400000000000015, 35.069100000000624, 40.0, 0.0
1.9500000000000015, 35.06920000000063, 40.0, 0.0
1.9600000000000015, 35.06930000000063, 40.0, 0.0
1.9700000000000015, 35.069400000000634, 40.0, 0.0
1.9800000000000015, 35.06950000000064, 40.0, 0.0
1.9900000000000015, 35.06960000000064, 40.0, 0.0
2.0000000000000013, 35.069700000000644, 40.0, 0.0
2.010000000000001, 35.06980000000065, 40.0, 0.0
2.020000000000001, 35.06990000000065, 40.0, 0.0
2.0300000000000007, 35.070000000000654, 40.0, 0.0
2.0400000000000005, 35.07010000000066, 40.0, 0.0
2.0500000000000003, 35.09010000000066, 40.0, 0.0
2.06, 35.110100000000664, 40.0, 0.0
2.07, 35.13010000000067, 40.0, 0.0
2.0799999999999996, 35.15010000000067, 40.0, 0.0
2.0899999999999994, 35.17010000000067, 40.0, 0.0
2.099999999999999, 35.190100000000676, 40.0, 0.0
2.109999999999999, 35.21010000000068, 40.0, 0.0
2.1199999999999988, 35.23010000000068, 40.0, 0.0
2.1299999999999986, 35.250100000000685, 40.0, 0.0
2.1399999999999983, 35.27010000000069, 40.0, 0.0
2.149999999999998, 35.29010000000069, 40.0, 0.0
2.159999999999998, 35.310100000000695, 40.0, 0.0
2.1699999999999977, 35.3301000000007, 40.0, 0.0
2.1799999999999975, 35.3501000000007, 40.0, 0.0
2.1899999999999973, 35.370100000000704, 40.0, 0.0
2.199999999999997, 35.39010000000071, 40.0, 0.0
2.209999999999997, 35.41010000000071, 40.0, 0.0
2.2199999999999966, 35.430100000000714, 40.0, 0.0
2.2299999999999964, 35.45010000000072, 40.0, 0.0
2.239999999999996, 35.47010000000072, 40.0, 0.0
2.249999999999996, 35.49010000000072, 40.0, 0.0
2.259999999999996, 35.510100000000726, 40.0, 0.0
2.2699999999999956, 35.53010000000073, 40.0, 0.0
2.2799999999999954, 35.55010000000073, 40.0, 0.0
2.289999999999995, 35.570100000000735, 40.0, 0.0
2.299999999999995, 35.59010000000074, 40.0, 0.0
2.3099999999999947, 35.61010000000074, 40.0, 0.0
2.3199999999999945, 35.630100000000745, 40.0, 0.0
2.3299999999999943, 35.65010000000075, 40.0, 0.0
2.339999999999994, 35.67010000000075, 40.0, 0.0
2.349999999999994, 35.690100000000754, 40.0, 0.0
2.3599999999999937, 35.71010000000076, 40.0, 0.0
2.3699999999999934, 35.73010000000076, 40.0, 0.0
2.3799999999999932, 35.750100000000764, 40.0, 0.0
2.389999999999993, 35.77010000000077, 40.0, 0.0
2.399999999999993, 35.79010000000077, 40.0, 0.0
2.4099999999999926, 35.81010000000077, 40.0, 0.0
2.4199999999999924, 35.830100000000776, 40.0, 0.0
2.429999999999992, 35.85010000000078, 40.0, 0.0
2.439999999999992, 35.87010000000078, 40.0, 0.0
2.4499999999999917, 35.890100000000785, 40.0, 0.0
2.4599999999999915, 35.91010000000079, 40.0, 0.0
2.4699999999999913, 35.93010000000079, 40.0, 0.0
2.479999999999991, 35.950100000000795, 40.0, 0.0
2.489999999999991, 35.9701000000008, 40.0, 0.0
2.4999999999999907, 35.9901000000008, 40.0, 0.0
2.5099999999999905, 36.010100000000804, 40.0, 0.0
2.5199999999999902, 36.03010000000081, 40.0, 0.0
2.52999999999999, 36.05010000000081, 40.0, 0.0
2.53999999999999, 36.070100000000814, 40.0, 0.0
2.5499999999999896, 36.09010000000082, 40.0, 0.0
2.5599999999999894, 36.11010000000082, 40.0, 0.0
2.569999999999989, 36.13010000000082, 40.0, 0.0
2.579999999999989, 36.150100000000826, 40.0, 0.0
2.5899999999999888, 36.17010000000083, 40.0, 0.0
2.5999999999999885, 36.19010000000083, 40.0, 0.0
2.6099999999999883, 36.210100000000836, 40.0, 0.0
2.619999999999988, 36.23010000000084, 40.0, 0.0
2.629999999999988, 36.25010000000084, 40.0, 0.0
2.6399999999999877, 36.270100000000845, 40.0, 0.0
2.6499999999999875, 36.29010000000085, 40.0, 0.0
2.6599999999999873, 36.31010000000085, 40.0, 0.0
2.669999999999987, 36.330100000000854, 40.0, 0.0
2.679999999999987, 36.35010000000086, 40.0, 0.0
2.6899999999999866, 36.37010000000086, 40.0, 0.0
2.6999999999999864, 36.390100000000864, 40.0, 0.0
2.709999999999986, 36.41010000000087, 40.0, 0.0
2.719999999999986, 36.43010000000087, 40.0, 0.0
2.7299999999999858, 36.45010000000087, 40.0, 0.0
2.7399999999999856, 36.470100000000876, 40.0, 0.0
2.7499999999999853, 36.49010000000088, 40.0, 0.0
2.759999999999985, 36.51010000000088, 40.0, 0.0
2.769999999999985, 36.530100000000886, 40.0, 0.0
2.7799999999999847, 36.55010000000089, 40.0, 0.0
2.7899999999999845, 36.57010000000089, 40.0, 0.0
2.7999999999999843, 36.590100000000895, 40.0, 0.0
2.809999999999984, 36.6101000000009, 40.0, 0.0
2.819999999999984, 36.6301000000009, 40.0, 0.0
2.8299999999999836, 36.650100000000904, 40.0, 0.0
2.8399999999999834, 36.67010000000091, 40.0, 0.0
2.849999999999983, 36.69010000000091, 40.0, 0.0
2.859999999999983, 36.710100000000914, 40.0, 0.0
2.869999999999983, 36.73010000000092, 40.0, 0.0
2.8799999999999826, 36.75010000000092, 40.0, 0.0
2.8899999999999824, 36.77010000000092, 40.0, 0.0
2.899999999999982, 36.790100000000926, 40.0, 0.0
2.909999999999982, 36.81010000000093, 40.0, 0.0
2.9199999999999817, 36.83010000000093, 40.0, 0.0
2.9299999999999815, 36.850100000000936, 40.0, 0.0
2.9399999999999813, 36.87010000000094, 40.0, 0.0
2.949999999999981, 36.89010000000094, 40.0, 0.0
2.959999999999981, 36.910100000000945, 40.0, 0.0
2.9699999999999807, 36.93010000000095, 40.0, 0.0
2.9799999999999804, 36.95010000000095, 40.0, 0.0
2.9899999999999802, 36.970100000000954, 40.0, 0.0
2.99999999999998, 36.99010000000096, 40.0, 0.0
3.00999999999998, 37.01010000000096, 40.0, 0.0
3.0199999999999796, 37.030100000000964, 40.0, 0.0
3.0299999999999794, 37.05010000000097, 40.0, 0.0
3.039999999999979, 37.07010000000097, 40.0, 0.0
3.049999999999979, 37.09010000000097, 40.0, 0.0
3.0599999999999787, 37.090200000000976, 40.0, 0.0
3.0699999999999785, 37.09030000000098, 40.0, 0.0
3.0799999999999783, 37.09040000000098, 40.0, 0.0
3.089999999999978, 37.090500000000986, 40.0, 0.0
3.099999999999978, 37.09060000000099, 40.0, 0.0
3.1099999999999777, 37.09070000000099, 40.0, 0.0
3.1199999999999775, 37.090800000000996, 40.0, 0.0
3.1299999999999772, 37.090900000001, 40.0, 0.0
3.139999999999977, 37.091000000001, 40.0, 0.0
3.149999999999977, 37.091100000001006, 40.0, 0.0
3.1599999999999766, 37.09120000000101, 40.0, 0.0
3.1699999999999764, 37.09130000000101, 40.0, 0.0
3.179999999999976, 37.091400000001016, 40.0, 0.0
3.189999999999976, 37.09150000000102, 40.0, 0.0
3.1999999999999758, 37.09160000000102, 40.0, 0.0
3.2099999999999755, 37.091700000001026, 40.0, 0.0
3.2199999999999753, 37.09180000000103, 40.0, 0.0
3.229999999999975, 37.09190000000103, 40.0, 0.0
3.239999999999975, 37.092000000001036, 40.0, 0.0
3.2499999999999747, 37.09210000000104, 40.0, 0.0
3.2599999999999745, 37.09220000000104, 40.0, 0.0
3.2699999999999743, 37.092300000001046, 40.0, 0.0
3.279999999999974, 37.09240000000105, 40.0, 0.0
3.289999999999974, 37.09250000000105, 40.0, 0.0
3.2999999999999736, 37.092600000001056, 40.0, 0.0
3.3099999999999734, 37.09270000000106, 40.0, 0.0
3.319999999999973, 37.09280000000106, 40.0, 0.0
3.329999999999973, 37.092900000001066, 40.0, 0.0
3.3399999999999728, 37.09300000000107, 40.0, 0.0
3.3499999999999726, 37.09310000000107, 40.0, 0.0
3.3599999999999723, 37.093200000001076, 40.0, 0.0
3.369999999999972, 37.09330000000108, 40.0, 0.0
3.379999999999972, 37.09340000000108, 40.0, 0.0
3.3899999999999717, 37.093500000001086, 40.0, 0.0
3.3999999999999715, 37.09360000000109, 40.0, 0.0
3.4099999999999713, 37.09370000000109, 40.0, 0.0
3.419999999999971, 37.093800000001096, 40.0, 0.0
3.429999999999971, 37.0939000000011, 40.0, 0.0
3.4399999999999706, 37.0940000000011, 40.0, 0.0
3.4499999999999704, 37.094100000001106, 40.0, 0.0
3.45999999999997, 37.09420000000111, 40.0, 0.0
3.46999999999997, 37.09430000000111, 40.0, 0.0
3.47999999999997, 37.094400000001116, 40.0, 0.0
3.4899999999999696, 37.09450000000112, 40.0, 0.0
3.4999999999999694, 37.09460000000112, 40.0, 0.0
3.509999999999969, 37.094700000001126, 40.0, 0.0
3.519999999999969, 37.09480000000113, 40.0, 0.0
3.5299999999999687, 37.09490000000113, 40.0, 0.0
3.5399999999999685, 37.095000000001136, 40.0, 0.0
3.5499999999999683, 37.09510000000114, 40.0, 0.0
3.559999999999968, 37.09520000000114, 40.0, 0.0
3.569999999999968, 37.095300000001146, 40.0, 0.0
3.5799999999999677, 37.09540000000115, 40.0, 0.0
3.5899999999999674, 37.09550000000115, 40.0, 0.0
3.5999999999999672, 37.095600000001156, 40.0, 0.0
3.609999999999967, 37.09570000000116, 40.0, 0.0
3.619999999999967, 37.09580000000116, 40.0, 0.0
3.6299999999999666, 37.095900000001166, 40.0, 0.0
3.6399999999999664, 37.09600000000117, 40.0, 0.0
3.649999999999966, 37.09610000000117, 40.0, 0.0
3.659999999999966, 37.096200000001176, 40.0, 0.0
3.6699999999999657, 37.09630000000118, 40.0, 0.0
3.6799999999999655, 37.09640000000118, 40.0, 0.0
3.6899999999999653, 37.096500000001186, 40.0, 0.0
3.699999999999965, 37.09660000000119, 40.0, 0.0
3.709999999999965, 37.09670000000119, 40.0, 0.0
3.7199999999999647, 37.096800000001195, 40.0, 0.0
3.7299999999999645, 37.0969000000012, 40.0, 0.0
3.7399999999999642, 37.0970000000012, 40.0, 0.0
3.749999999999964, 37.097100000001205, 40.0, 0.0
3.759999999999964, 37.09720000000121, 40.0, 0.0
3.7699999999999636, 37.09730000000121, 40.0, 0.0
3.7799999999999634, 37.097400000001215, 40.0, 0.0
3.789999999999963, 37.09750000000122, 40.0, 0.0
3.799999999999963, 37.09760000000122, 40.0, 0.0
3.8099999999999627, 37.097700000001225, 40.0, 0.0
3.8199999999999625, 37.09780000000123, 40.0, 0.0
3.8299999999999623, 37.09790000000123, 40.0, 0.0
3.839999999999962, 37.098000000001235, 40.0, 0.0
3.849999999999962, 37.09810000000124, 40.0, 0.0
3.8599999999999617, 37.09820000000124, 40.0, 0.0
3.8699999999999615, 37.098300000001245, 40.0, 0.0
3.8799999999999613, 37.09840000000125, 40.0, 0.0
3.889999999999961, 37.09850000000125, 40.0, 0.0
3.899999999999961, 37.098600000001255, 40.0, 0.0
3.9099999999999606, 37.09870000000126, 40.0, 0.0
3.9199999999999604, 37.09880000000126, 40.0, 0.0
3.92999999999996, 37.098900000001265, 40.0, 0.0
3.93999999999996, 37.09900000000127, 40.0, 0.0
3.9499999999999598, 37.09910000000127, 40.0, 0.0
3.9599999999999596, 37.099200000001275, 40.0, 0.0
3.9699999999999593, 37.09930000000128, 40.0, 0.0
3.979999999999959, 37.09940000000128, 40.0, 0.0
3.989999999999959, 37.099500000001285, 40.0, 0.0
3.9999999999999587, 37.09960000000129, 40.0, 0.0
4.009999999999959, 37.09970000000129, 40.0, 0.0
4.019999999999959, 37.099800000001295, 40.0, 0.0
4.0299999999999585, 37.0999000000013, 40.0, 0.0
4.039999999999958, 37.1000000000013, 40.0, 0.0
4.049999999999958, 37.100100000001305, 40.0, 0.0
4.059999999999958, 37.10020000000131, 40.0, 0.0
4.069999999999958, 37.10030000000131, 40.0, 0.0
4.079999999999957, 37.100400000001315, 40.0, 0.0
4.089999999999957, 37.12040000000132, 40.0, 0.0
4.099999999999957, 37.14040000000132, 40.0, 0.0
4.109999999999957, 37.160400000001324, 40.0, 0.0
4.119999999999957, 37.18040000000133, 40.0, 0.0
4.129999999999956, 37.20040000000133, 40.0, 0.0
4.139999999999956, 37.220400000001334, 40.0, 0.0
4.149999999999956, 37.24040000000134, 40.0, 0.0
4.159999999999956, 37.26040000000134, 40.0, 0.0
4.1699999999999555, 37.28040000000134, 40.0, 0.0
4.179999999999955, 37.300400000001346, 40.0, 0.0
4.189999999999955, 37.32040000000135, 40.0, 0.0
4.199999999999955, 37.34040000000135, 40.0, 0.0
4.209999999999955, 37.360400000001356, 40.0, 0.0
4.2199999999999545, 37.38040000000136, 40.0, 0.0
4.229999999999954, 37.40040000000136, 40.0, 0.0
4.239999999999954, 37.420400000001365, 40.0, 0.0
4.249999999999954, 37.44040000000137, 40.0, 0.0
4.259999999999954, 37.46040000000137, 40.0, 0.0
4.269999999999953, 37.480400000001374, 40.0, 0.0
4.279999999999953, 37.50040000000138, 40.0, 0.0
4.289999999999953, 37.52040000000138, 40.0, 0.0
4.299999999999953, 37.540400000001384, 40.0, 0.0
4.3099999999999525, 37.56040000000139, 40.0, 0.0
4.319999999999952, 37.58040000000139, 40.0, 0.0
4.329999999999952, 37.60040000000139, 40.0, 0.0
4.339999999999952, 37.620400000001396, 40.0, 0.0
4.349999999999952, 37.6404000000014, 40.0, 0.0
4.3599999999999515, 37.6604000000014, 40.0, 0.0
4.369999999999951, 37.680400000001406, 40.0, 0.0
4.379999999999951, 37.70040000000141, 40.0, 0.0
4.389999999999951, 37.72040000000141, 40.0, 0.0
4.399999999999951, 37.740400000001415, 40.0, 0.0
4.40999999999995, 37.76040000000142, 40.0, 0.0
4.41999999999995, 37.78040000000142, 40.0, 0.0
4.42999999999995, 37.800400000001424, 40.0, 0.0
4.43999999999995, 37.82040000000143, 40.0, 0.0
4.4499999999999496, 37.84040000000143, 40.0, 0.0
4.459999999999949, 37.860400000001434, 40.0, 0.0
4.469999999999949, 37.88040000000144, 40.0, 0.0
4.479999999999949, 37.90040000000144, 40.0, 0.0
4.489999999999949, 37.92040000000144, 40.0, 0.0
4.4999999999999485, 37.940400000001446, 40.0, 0.0
4.509999999999948, 37.96040000000145, 40.0, 0.0
4.519999999999948, 37.98040000000145, 40.0, 0.0
4.529999999999948, 38.000400000001456, 40.0, 0.0
4.539999999999948, 38.02040000000146, 40.0, 0.0
4.549999999999947, 38.04040000000146, 40.0, 0.0
4.559999999999947, 38.060400000001465, 40.0, 0.0
4.569999999999947, 38.08040000000147, 40.0, 0.0
4.579999999999947, 38.10040000000147, 40.0, 0.0
4.589999999999947, 38.120400000001474, 40.0, 0.0
4.599999999999946, 38.14040000000148, 40.0, 0.0
4.609999999999946, 38.16040000000148, 40.0, 0.0
4.619999999999946, 38.180400000001484, 40.0, 0.0
4.629999999999946, 38.20040000000149, 40.0, 0.0
4.6399999999999455, 38.22040000000149, 40.0, 0.0
4.649999999999945, 38.24040000000149, 40.0, 0.0
4.659999999999945, 38.260400000001496, 40.0, 0.0
4.669999999999945, 38.2804000000015, 40.0, 0.0
4.679999999999945, 38.3004000000015, 40.0, 0.0
4.689999999999944, 38.320400000001506, 40.0, 0.0
4.699999999999944, 38.34040000000151, 40.0, 0.0
4.709999999999944, 38.36040000000151, 40.0, 0.0
4.719999999999944, 38.380400000001515, 40.0, 0.0
4.729999999999944, 38.40040000000152, 40.0, 0.0
4.739999999999943, 38.42040000000152, 40.0, 0.0
4.749999999999943, 38.440400000001524, 40.0, 0.0
4.759999999999943, 38.46040000000153, 40.0, 0.0
4.769999999999943, 38.48040000000153, 40.0, 0.0
4.7799999999999425, 38.500400000001534, 40.0, 0.0
4.789999999999942, 38.52040000000154, 40.0, 0.0
4.799999999999942, 38.54040000000154, 40.0, 0.0
4.809999999999942, 38.56040000000154, 40.0, 0.0
4.819999999999942, 38.580400000001546, 40.0, 0.0
4.8299999999999415, 38.60040000000155, 40.0, 0.0
4.839999999999941, 38.62040000000155, 40.0, 0.0
4.849999999999941, 38.640400000001556, 40.0, 0.0
4.859999999999941, 38.66040000000156, 40.0, 0.0
4.869999999999941, 38.68040000000156, 40.0, 0.0
4.87999999999994, 38.700400000001565, 40.0, 0.0
4.88999999999994, 38.72040000000157, 40.0, 0.0
4.89999999999994, 38.74040000000157, 40.0, 0.0
4.90999999999994, 38.760400000001574, 40.0, 0.0
4.9199999999999395, 38.78040000000158, 40.0, 0.0
4.929999999999939, 38.80040000000158, 40.0, 0.0
4.939999999999939, 38.820400000001584, 40.0, 0.0
4.949999999999939, 38.84040000000159, 40.0, 0.0
4.959999999999939, 38.86040000000159, 40.0, 0.0
4.9699999999999385, 38.88040000000159, 40.0, 0.0
4.979999999999938, 38.900400000001596, 40.0, 0.0
4.989999999999938, 38.9204000000016, 40.0, 0.0
4.999999999999938, 38.9404000000016, 40.0, 0.0
5.009999999999938, 38.960400000001606, 40.0, 0.0
5.019999999999937, 38.98040000000161, 40.0, 0.0
5.029999999999937, 39.00040000000161, 40.0, 0.0
5.039999999999937, 39.020400000001615, 40.0, 0.0
5.049999999999937, 39.04040000000162, 40.0, 0.0
5.0599999999999365, 39.06040000000162, 40.0, 0.0
5.069999999999936, 39.080400000001625, 40.0, 0.0
5.079999999999936, 39.10040000000163, 40.0, 0.0
5.089999999999936, 39.12040000000163, 40.0, 0.0
5.099999999999936, 39.120500000001634, 40.0, 0.0
5.1099999999999355, 39.12060000000164, 40.0, 0.0
5.119999999999935, 39.12070000000164, 40.0, 0.0
5.129999999999935, 39.120800000001644, 40.0, 0.0
5.139999999999935, 39.12090000000165, 40.0, 0.0
5.149999999999935, 39.12100000000165, 40.0, 0.0
5.159999999999934, 39.121100000001654, 40.0, 0.0
5.169999999999934, 39.12120000000166, 40.0, 0.0
5.179999999999934, 39.12130000000166, 40.0, 0.0
5.189999999999934, 39.121400000001664, 40.0, 0.0
5.199999999999934, 39.12150000000167, 40.0, 0.0
5.209999999999933, 39.12160000000167, 40.0, 0.0
5.219999999999933, 39.121700000001674, 40.0, 0.0
5.229999999999933, 39.12180000000168, 40.0, 0.0
5.239999999999933, 39.12190000000168, 40.0, 0.0
5.2499999999999325, 39.122000000001684, 40.0, 0.0
5.259999999999932, 39.12210000000169, 40.0, 0.0
5.269999999999932, 39.12220000000169, 40.0, 0.0
5.279999999999932, 39.122300000001694, 40.0, 0.0
5.289999999999932, 39.1224000000017, 40.0, 0.0
5.299999999999931, 39.1225000000017, 40.0, 0.0
5.309999999999931, 39.122600000001704, 40.0, 0.0
5.319999999999931, 39.12270000000171, 40.0, 0.0
5.329999999999931, 39.12280000000171, 40.0, 0.0
5.339999999999931, 39.122900000001714, 40.0, 0.0
5.34999999999993, 39.12300000000172, 40.0, 0.0
5.35999999999993, 39.12310000000172, 40.0, 0.0
5.36999999999993, 39.123200000001724, 40.0, 0.0
5.37999999999993, 39.12330000000173, 40.0, 0.0
5.3899999999999295, 39.12340000000173, 40.0, 0.0
5.399999999999929, 39.123500000001734, 40.0, 0.0
5.409999999999929, 39.12360000000174, 40.0, 0.0
5.419999999999929, 39.12370000000174, 40.0, 0.0
5.429999999999929, 39.123800000001744, 40.0, 0.0
5.4399999999999284, 39.12390000000175, 40.0, 0.0
5.449999999999928, 39.12400000000175, 40.0, 0.0
5.459999999999928, 39.124100000001754, 40.0, 0.0
5.469999999999928, 39.12420000000176, 40.0, 0.0
5.479999999999928, 39.12430000000176, 40.0, 0.0
5.489999999999927, 39.12440000000176, 40.0, 0.0
5.499999999999927, 39.12450000000177, 40.0, 0.0
5.509999999999927, 39.12460000000177, 40.0, 0.0
5.519999999999927, 39.12470000000177, 40.0, 0.0
5.5299999999999265, 39.12480000000178, 40.0, 0.0
5.539999999999926, 39.12490000000178, 40.0, 0.0
5.549999999999926, 39.12500000000178, 40.0, 0.0
5.559999999999926, 39.12510000000179, 40.0, 0.0
5.569999999999926, 39.12520000000179, 40.0, 0.0
5.5799999999999255, 39.12530000000179, 40.0, 0.0
5.589999999999925, 39.1254000000018, 40.0, 0.0
5.599999999999925, 39.1255000000018, 40.0, 0.0
5.609999999999925, 39.1256000000018, 40.0, 0.0
5.619999999999925, 39.12570000000181, 40.0, 0.0
5.629999999999924, 39.12580000000181, 40.0, 0.0
5.639999999999924, 39.12590000000181, 40.0, 0.0
5.649999999999924, 39.12600000000182, 40.0, 0.0
5.659999999999924, 39.12610000000182, 40.0, 0.0
5.6699999999999235, 39.12620000000182, 40.0, 0.0
5.679999999999923, 39.12630000000183, 40.0, 0.0
5.689999999999923, 39.12640000000183, 40.0, 0.0
5.699999999999923, 39.12650000000183, 40.0, 0.0
5.709999999999923, 39.12660000000184, 40.0, 0.0
5.7199999999999225, 39.12670000000184, 40.0, 0.0
5.729999999999922, 39.12680000000184, 40.0, 0.0
5.739999999999922, 39.12690000000185, 40.0, 0.0
5.749999999999922, 39.12700000000185, 40.0, 0.0
5.759999999999922, 39.12710000000185, 40.0, 0.0
5.769999999999921, 39.12720000000186, 40.0, 0.0
5.779999999999921, 39.12730000000186, 40.0, 0.0
5.789999999999921, 39.12740000000186, 40.0, 0.0
5.799999999999921, 39.12750000000187, 40.0, 0.0
5.809999999999921, 39.12760000000187, 40.0, 0.0
5.81999999999992, 39.12770000000187, 40.0, 0.0
5.82999999999992, 39.127800000001876, 40.0, 0.0
5.83999999999992, 39.12790000000188, 40.0, 0.0
5.84999999999992, 39.12800000000188, 40.0, 0.0
5.8599999999999195, 39.128100000001886, 40.0, 0.0
5.869999999999919, 39.12820000000189, 40.0, 0.0
5.879999999999919, 39.12830000000189, 40.0, 0.0
5.889999999999919, 39.128400000001896, 40.0, 0.0
5.899999999999919, 39.1285000000019, 40.0, 0.0
5.909999999999918, 39.1286000000019, 40.0, 0.0
5.919999999999918, 39.128700000001906, 40.0, 0.0
5.929999999999918, 39.12880000000191, 40.0, 0.0
5.939999999999918, 39.12890000000191, 40.0, 0.0
5.949999999999918, 39.129000000001916, 40.0, 0.0
5.959999999999917, 39.12910000000192, 40.0, 0.0
5.969999999999917, 39.12920000000192, 40.0, 0.0
5.979999999999917, 39.129300000001926, 40.0, 0.0
5.989999999999917, 39.12940000000193, 40.0, 0.0
5.9999999999999165, 39.12950000000193, 40.0, 0.0
6.009999999999916, 39.129600000001936, 40.0, 0.0
6.019999999999916, 39.12970000000194, 40.0, 0.0
6.029999999999916, 39.12980000000194, 40.0, 0.0
6.039999999999916, 39.129900000001946, 40.0, 0.0
6.0499999999999154, 39.13000000000195, 40.0, 0.0
6.059999999999915, 39.13010000000195, 40.0, 0.0
6.069999999999915, 39.130200000001956, 40.0, 0.0
6.079999999999915, 39.13030000000196, 40.0, 0.0
6.089999999999915, 39.13040000000196, 40.0, 0.0
6.099999999999914, 39.130500000001966, 40.0, 0.0
6.109999999999914, 39.13060000000197, 40.0, 0.0
6.119999999999914, 39.15060000000197, 40.0, 0.0
6.129999999999914, 39.170600000001976, 40.0, 0.0
6.1399999999999135, 39.19060000000198, 40.0, 0.0
6.149999999999913, 39.21060000000198, 40.0, 0.0
6.159999999999913, 39.230600000001985, 40.0, 0.0
6.169999999999913, 39.25060000000199, 40.0, 0.0
6.179999999999913, 39.27060000000199, 40.0, 0.0
6.1899999999999125, 39.290600000001994, 40.0, 0.0
6.199999999999912, 39.310600000002, 40.0, 0.0
6.209999999999912, 39.330600000002, 40.0, 0.0
6.219999999999912, 39.350600000002004, 40.0, 0.0
6.229999999999912, 39.37060000000201, 40.0, 0.0
6.239999999999911, 39.39060000000201, 40.0, 0.0
6.249999999999911, 39.41060000000201, 40.0, 0.0
6.259999999999911, 39.430600000002016, 40.0, 0.0
6.269999999999911, 39.45060000000202, 40.0, 0.0
6.2799999999999105, 39.47060000000202, 40.0, 0.0
6.28999999999991, 39.490600000002026, 40.0, 0.0
6.29999999999991, 39.51060000000203, 40.0, 0.0
6.30999999999991, 39.53060000000203, 40.0, 0.0
6.31999999999991, 39.550600000002035, 40.0, 0.0
6.3299999999999095, 39.57060000000204, 40.0, 0.0
6.339999999999909, 39.59060000000204, 40.0, 0.0
6.349999999999909, 39.610600000002044, 40.0, 0.0
6.359999999999909, 39.63060000000205, 40.0, 0.0
6.369999999999909, 39.65060000000205, 40.0, 0.0
6.379999999999908, 39.670600000002054, 40.0, 0.0
6.389999999999908, 39.69060000000206, 40.0, 0.0
6.399999999999908, 39.71060000000206, 40.0, 0.0
6.409999999999908, 39.73060000000206, 40.0, 0.0
6.419999999999908, 39.750600000002066, 40.0, 0.0
6.429999999999907, 39.77060000000207, 40.0, 0.0
6.439999999999907, 39.79060000000207, 40.0, 0.0
6.449999999999907, 39.810600000002076, 40.0, 0.0
6.459999999999907, 39.83060000000208, 40.0, 0.0
6.4699999999999065, 39.85060000000208, 40.0, 0.0
6.479999999999906, 39.870600000002085, 40.0, 0.0
6.489999999999906, 39.89060000000209, 40.0, 0.0
6.499999999999906, 39.91060000000209, 40.0, 0.0
6.509999999999906, 39.930600000002094, 40.0, 0.0
6.519999999999905, 39.9506000000021, 40.0, 0.0
6.529999999999905, 39.9706000000021, 40.0, 0.0
6.539999999999905, 39.990600000002104, 40.0, 0.0
6.549999999999905, 40.01060000000211, 40.0, 0.0
6.559999999999905, 40.03060000000211, 40.0, 0.0
6.569999999999904, 40.05060000000211, 40.0, 0.0
6.579999999999904, 40.070600000002116, 40.0, 0.0
6.589999999999904, 40.09060000000212, 40.0, 0.0
6.599999999999904, 40.11060000000212, 40.0, 0.0
6.6099999999999035, 40.130600000002126, 40.0, 0.0
6.619999999999903, 40.15060000000213, 40.0, 0.0
6.629999999999903, 40.17060000000213, 40.0, 0.0
6.639999999999903, 40.190600000002135, 40.0, 0.0
6.649999999999903, 40.21060000000214, 40.0, 0.0
6.659999999999902, 40.23060000000214, 40.0, 0.0
6.669999999999902, 40.250600000002144, 40.0, 0.0
6.679999999999902, 40.27060000000215, 40.0, 0.0
6.689999999999902, 40.29060000000215, 40.0, 0.0
6.699999999999902, 40.310600000002154, 40.0, 0.0
6.709999999999901, 40.33060000000216, 40.0, 0.0
6.719999999999901, 40.35060000000216, 40.0, 0.0
6.729999999999901, 40.37060000000216, 40.0, 0.0
6.739999999999901, 40.390600000002166, 40.0, 0.0
6.7499999999999005, 40.41060000000217, 40.0, 0.0
6.7599999999999, 40.43060000000217, 40.0, 0.0
6.7699999999999, 40.450600000002176, 40.0, 0.0
6.7799999999999, 40.47060000000218, 40.0, 0.0
6.7899999999999, 40.49060000000218, 40.0, 0.0
6.7999999999998995, 40.510600000002185, 40.0, 0.0
6.809999999999899, 40.53060000000219, 40.0, 0.0
6.819999999999899, 40.55060000000219, 40.0, 0.0
6.829999999999899, 40.570600000002194, 40.0, 0.0
6.839999999999899, 40.5906000000022, 40.0, 0.0
6.849999999999898, 40.6106000000022, 40.0, 0.0
6.859999999999898, 40.630600000002204, 40.0, 0.0
6.869999999999898, 40.65060000000221, 40.0, 0.0
6.879999999999898, 40.67060000000221, 40.0, 0.0
6.8899999999998975, 40.69060000000221, 40.0, 0.0
6.899999999999897, 40.710600000002216, 40.0, 0.0
6.909999999999897, 40.73060000000222, 40.0, 0.0
6.919999999999897, 40.75060000000222, 40.0, 0.0
6.929999999999897, 40.770600000002226, 40.0, 0.0
6.9399999999998965, 40.79060000000223, 40.0, 0.0
6.949999999999896, 40.81060000000223, 40.0, 0.0
6.959999999999896, 40.830600000002235, 40.0, 0.0
6.969999999999896, 40.85060000000224, 40.0, 0.0
6.979999999999896, 40.87060000000224, 40.0, 0.0
6.989999999999895, 40.890600000002244, 40.0, 0.0
6.999999999999895, 40.91060000000225, 40.0, 0.0
7.009999999999895, 40.93060000000225, 40.0, 0.0
7.019999999999895, 40.950600000002254, 40.0, 0.0
7.0299999999998946, 40.97060000000226, 40.0, 0.0
7.039999999999894, 40.99060000000226, 40.0, 0.0
7.049999999999894, 41.01060000000226, 40.0, 0.0
7.059999999999894, 41.030600000002266, 40.0, 0.0
7.069999999999894, 41.05060000000227, 40.0, 0.0
7.0799999999998935, 41.07060000000227, 40.0, 0.0
7.089999999999893, 41.090600000002276, 40.0, 0.0
7.099999999999893, 41.11060000000228, 40.0, 0.0
7.109999999999893, 41.13060000000228, 40.0, 0.0
7.119999999999893, 41.150600000002285, 40.0, 0.0
7.129999999999892, 41.15070000000229, 40.0, 0.0
7.139999999999892, 41.15080000000229, 40.0, 0.0
7.149999999999892, 41.150900000002295, 40.0, 0.0
7.159999999999892, 41.1510000000023, 40.0, 0.0
7.169999999999892, 41.1511000000023, 40.0, 0.0
7.179999999999891, 41.151200000002305, 40.0, 0.0
7.189999999999891, 41.15130000000231, 40.0, 0.0
7.199999999999891, 41.15140000000231, 40.0, 0.0
7.209999999999891, 41.151500000002315, 40.0, 0.0
7.2199999999998905, 41.15160000000232, 40.0, 0.0
7.22999999999989, 41.15170000000232, 40.0, 0.0
7.23999999999989, 41.151800000002325, 40.0, 0.0
7.24999999999989, 41.15190000000233, 40.0, 0.0
7.25999999999989, 41.15200000000233, 40.0, 0.0
7.269999999999889, 41.152100000002335, 40.0, 0.0
7.279999999999889, 41.15220000000234, 40.0, 0.0
7.289999999999889, 41.15230000000234, 40.0, 0.0
7.299999999999889, 41.152400000002345, 40.0, 0.0
7.309999999999889, 41.15250000000235, 40.0, 0.0
7.319999999999888, 41.15260000000235, 40.0, 0.0
7.329999999999888, 41.152700000002355, 40.0, 0.0
7.339999999999888, 41.15280000000236, 40.0, 0.0
7.349999999999888, 41.15290000000236, 40.0, 0.0
7.3599999999998875, 41.153000000002365, 40.0, 0.0
7.369999999999887, 41.15310000000237, 40.0, 0.0
7.379999999999887, 41.15320000000237, 40.0, 0.0
7.389999999999887, 41.153300000002375, 40.0, 0.0
7.399999999999887, 41.15340000000238, 40.0, 0.0
7.4099999999998865, 41.15350000000238, 40.0, 0.0
7.419999999999886, 41.153600000002385, 40.0, 0.0
7.429999999999886, 41.15370000000239, 40.0, 0.0
7.439999999999886, 41.15380000000239, 40.0, 0.0
7.449999999999886, 41.153900000002395, 40.0, 0.0
7.459999999999885, 41.1540000000024, 40.0, 0.0
7.469999999999885, 41.1541000000024, 40.0, 0.0
7.479999999999885, 41.154200000002405, 40.0, 0.0
7.489999999999885, 41.15430000000241, 40.0, 0.0
7.4999999999998845, 41.15440000000241, 40.0, 0.0
7.509999999999884, 41.154500000002415, 40.0, 0.0
7.519999999999884, 41.15460000000242, 40.0, 0.0
7.529999999999884, 41.15470000000242, 40.0, 0.0
7.539999999999884, 41.154800000002425, 40.0, 0.0
7.5499999999998835, 41.15490000000243, 40.0, 0.0
7.559999999999883, 41.15500000000243, 40.0, 0.0
7.569999999999883, 41.155100000002435, 40.0, 0.0
7.579999999999883, 41.15520000000244, 40.0, 0.0
7.589999999999883, 41.15530000000244, 40.0, 0.0
7.599999999999882, 41.155400000002444, 40.0, 0.0
7.609999999999882, 41.15550000000245, 40.0, 0.0
7.619999999999882, 41.15560000000245, 40.0, 0.0
7.629999999999882, 41.155700000002454, 40.0, 0.0
7.6399999999998816, 41.15580000000246, 40.0, 0.0
7.649999999999881, 41.15590000000246, 40.0, 0.0
7.659999999999881, 41.156000000002464, 40.0, 0.0
7.669999999999881, 41.15610000000247, 40.0, 0.0
7.679999999999881, 41.15620000000247, 40.0, 0.0
7.6899999999998805, 41.156300000002474, 40.0, 0.0
7.69999999999988, 41.15640000000248, 40.0, 0.0
7.70999999999988, 41.15650000000248, 40.0, 0.0
7.71999999999988, 41.156600000002484, 40.0, 0.0
7.72999999999988, 41.15670000000249, 40.0, 0.0
7.739999999999879, 41.15680000000249, 40.0, 0.0
7.749999999999879, 41.156900000002494, 40.0, 0.0
7.759999999999879, 41.1570000000025, 40.0, 0.0
7.769999999999879, 41.1571000000025, 40.0, 0.0
7.779999999999879, 41.157200000002504, 40.0, 0.0
7.789999999999878, 41.15730000000251, 40.0, 0.0
7.799999999999878, 41.15740000000251, 40.0, 0.0
7.809999999999878, 41.157500000002514, 40.0, 0.0
7.819999999999878, 41.15760000000252, 40.0, 0.0
7.8299999999998775, 41.15770000000252, 40.0, 0.0
7.839999999999877, 41.157800000002524, 40.0, 0.0
7.849999999999877, 41.15790000000253, 40.0, 0.0
7.859999999999877, 41.15800000000253, 40.0, 0.0
7.869999999999877, 41.158100000002534, 40.0, 0.0
7.879999999999876, 41.15820000000254, 40.0, 0.0
7.889999999999876, 41.15830000000254, 40.0, 0.0
7.899999999999876, 41.158400000002544, 40.0, 0.0
7.909999999999876, 41.15850000000255, 40.0, 0.0
7.919999999999876, 41.15860000000255, 40.0, 0.0
7.929999999999875, 41.158700000002554, 40.0, 0.0
7.939999999999875, 41.15880000000256, 40.0, 0.0
7.949999999999875, 41.15890000000256, 40.0, 0.0
7.959999999999875, 41.159000000002564, 40.0, 0.0
7.9699999999998745, 41.15910000000257, 40.0, 0.0
7.979999999999874, 41.15920000000257, 40.0, 0.0
7.989999999999874, 41.159300000002574, 40.0, 0.0
7.999999999999874, 41.15940000000258, 40.0, 0.0
8.009999999999874, 41.15950000000258, 40.0, 0.0
8.019999999999873, 41.159600000002584, 40.0, 0.0
8.029999999999873, 41.15970000000259, 40.0, 0.0
8.039999999999873, 41.15980000000259, 40.0, 0.0
8.049999999999873, 41.159900000002594, 40.0, 0.0
8.059999999999873, 41.1600000000026, 40.0, 0.0
8.069999999999872, 41.1601000000026, 40.0, 0.0
8.079999999999872, 41.160200000002604, 40.0, 0.0
8.089999999999872, 41.16030000000261, 40.0, 0.0
8.099999999999872, 41.16040000000261, 40.0, 0.0
8.109999999999872, 41.160500000002614, 40.0, 0.0
8.119999999999871, 41.16060000000262, 40.0, 0.0
8.129999999999871, 41.16070000000262, 40.0, 0.0
8.139999999999871, 41.18070000000262, 40.0, 0.0
8.14999999999987, 41.20070000000263, 40.0, 0.0
8.15999999999987, 41.22070000000263, 40.0, 0.0
8.16999999999987, 41.24070000000263, 40.0, 0.0
8.17999999999987, 41.260700000002636, 40.0, 0.0
8.18999999999987, 41.28070000000264, 40.0, 0.0
8.19999999999987, 41.30070000000264, 40.0, 0.0
8.20999999999987, 41.320700000002645, 40.0, 0.0
8.21999999999987, 41.34070000000265, 40.0, 0.0
8.229999999999869, 41.36070000000265, 40.0, 0.0
8.239999999999869, 41.380700000002655, 40.0, 0.0
8.249999999999869, 41.40070000000266, 40.0, 0.0
8.259999999999868, 41.42070000000266, 40.0, 0.0
8.269999999999868, 41.440700000002664, 40.0, 0.0
8.279999999999868, 41.46070000000267, 40.0, 0.0
8.289999999999868, 41.48070000000267, 40.0, 0.0
8.299999999999867, 41.500700000002674, 40.0, 0.0
8.309999999999867, 41.52070000000268, 40.0, 0.0
8.319999999999867, 41.54070000000268, 40.0, 0.0
8.329999999999867, 41.56070000000268, 40.0, 0.0
8.339999999999867, 41.580700000002686, 40.0, 0.0
8.349999999999866, 41.60070000000269, 40.0, 0.0
8.359999999999866, 41.62070000000269, 40.0, 0.0
8.369999999999866, 41.640700000002695, 40.0, 0.0
8.379999999999866, 41.6607000000027, 40.0, 0.0
8.389999999999866, 41.6807000000027, 40.0, 0.0
8.399999999999865, 41.700700000002705, 40.0, 0.0
8.409999999999865, 41.72070000000271, 40.0, 0.0
8.419999999999865, 41.74070000000271, 40.0, 0.0
8.429999999999865, 41.760700000002714, 40.0, 0.0
8.439999999999864, 41.78070000000272, 40.0, 0.0
8.449999999999864, 41.80070000000272, 40.0, 0.0
8.459999999999864, 41.820700000002724, 40.0, 0.0
8.469999999999864, 41.84070000000273, 40.0, 0.0
8.479999999999864, 41.86070000000273, 40.0, 0.0
8.489999999999863, 41.88070000000273, 40.0, 0.0
8.499999999999863, 41.900700000002736, 40.0, 0.0
8.509999999999863, 41.92070000000274, 40.0, 0.0
8.519999999999863, 41.94070000000274, 40.0, 0.0
8.529999999999863, 41.960700000002745, 40.0, 0.0
8.539999999999862, 41.98070000000275, 40.0, 0.0
8.549999999999862, 42.00070000000275, 40.0, 0.0
8.559999999999862, 42.020700000002755, 40.0, 0.0
8.569999999999862, 42.04070000000276, 40.0, 0.0
8.579999999999862, 42.06070000000276, 40.0, 0.0
8.589999999999861, 42.080700000002764, 40.0, 0.0
8.599999999999861, 42.10070000000277, 40.0, 0.0
8.60999999999986, 42.12070000000277, 40.0, 0.0
8.61999999999986, 42.140700000002774, 40.0, 0.0
8.62999999999986, 42.16070000000278, 40.0, 0.0
8.63999999999986, 42.18070000000278, 40.0, 0.0
8.64999999999986, 42.20070000000278, 40.0, 0.0
8.65999999999986, 42.220700000002786, 40.0, 0.0
8.66999999999986, 42.24070000000279, 40.0, 0.0
8.67999999999986, 42.26070000000279, 40.0, 0.0
8.68999999999986, 42.280700000002795, 40.0, 0.0
8.699999999999859, 42.3007000000028, 40.0, 0.0
8.709999999999859, 42.3207000000028, 40.0, 0.0
8.719999999999859, 42.340700000002805, 40.0, 0.0
8.729999999999858, 42.36070000000281, 40.0, 0.0
8.739999999999858, 42.38070000000281, 40.0, 0.0
8.749999999999858, 42.400700000002814, 40.0, 0.0
8.759999999999858, 42.42070000000282, 40.0, 0.0
8.769999999999857, 42.44070000000282, 40.0, 0.0
8.779999999999857, 42.460700000002824, 40.0, 0.0
8.789999999999857, 42.48070000000283, 40.0, 0.0
8.799999999999857, 42.50070000000283, 40.0, 0.0
8.809999999999857, 42.52070000000283, 40.0, 0.0
8.819999999999856, 42.540700000002836, 40.0, 0.0
8.829999999999856, 42.56070000000284, 40.0, 0.0
8.839999999999856, 42.58070000000284, 40.0, 0.0
8.849999999999856, 42.600700000002846, 40.0, 0.0
8.859999999999856, 42.62070000000285, 40.0, 0.0
8.869999999999855, 42.64070000000285, 40.0, 0.0
8.879999999999855, 42.660700000002855, 40.0, 0.0
8.889999999999855, 42.68070000000286, 40.0, 0.0
8.899999999999855, 42.70070000000286, 40.0, 0.0
8.909999999999854, 42.720700000002864, 40.0, 0.0
8.919999999999854, 42.74070000000287, 40.0, 0.0
8.929999999999854, 42.76070000000287, 40.0, 0.0
8.939999999999854, 42.780700000002874, 40.0, 0.0
8.949999999999854, 42.80070000000288, 40.0, 0.0
8.959999999999853, 42.82070000000288, 40.0, 0.0
8.969999999999853, 42.84070000000288, 40.0, 0.0
8.979999999999853, 42.860700000002886, 40.0, 0.0
8.989999999999853, 42.88070000000289, 40.0, 0.0
8.999999999999853, 42.90070000000289, 40.0, 0.0
9.009999999999852, 42.920700000002896, 40.0, 0.0
9.019999999999852, 42.9407000000029, 40.0, 0.0
9.029999999999852, 42.9607000000029, 40.0, 0.0
9.039999999999852, 42.980700000002905, 40.0, 0.0
9.049999999999851, 43.00070000000291, 40.0, 0.0
9.059999999999851, 43.02070000000291, 40.0, 0.0
9.069999999999851, 43.040700000002914, 40.0, 0.0
9.07999999999985, 43.06070000000292, 40.0, 0.0
9.08999999999985, 43.08070000000292, 40.0, 0.0
9.09999999999985, 43.100700000002924, 40.0, 0.0
9.10999999999985, 43.12070000000293, 40.0, 0.0
9.11999999999985, 43.14070000000293, 40.0, 0.0
9.12999999999985, 43.16070000000293, 40.0, 0.0
9.13999999999985, 43.180700000002936, 40.0, 0.0
9.14999999999985, 43.18080000000294, 40.0, 0.0
9.15999999999985, 43.18090000000294, 40.0, 0.0
9.169999999999849, 43.181000000002946, 40.0, 0.0
9.179999999999849, 43.18110000000295, 40.0, 0.0
9.189999999999849, 43.18120000000295, 40.0, 0.0
9.199999999999848, 43.181300000002956, 40.0, 0.0
9.209999999999848, 43.18140000000296, 40.0, 0.0
9.219999999999848, 43.18150000000296, 40.0, 0.0
9.229999999999848, 43.181600000002966, 40.0, 0.0
9.239999999999847, 43.18170000000297, 40.0, 0.0
9.249999999999847, 43.18180000000297, 40.0, 0.0
9.259999999999847, 43.181900000002976, 40.0, 0.0
9.269999999999847, 43.18200000000298, 40.0, 0.0
9.279999999999847, 43.18210000000298, 40.0, 0.0
9.289999999999846, 43.182200000002986, 40.0, 0.0
9.299999999999846, 43.18230000000299, 40.0, 0.0
9.309999999999846, 43.18240000000299, 40.0, 0.0
9.319999999999846, 43.182500000002996, 40.0, 0.0
9.329999999999846, 43.182600000003, 40.0, 0.0
9.339999999999845, 43.182700000003, 40.0, 0.0
9.349999999999845, 43.182800000003006, 40.0, 0.0
9.359999999999845, 43.18290000000301, 40.0, 0.0
9.369999999999845, 43.18300000000301, 40.0, 0.0
9.379999999999844, 43.183100000003016, 40.0, 0.0
9.389999999999844, 43.18320000000302, 40.0, 0.0
9.399999999999844, 43.18330000000302, 40.0, 0.0
9.409999999999844, 43.183400000003026, 40.0, 0.0
9.419999999999844, 43.18350000000303, 40.0, 0.0
9.429999999999843, 43.18360000000303, 40.0, 0.0
9.439999999999843, 43.183700000003036, 40.0, 0.0
9.449999999999843, 43.18380000000304, 40.0, 0.0
9.459999999999843, 43.18390000000304, 40.0, 0.0
9.469999999999843, 43.184000000003046, 40.0, 0.0
9.479999999999842, 43.18410000000305, 40.0, 0.0
9.489999999999842, 43.18420000000305, 40.0, 0.0
9.499999999999842, 43.184300000003056, 40.0, 0.0
9.509999999999842, 43.18440000000306, 40.0, 0.0
9.519999999999841, 43.18450000000306, 40.0, 0.0
9.529999999999841, 43.184600000003066, 40.0, 0.0
9.539999999999841, 43.18470000000307, 40.0, 0.0
9.54999999999984, 43.18480000000307, 40.0, 0.0
9.55999999999984, 43.184900000003076, 40.0, 0.0
9.56999999999984, 43.18500000000308, 40.0, 0.0
9.57999999999984, 43.18510000000308, 40.0, 0.0
9.58999999999984, 43.185200000003086, 40.0, 0.0
9.59999999999984, 43.18530000000309, 40.0, 0.0
9.60999999999984, 43.18540000000309, 40.0, 0.0
9.61999999999984, 43.185500000003096, 40.0, 0.0
9.62999999999984, 43.1856000000031, 40.0, 0.0
9.639999999999839, 43.1857000000031, 40.0, 0.0
9.649999999999839, 43.185800000003105, 40.0, 0.0
9.659999999999838, 43.18590000000311, 40.0, 0.0
9.669999999999838, 43.18600000000311, 40.0, 0.0
9.679999999999838, 43.186100000003115, 40.0, 0.0
9.689999999999838, 43.18620000000312, 40.0, 0.0
9.699999999999838, 43.18630000000312, 40.0, 0.0
9.709999999999837, 43.186400000003125, 40.0, 0.0
9.719999999999837, 43.18650000000313, 40.0, 0.0
9.729999999999837, 43.18660000000313, 40.0, 0.0
9.739999999999837, 43.186700000003135, 40.0, 0.0
9.749999999999837, 43.18680000000314, 40.0, 0.0
9.759999999999836, 43.18690000000314, 40.0, 0.0
9.769999999999836, 43.187000000003145, 40.0, 0.0
9.779999999999836, 43.18710000000315, 40.0, 0.0
9.789999999999836, 43.18720000000315, 40.0, 0.0
9.799999999999836, 43.187300000003155, 40.0, 0.0
9.809999999999835, 43.18740000000316, 40.0, 0.0
9.819999999999835, 43.18750000000316, 40.0, 0.0
9.829999999999835, 43.187600000003165, 40.0, 0.0
9.839999999999835, 43.18770000000317, 40.0, 0.0
9.849999999999834, 43.18780000000317, 40.0, 0.0
9.859999999999834, 43.187900000003175, 40.0, 0.0
9.869999999999834, 43.18800000000318, 40.0, 0.0
9.879999999999834, 43.18810000000318, 40.0, 0.0
9.889999999999834, 43.188200000003185, 40.0, 0.0
9.899999999999833, 43.18830000000319, 40.0, 0.0
9.909999999999833, 43.18840000000319, 40.0, 0.0
9.919999999999833, 43.188500000003195, 40.0, 0.0
9.929999999999833, 43.1886000000032, 40.0, 0.0
9.939999999999833, 43.1887000000032, 40.0, 0.0
9.949999999999832, 43.188800000003205, 40.0, 0.0
9.959999999999832, 43.18890000000321, 40.0, 0.0
9.969999999999832, 43.18900000000321, 40.0, 0.0
9.979999999999832, 43.189100000003215, 40.0, 0.0
9.989999999999831, 43.18920000000322, 40.0, 0.0
9.999999999999831, 43.18930000000322, 40.0, 0.0
10.009999999999831, 43.189400000003225, 40.0, 0.0
10.01999999999983, 43.18950000000323, 40.0, 0.0
10.02999999999983, 43.18960000000323, 40.0, 0.0
10.03999999999983, 43.189700000003235, 40.0, 0.0
10.04999999999983, 43.18980000000324, 40.0, 0.0
10.05999999999983, 43.18990000000324, 40.0, 0.0
10.06999999999983, 43.190000000003245, 40.0, 0.0
10.07999999999983, 43.19010000000325, 40.0, 0.0
10.08999999999983, 43.19020000000325, 40.0, 0.0
10.09999999999983, 43.190300000003255, 40.0, 0.0
10.109999999999829, 43.19040000000326, 40.0, 0.0
10.119999999999829, 43.19050000000326, 40.0, 0.0
10.129999999999828, 43.190600000003265, 40.0, 0.0
10.139999999999828, 43.19070000000327, 40.0, 0.0
10.149999999999828, 43.19080000000327, 40.0, 0.0
10.159999999999828, 43.190900000003275, 40.0, 0.0
10.169999999999828, 43.19100000000328, 40.0, 0.0
