0.01, 80.0, 100.0
0.02, 80.0, 100.0
0.03, 80.0, 100.0
0.04, 80.0, 100.0
0.05, 80.0, 100.0
0.060000000000000005, 80.0, 100.0
0.07, 80.0, 100.0
0.08, 80.0, 100.0
0.09, 80.0, 100.0
0.09999999999999999, 80.0, 100.0
0.10999999999999999, 80.0, 100.0
0.11999999999999998, 80.0, 100.0
0.12999999999999998, 80.0, 100.0
0.13999999999999999, 80.0, 100.0
0.15, 80.0, 100.0
0.16, 80.0, 100.0
0.17, 80.0, 100.0
0.18000000000000002, 80.0, 100.0
0.19000000000000003, 80.0, 100.0
0.20000000000000004, 80.0, 100.0
0.21000000000000005, 80.0, 100.0
0.22000000000000006, 80.0, 100.0
0.23000000000000007, 80.0, 100.0
0.24000000000000007, 80.0, 100.0
0.25000000000000006, 80.0, 100.0
0.26000000000000006, 80.0, 100.0
0.2700000000000001, 80.0, 100.0
0.2800000000000001, 80.0, 100.0
0.2900000000000001, 80.0, 100.0
0.3000000000000001, 80.0, 100.0
0.3100000000000001, 80.0, 100.0
0.3200000000000001, 80.0, 100.0
0.3300000000000001, 80.0, 100.0
0.34000000000000014, 80.0, 100.0
0.35000000000000014, 80.0, 100.0
0.36000000000000015, 80.0, 100.0
0.37000000000000016, 80.0, 100.0
0.38000000000000017, 80.0, 100.0
0.3900000000000002, 80.0, 100.0
0.4000000000000002, 80.0, 100.0
0.4100000000000002, 80.0, 100.0
0.4200000000000002, 80.0, 100.0
0.4300000000000002, 80.0, 100.0
0.4400000000000002, 80.0, 100.0
0.45000000000000023, 80.0, 100.0
0.46000000000000024, 80.0, 100.0
0.47000000000000025, 80.0, 100.0
0.48000000000000026, 80.0, 100.0
0.49000000000000027, 80.0, 100.0
0.5000000000000002, 80.0, 100.0
0.5100000000000002, 80.0, 100.0
0.5200000000000002, 80.0, 100.0
0.5300000000000002, 80.0, 100.0
0.5400000000000003, 80.0, 100.0
0.5500000000000003, 80.0, 100.0
0.5600000000000003, 80.0, 100.0
0.5700000000000003, 80.0, 100.0
0.5800000000000003, 80.0, 100.0
0.5900000000000003, 80.0, 100.0
0.6000000000000003, 80.0, 100.0
0.6100000000000003, 80.0, 100.0
0.6200000000000003, 80.0, 100.0
0.6300000000000003, 80.0, 100.0
0.6400000000000003, 80.0, 100.0
0.6500000000000004, 80.0, 100.0
0.6600000000000004, 80.0, 100.0
0.6700000000000004, 80.0, 100.0
0.6800000000000004, 80.0, 100.0
0.6900000000000004, 80.0, 100.0
0.7000000000000004, 80.0, 100.0
0.7100000000000004, 80.0, 100.0
0.7200000000000004, 80.0, 100.0
0.7300000000000004, 80.0, 100.0
0.7400000000000004, 80.0, 100.0
0.7500000000000004, 80.0, 100.0
0.7600000000000005, 80.0, 100.0
0.7700000000000005, 80.0, 100.0
0.7800000000000005, 80.0, 100.0
0.7900000000000005, 80.0, 100.0
0.8000000000000005, 80.0, 100.0
0.8100000000000005, 80.0, 100.0
0.8200000000000005, 80.0, 100.0
0.8300000000000005, 80.0, 100.0
0.8400000000000005, 80.0, 100.0
0.8500000000000005, 80.0, 100.0
0.8600000000000005, 80.0, 100.0
0.8700000000000006, 80.0, 100.0
0.8800000000000006, 80.0, 100.0
0.8900000000000006, 80.0, 100.0
0.9000000000000006, 80.0, 100.0
0.9100000000000006, 80.0, 100.0
0.9200000000000006, 80.0, 100.0
0.9300000000000006, 80.0, 100.0
0.9400000000000006, 80.0, 100.0
0.9500000000000006, 80.0, 100.0
0.9600000000000006, 80.0, 100.0
0.9700000000000006, 80.0, 100.0
0.9800000000000006, 80.0, 100.0
0.9900000000000007, 80.0, 100.0
1.0000000000000007, 80.0, 100.0
1.0100000000000007, 80.0, 100.0
1.0200000000000007, 80.0, 100.0
1.0300000000000007, 80.0, 100.0
1.0400000000000007, 80.0, 100.0
1.0500000000000007, 80.0, 100.0
1.0600000000000007, 80.0, 100.0
1.0700000000000007, 80.0, 100.0
1.0800000000000007, 80.0, 100.0
1.0900000000000007, 80.0, 100.0
1.1000000000000008, 80.0, 100.0
1.1100000000000008, 80.0, 100.0
1.1200000000000008, 80.0, 100.0
1.1300000000000008, 80.0, 100.0
1.1400000000000008, 80.0, 100.0
1.1500000000000008, 80.0, 100.0
1.1600000000000008, 80.0, 100.0
1.1700000000000008, 80.0, 100.0
1.1800000000000008, 80.0, 100.0
1.1900000000000008, 80.0, 100.0
1.2000000000000008, 80.0, 100.0
1.2100000000000009, 80.0, 100.0
1.2200000000000009, 80.0, 100.0
1.2300000000000009, 80.0, 100.0
1.2400000000000009, 80.0, 100.0
1.2500000000000009, 80.0, 100.0
1.260000000000001, 80.0, 100.0
1.270000000000001, 80.0, 100.0
1.280000000000001, 80.0, 100.0
1.290000000000001, 80.0, 100.0
1.300000000000001, 80.0, 100.0
1.310000000000001, 80.0, 100.0
1.320000000000001, 80.0, 100.0
1.330000000000001, 80.0, 100.0
1.340000000000001, 80.0, 100.0
1.350000000000001, 80.0, 100.0
1.360000000000001, 80.0, 100.0
1.370000000000001, 80.0, 100.0
1.380000000000001, 80.0, 100.0
1.390000000000001, 80.0, 100.0
1.400000000000001, 80.0, 100.0
1.410000000000001, 80.0, 100.0
1.420000000000001, 80.0, 100.0
1.430000000000001, 80.0, 100.0
1.440000000000001, 80.0, 100.0
1.450000000000001, 80.0, 100.0
1.460000000000001, 80.0, 100.0
1.470000000000001, 80.0, 100.0
1.480000000000001, 80.0, 100.0
1.490000000000001, 80.0, 100.0
1.500000000000001, 80.0, 100.0
1.5100000000000011, 80.0, 100.0
1.5200000000000011, 80.0, 100.0
1.5300000000000011, 80.0, 100.0
1.5400000000000011, 80.0, 100.0
1.5500000000000012, 80.0, 100.0
1.5600000000000012, 80.0, 100.0
1.5700000000000012, 80.0, 100.0
1.5800000000000012, 80.0, 100.0
1.5900000000000012, 80.0, 100.0
1.6000000000000012, 80.0, 100.0
1.6100000000000012, 80.0, 100.0
1.6200000000000012, 80.0, 100.0
1.6300000000000012, 80.0, 100.0
1.6400000000000012, 80.0, 100.0
1.6500000000000012, 80.0, 100.0
1.6600000000000013, 80.0, 100.0
1.6700000000000013, 80.0, 100.0
1.6800000000000013, 80.0, 100.0
1.6900000000000013, 80.0, 100.0
1.7000000000000013, 80.0, 100.0
1.7100000000000013, 80.0, 100.0
1.7200000000000013, 80.0, 100.0
1.7300000000000013, 80.0, 100.0
1.7400000000000013, 80.0, 100.0
1.7500000000000013, 80.0, 100.0
1.7600000000000013, 80.0, 100.0
1.7700000000000014, 80.0, 100.0
1.7800000000000014, 80.0, 100.0
1.7900000000000014, 80.0, 100.0
1.8000000000000014, 80.0, 100.0
1.8100000000000014, 80.0, 100.0
1.8200000000000014, 80.0, 100.0
1.8300000000000014, 80.0, 100.0
1.8400000000000014, 80.0, 100.0
1.8500000000000014, 80.0, 100.0
1.8600000000000014, 80.0, 100.0
1.8700000000000014, 80.0, 100.0
1.8800000000000014, 80.0, 100.0
1.8900000000000015, 80.0, 100.0
1.9000000000000015, 80.0, 100.0
1.9100000000000015, 80.0, 100.0
1.9200000000000015, 80.0, 100.0
1.9300000000000015, 80.0, 100.0
1.9400000000000015, 80.0, 100.0
1.9500000000000015, 80.0, 100.0
1.9600000000000015, 80.0, 100.0
1.9700000000000015, 80.0, 100.0
1.9800000000000015, 80.0, 100.0
1.9900000000000015, 80.0, 100.0
2.0000000000000013, 80.0, 100.0
2.010000000000001, 80.0, 100.0
2.020000000000001, 80.0, 100.0
2.0300000000000007, 80.0, 100.0
2.0400000000000005, 80.0, 100.0
2.0500000000000003, 80.0, 100.0
2.06, 80.0, 100.0
2.07, 80.0, 100.0
2.0799999999999996, 80.0, 100.0
2.0899999999999994, 80.0, 100.0
2.099999999999999, 80.0, 100.0
2.109999999999999, 80.0, 100.0
2.1199999999999988, 80.0, 100.0
2.1299999999999986, 80.0, 100.0
2.1399999999999983, 80.0, 100.0
2.149999999999998, 80.0, 100.0
2.159999999999998, 80.0, 100.0
2.1699999999999977, 80.0, 100.0
2.1799999999999975, 80.0, 100.0
2.1899999999999973, 80.0, 100.0
2.199999999999997, 80.0, 100.0
2.209999999999997, 80.0, 100.0
2.2199999999999966, 80.0, 100.0
2.2299999999999964, 80.0, 100.0
2.239999999999996, 80.0, 100.0
2.249999999999996, 80.0, 100.0
2.259999999999996, 80.0, 100.0
2.2699999999999956, 80.0, 100.0
2.2799999999999954, 80.0, 100.0
2.289999999999995, 80.0, 100.0
2.299999999999995, 80.0, 100.0
2.3099999999999947, 80.0, 100.0
2.3199999999999945, 80.0, 100.0
2.3299999999999943, 80.0, 100.0
2.339999999999994, 80.0, 100.0
2.349999999999994, 80.0, 100.0
2.3599999999999937, 80.0, 100.0
2.3699999999999934, 80.0, 100.0
2.3799999999999932, 80.0, 100.0
2.389999999999993, 80.0, 100.0
2.399999999999993, 80.0, 100.0
2.4099999999999926, 80.0, 100.0
2.4199999999999924, 80.0, 100.0
2.429999999999992, 80.0, 100.0
2.439999999999992, 80.0, 100.0
2.4499999999999917, 80.0, 100.0
2.4599999999999915, 80.0, 100.0
2.4699999999999913, 80.0, 100.0
2.479999999999991, 80.0, 100.0
2.489999999999991, 80.0, 100.0
2.4999999999999907, 80.0, 100.0
2.5099999999999905, 80.0, 100.0
2.5199999999999902, 80.0, 100.0
2.52999999999999, 80.0, 100.0
2.53999999999999, 80.0, 100.0
2.5499999999999896, 80.0, 100.0
2.5599999999999894, 80.0, 100.0
2.569999999999989, 80.0, 100.0
2.579999999999989, 80.0, 100.0
2.5899999999999888, 80.0, 100.0
2.5999999999999885, 80.0, 100.0
2.6099999999999883, 80.0, 100.0
2.619999999999988, 80.0, 100.0
2.629999999999988, 80.0, 100.0
2.6399999999999877, 80.0, 100.0
2.6499999999999875, 80.0, 100.0
2.6599999999999873, 80.0, 100.0
2.669999999999987, 80.0, 100.0
2.679999999999987, 80.0, 100.0
2.6899999999999866, 80.0, 100.0
2.6999999999999864, 80.0, 100.0
2.709999999999986, 80.0, 100.0
2.719999999999986, 80.0, 100.0
2.7299999999999858, 80.0, 100.0
2.7399999999999856, 80.0, 100.0
2.7499999999999853, 80.0, 100.0
2.759999999999985, 80.0, 100.0
2.769999999999985, 80.0, 100.0
2.7799999999999847, 80.0, 100.0
2.7899999999999845, 80.0, 100.0
2.7999999999999843, 80.0, 100.0
2.809999999999984, 80.0, 100.0
2.819999999999984, 80.0, 100.0
2.8299999999999836, 80.0, 100.0
2.8399999999999834, 80.0, 100.0
2.849999999999983, 80.0, 100.0
2.859999999999983, 80.0, 100.0
2.869999999999983, 80.0, 100.0
2.8799999999999826, 80.0, 100.0
2.8899999999999824, 80.0, 100.0
2.899999999999982, 80.0, 100.0
2.909999999999982, 80.0, 100.0
2.9199999999999817, 80.0, 100.0
2.9299999999999815, 80.0, 100.0
2.9399999999999813, 80.0, 100.0
2.949999999999981, 80.0, 100.0
2.959999999999981, 80.0, 100.0
2.9699999999999807, 80.0, 100.0
2.9799999999999804, 80.0, 100.0
2.9899999999999802, 80.0, 100.0
2.99999999999998, 80.0, 100.0
3.00999999999998, 80.0, 100.0
3.0199999999999796, 80.0, 100.0
3.0299999999999794, 80.0, 100.0
3.039999999999979, 80.0, 100.0
3.049999999999979, 80.0, 100.0
3.0599999999999787, 80.0, 100.0
3.0699999999999785, 80.0, 100.0
3.0799999999999783, 80.0, 100.0
3.089999999999978, 80.0, 100.0
3.099999999999978, 80.0, 100.0
3.1099999999999777, 80.0, 100.0
3.1199999999999775, 80.0, 100.0
3.1299999999999772, 80.0, 100.0
3.139999999999977, 80.0, 100.0
3.149999999999977, 80.0, 100.0
3.1599999999999766, 80.0, 100.0
3.1699999999999764, 80.0, 100.0
3.179999999999976, 80.0, 100.0
3.189999999999976, 80.0, 100.0
3.1999999999999758, 80.0, 100.0
3.2099999999999755, 80.0, 100.0
3.2199999999999753, 80.0, 100.0
3.229999999999975, 80.0, 100.0
3.239999999999975, 80.0, 100.0
3.2499999999999747, 80.0, 100.0
3.2599999999999745, 80.0, 100.0
3.2699999999999743, 80.0, 100.0
3.279999999999974, 80.0, 100.0
3.289999999999974, 80.0, 100.0
3.2999999999999736, 80.0, 100.0
3.3099999999999734, 80.0, 100.0
3.319999999999973, 80.0, 100.0
3.329999999999973, 80.0, 100.0
3.3399999999999728, 80.0, 100.0
3.3499999999999726, 80.0, 100.0
3.3599999999999723, 80.0, 100.0
3.369999999999972, 80.0, 100.0
3.379999999999972, 80.0, 100.0
3.3899999999999717, 80.0, 100.0
3.3999999999999715, 80.0, 100.0
3.4099999999999713, 80.0, 100.0
3.419999999999971, 80.0, 100.0
3.429999999999971, 80.0, 100.0
3.4399999999999706, 80.0, 100.0
3.4499999999999704, 80.0, 100.0
3.45999999999997, 80.0, 100.0
3.46999999999997, 80.0, 100.0
3.47999999999997, 80.0, 100.0
3.4899999999999696, 80.0, 100.0
3.4999999999999694, 80.0, 100.0
3.509999999999969, 80.0, 100.0
3.519999999999969, 80.0, 100.0
3.5299999999999687, 80.0, 100.0
3.5399999999999685, 80.0, 100.0
3.5499999999999683, 80.0, 100.0
3.559999999999968, 80.0, 100.0
3.569999999999968, 80.0, 100.0
3.5799999999999677, 80.0, 100.0
3.5899999999999674, 80.0, 100.0
3.5999999999999672, 80.0, 100.0
3.609999999999967, 80.0, 100.0
3.619999999999967, 80.0, 100.0
3.6299999999999666, 80.0, 100.0
3.6399999999999664, 80.0, 100.0
3.649999999999966, 80.0, 100.0
3.659999999999966, 80.0, 100.0
3.6699999999999657, 80.0, 100.0
3.6799999999999655, 80.0, 100.0
3.6899999999999653, 80.0, 100.0
3.699999999999965, 80.0, 100.0
3.709999999999965, 80.0, 100.0
3.7199999999999647, 80.0, 100.0
3.7299999999999645, 80.0, 100.0
3.7399999999999642, 80.0, 100.0
3.749999999999964, 80.0, 100.0
3.759999999999964, 80.0, 100.0
3.7699999999999636, 80.0, 100.0
3.7799999999999634, 80.0, 100.0
3.789999999999963, 80.0, 100.0
3.799999999999963, 80.0, 100.0
3.8099999999999627, 80.0, 100.0
3.8199999999999625, 80.0, 100.0
3.8299999999999623, 80.0, 100.0
3.839999999999962, 80.0, 100.0
3.849999999999962, 80.0, 100.0
3.8599999999999617, 80.0, 100.0
3.8699999999999615, 80.0, 100.0
3.8799999999999613, 80.0, 100.0
3.889999999999961, 80.0, 100.0
3.899999999999961, 80.0, 100.0
3.9099999999999606, 80.0, 100.0
3.9199999999999604, 80.0, 100.0
3.92999999999996, 80.0, 100.0
3.93999999999996, 80.0, 100.0
3.9499999999999598, 80.0, 100.0
3.9599999999999596, 80.0, 100.0
3.9699999999999593, 80.0, 100.0
3.979999999999959, 80.0, 100.0
3.989999999999959, 80.0, 100.0
3.9999999999999587, 80.0, 100.0
4.009999999999959, 80.0, 100.0
4.019999999999959, 80.0, 100.0
4.0299999999999585, 80.0, 100.0
4.039999999999958, 80.0, 100.0
4.049999999999958, 80.0, 100.0
4.059999999999958, 80.0, 100.0
4.069999999999958, 80.0, 100.0
4.079999999999957, 80.0, 100.0
4.089999999999957, 80.0, 100.0
4.099999999999957, 80.0, 100.0
4.109999999999957, 80.0, 100.0
4.119999999999957, 80.0, 100.0
4.129999999999956, 80.0, 100.0
4.139999999999956, 80.0, 100.0
4.149999999999956, 80.0, 100.0
4.159999999999956, 80.0, 100.0
4.1699999999999555, 80.0, 100.0
4.179999999999955, 80.0, 100.0
4.189999999999955, 80.0, 100.0
4.199999999999955, 80.0, 100.0
4.209999999999955, 80.0, 100.0
4.2199999999999545, 80.0, 100.0
4.229999999999954, 80.0, 100.0
4.239999999999954, 80.0, 100.0
4.249999999999954, 80.0, 100.0
4.259999999999954, 80.0, 100.0
4.269999999999953, 80.0, 100.0
4.279999999999953, 80.0, 100.0
4.289999999999953, 80.0, 100.0
4.299999999999953, 80.0, 100.0
4.3099999999999525, 80.0, 100.0
4.319999999999952, 80.0, 100.0
4.329999999999952, 80.0, 100.0
4.339999999999952, 80.0, 100.0
4.349999999999952, 80.0, 100.0
4.3599999999999515, 80.0, 100.0
4.369999999999951, 80.0, 100.0
4.379999999999951, 80.0, 100.0
4.389999999999951, 80.0, 100.0
4.399999999999951, 80.0, 100.0
4.40999999999995, 80.0, 100.0
4.41999999999995, 80.0, 100.0
4.42999999999995, 80.0, 100.0
4.43999999999995, 80.0, 100.0
4.4499999999999496, 80.0, 100.0
4.459999999999949, 80.0, 100.0
4.469999999999949, 80.0, 100.0
4.479999999999949, 80.0, 100.0
4.489999999999949, 80.0, 100.0
4.4999999999999485, 80.0, 100.0
4.509999999999948, 80.0, 100.0
4.519999999999948, 80.0, 100.0
4.529999999999948, 80.0, 100.0
4.539999999999948, 80.0, 100.0
4.549999999999947, 80.0, 100.0
4.559999999999947, 80.0, 100.0
4.569999999999947, 80.0, 100.0
4.579999999999947, 80.0, 100.0
4.589999999999947, 80.0, 100.0
4.599999999999946, 80.0, 100.0
4.609999999999946, 80.0, 100.0
4.619999999999946, 80.0, 100.0
4.629999999999946, 80.0, 100.0
4.629999999999946, 80.0, 100.0
4.6399999999999455, 74.63499740678564, 101.90177474344446
4.649999999999945, 79.31381481536175, 98.60308229527175
4.659999999999945, 82.92848197984715, 94.38719883654784
4.669999999999945, 85.3980269986041, 89.68409591037853
4.679999999999945, 86.78009715633662, 84.85607433937052
4.689999999999944, 87.21663444827288, 80.17459088170789
4.699999999999944, 86.88821460089012, 75.81964447058023
4.709999999999944, 85.980983103777, 71.89208575969296
4.719999999999944, 84.6659538757161, 68.4313282229391
4.729999999999944, 83.08839208833051, 65.4335004396186
4.739999999999943, 81.36439856392622, 62.867309807984185
4.749999999999943, 79.58202232480808, 60.68651152491596
4.759999999999943, 77.80479151031898, 58.838894620098166
4.769999999999943, 76.07618616980774, 57.272232103234984
4.7799999999999425, 74.42413221879887, 55.93784639135474
4.789999999999942, 72.86501919256531, 54.792447802175715
4.799999999999942, 71.40703336235606, 53.79881221080889
4.809999999999942, 70.05277496672585, 52.92573833696226
4.819999999999942, 68.80122353172915, 52.14760192612905
4.8299999999999415, 67.64915615375786, 51.443720203731935
4.839999999999941, 66.59213198272562, 50.79766036921413
4.849999999999941, 65.62514732647941, 50.196569169686455
4.859999999999941, 64.74304964415754, 49.630562675391154
4.869999999999941, 63.940780930876684, 49.092191617104696
4.87999999999994, 63.21350455620465, 48.57598384198201
4.88999999999994, 62.556655718792655, 48.07805824617972
4.89999999999994, 61.96594456604118, 47.59580147504096
4.90999999999994, 61.43733246988885, 47.12759802536359
4.9199999999999395, 60.96699553111393, 46.67260500589059
4.929999999999939, 60.55128466022832, 46.2305640021428
4.939999999999939, 60.186688154499485, 45.80164383153098
4.949999999999939, 59.8698002314983, 45.38630923685186
4.959999999999939, 59.59729723707037, 44.98521164356191
4.9699999999999385, 59.36592203084406, 44.59909896366214
4.979999999999938, 59.17247622711036, 44.22874207251404
4.989999999999938, 59.01381943291733, 43.874876041293426
4.999999999999938, 58.88687430558837, 43.538154512634634
5.009999999999938, 58.7886360946965, 43.21911579731604
5.019999999999937, 58.71618529793296, 42.91815937991993
5.029999999999937, 58.666702114326114, 42.63553158082263
5.039999999999937, 58.637481496133695, 42.371319154557995
5.049999999999937, 58.625947761227934, 42.125449628733925
5.0599999999999365, 58.62966791326591, 41.89769721607929
5.069999999999936, 58.646363012758215, 41.6876931729208
5.079999999999936, 58.67391713641529, 41.49493953452031
5.089999999999936, 58.71038364550174, 41.318825232159426
5.099999999999936, 58.75398864939215, 41.15864368719449
5.1099999999999355, 58.80313169334195, 41.013611080457
5.119999999999935, 58.85638381691971, 40.88288460732201
5.129999999999935, 58.91248322060656, 40.76558014509325
5.139999999999935, 58.97032884324864, 40.66078887568717
5.149999999999935, 59.02897219401357, 40.567592518954676
5.159999999999934, 59.08760780178738, 40.485076936981756
5.169999999999934, 59.14556264565803, 40.41234396472742
5.179999999999934, 59.20228491567575, 40.34852140555163
5.189999999999934, 59.257332426936124, 40.292771200496254
5.199999999999934, 59.3103609755563, 40.24429583726302
5.209999999999933, 59.36111288539457, 40.20234310895007
5.219999999999933, 59.409405952116416, 40.16620936452631
5.229999999999933, 59.45512294872042, 40.13524141387166
5.239999999999933, 59.498201815733296, 40.108837261370816
5.2499999999999325, 59.538626621342566, 40.086445845030156
5.259999999999932, 59.576419342711304, 40.067565954440845
5.269999999999932, 59.61163249018883, 40.05174449214124
5.279999999999932, 59.64434257134696, 40.03857423043944
5.289999999999932, 59.67464437172364, 40.02769120079719
5.299999999999931, 59.70264601363055, 40.01877183653262
5.309999999999931, 59.728464743018634, 40.01152997277089
5.319999999999931, 59.75222338673847, 40.00571379097803
5.329999999999931, 59.77404741807311, 40.00110277959799
5.339999999999931, 59.794062566633585, 39.99750476766633
5.34999999999993, 59.81239290907887, 39.994753075047136
5.35999999999993, 59.82915937917057, 39.99270381127067
5.36999999999993, 59.84447863896232, 39.9912333448803
5.37999999999993, 59.85846225707307, 39.990235956701675
5.3899999999999295, 59.87121614467644, 39.98962168344226
5.399999999999929, 59.88284020478839, 39.98931435239752
5.409999999999929, 59.89342815543786, 39.9892498036417
5.419999999999929, 59.903067492196, 39.9893742927643
5.429999999999929, 59.91183956019838, 39.989643064826396
5.4399999999999284, 59.91981971013814, 39.99001908860465
5.449999999999928, 59.92707751668401, 39.9904719392281
5.459999999999928, 59.93367704135947, 39.990976816866535
5.469999999999928, 59.93967712510045, 39.991513689088265
5.479999999999928, 59.945131698496766, 39.99206654477238
5.489999999999927, 59.95009010013617, 39.99262274795294
5.499999999999927, 59.95459739553419, 39.993172480622235
5.509999999999927, 59.958694690878644, 39.993708264269536
5.519999999999927, 59.96241943727721, 39.994224550737734
5.5299999999999265, 59.96580572240175, 39.99471737380557
5.539999999999926, 59.96888454740655, 39.99518405372326
5.549999999999926, 59.97168408779003, 39.995622947723255
5.559999999999926, 59.974229937496936, 39.99603324028263
5.569999999999926, 59.976545336048765, 39.996414767619946
5.5799999999999255, 59.97865137886395, 39.99676787156229
5.589999999999925, 59.98056721120845, 39.997093278514924
5.599999999999925, 59.98231020641813, 39.99739199980664
5.609999999999925, 59.98389612917192, 39.99766525016991
5.619999999999925, 59.985339284682176, 39.997914381548455
5.629999999999924, 59.98665265471629, 39.99814082980953
5.639999999999924, 59.98784802138083, 39.998346072277506
5.649999999999924, 59.988936079593564, 39.99853159430315
5.659999999999924, 59.98992653914532, 39.99869886334313
5.6699999999999235, 59.99082821721835, 39.99884930925088
5.679999999999923, 59.99164912218407, 39.99898430967628
5.689999999999923, 59.99239652945412, 39.99910517964128
5.699999999999923, 59.99307705010669, 39.99921316450474
5.709999999999923, 59.99369669295759, 39.99930943565533
5.7199999999999225, 59.994260920692746, 39.999395088378826
5.729999999999922, 59.994774700628184, 39.999471141437894
5.739999999999922, 59.995242550614556, 39.999538537980634
5.749999999999922, 59.99566858055703, 39.99959814746063
5.759999999999922, 59.99605652997808, 39.99965076830754
5.769999999999921, 59.996409802010405, 39.9996971311347
5.779999999999921, 59.99673149417004, 39.9997379023105
5.789999999999921, 59.99702442622546, 39.99977368775364
5.799999999999921, 59.997291165447436, 39.999805036840954
5.809999999999921, 59.99753404949598, 39.99983244633968
5.81999999999992, 59.997755207174855, 39.999856364295795
5.82999999999992, 59.99795657726105, 39.999877193826215
5.83999999999992, 59.99813992559556, 39.99989529677595
5.84999999999992, 59.99830686060296, 39.999910997212254
5.8599999999999195, 59.998458847390346, 39.999924584736775
5.869999999999919, 59.998597220560946, 39.999936317603705
5.879999999999919, 59.998723195864166, 39.99994642563798
5.889999999999919, 59.99883788079163, 39.99995511295182
5.899999999999919, 59.99894228421782, 39.99996256046166
5.909999999999918, 59.999037325174136, 39.999968928210194
5.909999999999918, 59.99912384083659, 39.99997435750018
5.919999999999918, 64.02228242458938, 39.8785064227703
5.929999999999918, 67.69657322243982, 39.44844632572079
5.939999999999918, 71.02476385886646, 38.78561150416353
5.949999999999918, 74.01952746069792, 37.95474124220566
5.959999999999917, 76.70015913153867, 37.00985442070297
5.969999999999917, 79.08995926457936, 35.99505446377422
5.979999999999917, 81.21422088951391, 34.94558208549813
5.989999999999917, 83.09873863422939, 33.88897060192558
5.9999999999999165, 84.76875105181819, 32.84620348497438
6.009999999999916, 86.24823105815163, 31.832809382119862
6.019999999999916, 87.5594473266346, 30.85985678040458
6.029999999999916, 88.72273004500597, 29.9348300661812
6.039999999999916, 89.75638566975147, 29.062382277087856
6.0499999999999154, 90.67671609861233, 28.24496867365037
6.059999999999915, 91.49810739121928, 27.48337054692879
6.069999999999915, 92.23316151330467, 26.77712141222934
6.079999999999915, 92.89285149679917, 26.124848709393678
6.089999999999915, 93.48668596870925, 25.52454394879011
6.099999999999914, 94.02287335237281, 24.973773362928952
6.109999999999914, 94.50847936327868, 24.46983987125044
6.119999999999914, 94.94957388998677, 24.009905762631355
6.129999999999914, 95.35136513869888, 23.591084091495244
6.1399999999999135, 95.71832017738703, 23.210505457188056
6.149999999999913, 96.05427186848004, 22.865365640384514
6.159999999999913, 96.36251273118886, 22.552958525295352
6.169999999999913, 96.64587660765764, 22.270697845249444
6.179999999999913, 96.90680918489974, 22.016130544008362
6.1899999999999125, 97.1474284951913, 21.78694393225594
6.199999999999912, 97.36957651710811, 21.580968321816894
6.209999999999912, 97.57486295377142, 21.396176422516675
6.219999999999912, 97.76470219264526, 21.230680472174583
6.229999999999912, 97.94034436524898, 21.082727824440532
6.239999999999911, 98.1029013340584, 20.950695529210606
6.249999999999911, 98.25336834327551, 20.833084295173876
6.259999999999911, 98.3926419834968, 20.72851211438317
6.269999999999911, 98.52153503956582, 20.63570774692801
6.2799999999999105, 98.64078871700703, 20.553504203546304
6.28999999999991, 98.75108267570614, 20.480832320281433
6.29999999999991, 98.85304323981582, 20.416714488035318
6.30999999999991, 98.94725009987738, 20.360258577902414
6.31999999999991, 99.03424177638479, 20.31065208801219
6.3299999999999095, 99.11452007294918, 20.267156527348124
6.339999999999909, 99.18855371131738, 20.229102045199305
6.349999999999909, 99.25678130923977, 20.19588231045254
6.359999999999909, 99.31961383508622, 20.166949642053492
6.369999999999909, 99.37743664972906, 20.141810390085286
6.379999999999908, 99.43061122613823, 20.120020565634796
6.389999999999908, 99.47947661999572, 20.10118171667448
6.399999999999908, 99.52435075009637, 20.08493704641116
6.409999999999908, 99.56553153505176, 20.070967769843172
6.419999999999908, 99.60329792257684, 20.05898970357301
6.429999999999907, 99.63791083915966, 20.048750083226395
6.439999999999907, 99.66961408096388, 20.040024602133315
6.449999999999907, 99.69863516118377, 20.03261466424664
6.459999999999907, 99.7251861245722, 20.026344843629197
6.4699999999999065, 99.74946433632562, 20.021060542250982
6.479999999999906, 99.77165324978314, 20.01662583732313
6.489999999999906, 99.79192315534615, 20.01292150896872
6.499999999999906, 99.81043191152907, 20.009843238702786
6.509999999999906, 99.82732565800926, 20.007299968970365
6.519999999999905, 99.84273950986204, 20.005212413872997
6.529999999999905, 99.85679823176866, 20.00351171119812
6.539999999999905, 99.8696168908053, 20.00213820594615
6.549999999999905, 99.88130148640334, 20.001040355718374
6.559999999999905, 99.8919495561705, 20.000173748574834
6.569999999999904, 99.90165075644123, 19.999500224284287
6.579999999999904, 99.91048741665266, 19.99898709025603
6.589999999999904, 99.91853506689709, 19.998606423854856
6.599999999999904, 99.92586293826362, 19.99833445324405
6.6099999999999035, 99.93253443583853, 19.998151009367103
6.619999999999903, 99.93860758447553, 19.99803904215715
6.629999999999903, 99.9441354476667, 19.997984194545534
6.639999999999903, 99.94916652003955, 19.997974428320447
6.649999999999903, 99.95374509417273, 19.99799969635675
6.659999999999902, 99.95791160256107, 19.99805165619425
6.669999999999902, 99.9617029356731, 19.998123420379706
6.679999999999902, 99.96515273712926, 19.998209339404756
6.689999999999902, 99.9682916770909, 19.99830481346557
6.699999999999902, 99.97114770499091, 19.998406129639253
6.709999999999901, 99.97374628275747, 19.99851032141562
6.719999999999901, 99.97611059968791, 19.9986150478413
6.729999999999901, 99.97826177011997, 19.998718489826153
6.739999999999901, 99.98021901502739, 19.998819261430278
6.7499999999999005, 99.98199982863635, 19.998916334194753
6.7599999999999, 99.98362013112177, 19.9990089728012
6.7699999999999, 99.98509440839909, 19.999096680546202
6.7799999999999, 99.98643583997993, 19.99917915329734
6.7899999999999, 99.98765641580987, 19.999256240759895
6.7999999999998995, 99.98876704295485, 19.999327914028346
6.809999999999899, 99.98977764295068, 19.99939423852616
6.819999999999899, 99.99069724057789, 19.999455351552268
6.829999999999899, 99.99153404477285, 19.999511443754475
6.839999999999899, 99.99229552233678, 19.999562743940114
6.849999999999898, 99.99298846505542, 19.999609506713487
6.859999999999898, 99.99361905079677, 19.999652002499435
6.869999999999898, 99.99419289911009, 19.99969050957349
6.879999999999898, 99.99471512180818, 19.999725307772596
6.8899999999998975, 99.99519036897581, 19.99975667360702
6.899999999999897, 99.9956228708108, 19.999784876534758
6.909999999999897, 99.9960164756702, 19.999810176195066
6.919999999999897, 99.99637468466216, 19.999832820428313
6.929999999999897, 99.99670068309503, 19.999853043935875
6.9399999999998965, 99.99699736906791, 19.999871067456564
6.949999999999896, 99.9972673794619, 19.999887097355817
6.959999999999896, 99.99751311356832, 19.999901325540655
6.969999999999896, 99.99773675456913, 19.99991392962796
6.979999999999896, 99.99794028906535, 19.999925073305914
6.989999999999895, 99.9981255248316, 19.99993490683894
6.999999999999895, 99.99829410695861, 19.99994356767553
7.009999999999895, 99.99844753253129, 19.999951181125727
7.019999999999895, 99.99858716397557, 19.999957861081597
7.0299999999998946, 99.99871424119605, 19.999963710759275
7.039999999999894, 99.9988298926145, 19.999968823445684
7.049999999999894, 99.99893514520951, 19.999973283236834
7.059999999999894, 99.99903093364861, 19.999977165757638
7.059999999999894, 99.999118108595, 19.999980538855816
7.069999999999894, 102.13798599909246, 20.698373003781533
7.0799999999998935, 103.9902326256612, 21.877277966282534
7.089999999999893, 105.46866171175714, 23.385244645521418
7.099999999999893, 106.54719366359278, 25.07737658466728
7.109999999999893, 107.24385627641551, 26.831472425748604
7.119999999999893, 107.6038174220598, 28.55461944274425
7.129999999999892, 107.68525876802883, 30.183220932907126
7.139999999999892, 107.54907366971683, 31.679253949742
7.149999999999892, 107.2522635422159, 33.024911088809645
7.159999999999892, 106.8443654914544, 34.217053544898675
7.169999999999892, 106.36608325140855, 35.26227888522185
7.179999999999891, 105.84934912658825, 36.172950447794214
7.189999999999891, 105.31819708383416, 36.96424318022189
7.199999999999891, 104.79000139159604, 37.65210060338667
7.209999999999891, 104.27679146237503, 38.25192979026435
7.2199999999998905, 103.78647586797634, 38.77785044179991
7.22999999999989, 103.3238949813904, 39.24233352525368
7.23999999999989, 102.89167737646272, 39.656096562211545
7.24999999999989, 102.49090736082061, 40.02815585960653
7.25999999999989, 102.12162704070754, 40.36596536159438
7.269999999999889, 101.78320205161727, 40.675595320142754
7.279999999999889, 101.47457990741033, 40.96192150438169
7.289999999999889, 101.1944667737277, 41.228807977331165
7.299999999999889, 100.94144419284305, 41.47927465922729
7.309999999999889, 100.7140429152213, 41.71564604940071
7.319999999999888, 100.510787044779, 41.93968051149809
7.329999999999888, 100.33021838061053, 42.152681153780335
7.339999999999888, 100.17090816301005, 42.355590078607776
7.349999999999888, 100.03146134594981, 42.5490679946999
7.3599999999998875, 99.91051692944544, 42.733561121820266
7.369999999999887, 99.80674669734958, 42.90935712131724
7.379999999999887, 99.718853832598, 43.07663154750264
7.389999999999887, 99.64557225068647, 43.235486083672534
7.399999999999887, 99.58566704567932, 43.385979626308966
7.4099999999998865, 99.53793613664364, 43.52815311957971
7.419999999999886, 99.50121300174996, 43.66204891867246
7.429999999999886, 99.47437026608453, 43.78772536922606
7.439999999999886, 99.45632384721422, 43.90526722384164
7.449999999999886, 99.44603734394107, 44.01479246793572
7.459999999999885, 99.44252636602513, 44.11645608939876
7.469999999999885, 99.44486253602126, 44.21045129425254
7.479999999999885, 99.45217694083036, 44.29700863975156
7.489999999999885, 99.463662863788, 44.37639352448046
7.4999999999998845, 99.47857768314094, 44.448902440481106
7.509999999999884, 99.49624387581031, 44.514858354793944
7.519999999999884, 99.51604911365374, 44.5746055472585
7.529999999999884, 99.53744548116126, 44.62850418874522
7.539999999999884, 99.55994787757255, 44.67692490025631
7.5499999999998835, 99.58313169235984, 44.72024348974373
7.559999999999883, 99.60662986098467, 44.75883602124839
7.569999999999883, 99.6301294183229, 44.793074331156
7.579999999999883, 99.65336767096893, 44.82332206989552
7.589999999999883, 99.67612810777668, 44.84993131495614
7.599999999999882, 99.69823616156626, 44.87323977310639
7.609999999999882, 99.71955492503568, 44.89356856636947
7.619999999999882, 99.73998091163227, 44.91122057763335
7.629999999999882, 99.7594399384362, 44.92647931756396
7.6399999999998816, 99.77788319383734, 44.93960826441161
7.649999999999881, 99.79528353865662, 44.95085062192057
7.659999999999881, 99.81163207593129, 44.96042943736688
7.669999999999881, 99.82693501226484, 44.96854802123082
7.679999999999881, 99.84121082271338, 44.975390611626175
7.6899999999998805, 99.85448772179926, 44.981123229850084
7.69999999999988, 99.86680143546683, 44.98589467782075
7.70999999999988, 99.87819326259692, 44.989837633319944
7.71999999999988, 99.8887084099914, 44.993069804503
7.72999999999988, 99.89839458139167, 44.995695110789164
7.739999999999879, 99.90730079894936, 44.99780486277094
7.749999999999879, 99.9154764344462, 44.99947891901139
7.759999999999879, 99.92297042729056, 45.00078680241185
7.769999999999879, 99.9298306667268, 45.00178876315414
7.779999999999879, 99.93610351662322, 45.00253677901134
7.789999999999878, 99.94183346251253, 45.003075487071904
7.799999999999878, 99.94706286212129, 45.00344304364511
7.809999999999878, 99.95183178233643, 45.00367191134473
7.819999999999878, 99.9561779073335, 45.00378957412098
7.8299999999998775, 99.9601365043628, 45.00381918237966
7.839999999999877, 99.96374043540652, 45.003780131340584
7.849999999999877, 99.96702020454356, 45.00368857649841
7.859999999999877, 99.97000403236387, 45.00355789050581
7.869999999999877, 99.97271795014672, 45.00339906604873
7.879999999999876, 99.97518590774854, 45.0032210693673
7.889999999999876, 99.97742989023712, 45.00303114903082
7.899999999999876, 99.97947003926132, 45.00283510443333
7.909999999999876, 99.9813247759696, 45.002637518264564
7.919999999999876, 99.98301092299279, 45.002441956951515
7.929999999999875, 99.98454382359974, 45.00225114277794
7.939999999999875, 99.98593745662915, 45.0020671010859
7.949999999999875, 99.9872045462085, 45.0018912856576
7.959999999999875, 99.98835666560299, 45.00172468507507
7.9699999999998745, 99.98940433480348, 45.00156791256565
7.979999999999874, 99.99035711167339, 45.001421281568206
7.989999999999874, 99.99122367663772, 45.00128486899964
7.999999999999874, 99.99201191102156, 45.00115856796649
8.009999999999874, 99.99272896923726, 45.00104213145201
8.019999999999873, 99.99338134508443, 45.000935208315155
8.029999999999873, 99.99397493247103, 45.00083737276393
8.039999999999873, 99.99451508089048, 45.00074814831014
8.049999999999873, 99.99500664600298, 45.000667027074996
8.059999999999873, 99.99545403567282, 45.000593485193704
8.069999999999872, 99.99586125180856, 45.00052699496031
8.079999999999872, 99.99623192834254, 45.000467034261256
8.089999999999872, 99.99656936567223, 45.000413093764685
8.099999999999872, 99.9968765618686, 45.000364682262344
8.109999999999872, 99.99715624093808, 45.00032133050008
8.119999999999871, 99.99741087840503, 45.00028259378036
8.129999999999871, 99.99764272446227, 45.00024805357542
8.139999999999871, 99.99785382491729, 45.00021731835068
8.14999999999987, 99.99804604014328, 45.00019002376552
8.15999999999987, 99.99822106222584, 45.000165832389854
8.16999999999987, 99.99838043047927, 45.000144433051474
8.17999999999987, 99.99852554549054, 45.00012553990855
8.18999999999987, 99.99865768183393, 45.00010889132471
8.19999999999987, 99.99877799958601, 45.000094248609464
8.20999999999987, 99.9988875547577, 45.000081394674886
8.21999999999987, 99.99898730874911, 45.000070132648865
8.229999999999869, 99.99907813692201, 45.0000602844771
