0.01, 10.0, 80.0
0.02, 10.0, 80.0
0.03, 10.0, 80.0
0.04, 10.0, 80.0
0.05, 10.0, 80.0
0.060000000000000005, 10.0, 80.0
0.07, 10.0, 80.0
0.08, 10.0, 80.0
0.09, 10.0, 80.0
0.09999999999999999, 10.0, 80.0
0.10999999999999999, 10.0, 80.0
0.11999999999999998, 10.0, 80.0
0.12999999999999998, 10.0, 80.0
0.13999999999999999, 10.0, 80.0
0.15, 10.0, 80.0
0.16, 10.0, 80.0
0.17, 10.0, 80.0
0.18000000000000002, 10.0, 80.0
0.19000000000000003, 10.0, 80.0
0.20000000000000004, 10.0, 80.0
0.21000000000000005, 10.0, 80.0
0.22000000000000006, 10.0, 80.0
0.23000000000000007, 10.0, 80.0
0.24000000000000007, 10.0, 80.0
0.25000000000000006, 10.0, 80.0
0.26000000000000006, 10.0, 80.0
0.2700000000000001, 10.0, 80.0
0.2800000000000001, 10.0, 80.0
0.2900000000000001, 10.0, 80.0
0.3000000000000001, 10.0, 80.0
0.3100000000000001, 10.0, 80.0
0.3200000000000001, 10.0, 80.0
0.3300000000000001, 10.0, 80.0
0.34000000000000014, 10.0, 80.0
0.35000000000000014, 10.0, 80.0
0.36000000000000015, 10.0, 80.0
0.37000000000000016, 10.0, 80.0
0.38000000000000017, 10.0, 80.0
0.3900000000000002, 10.0, 80.0
0.4000000000000002, 10.0, 80.0
0.4100000000000002, 10.0, 80.0
0.4200000000000002, 10.0, 80.0
0.4300000000000002, 10.0, 80.0
0.4400000000000002, 10.0, 80.0
0.45000000000000023, 10.0, 80.0
0.46000000000000024, 10.0, 80.0
0.47000000000000025, 10.0, 80.0
0.48000000000000026, 10.0, 80.0
0.49000000000000027, 10.0, 80.0
0.5000000000000002, 10.0, 80.0
0.5100000000000002, 10.0, 80.0
0.5200000000000002, 10.0, 80.0
0.5300000000000002, 10.0, 80.0
0.5400000000000003, 10.0, 80.0
0.5500000000000003, 10.0, 80.0
0.5600000000000003, 10.0, 80.0
0.5700000000000003, 10.0, 80.0
0.5800000000000003, 10.0, 80.0
0.5900000000000003, 10.0, 80.0
0.6000000000000003, 10.0, 80.0
0.6100000000000003, 10.0, 80.0
0.6200000000000003, 10.0, 80.0
0.6300000000000003, 10.0, 80.0
0.6400000000000003, 10.0, 80.0
0.6500000000000004, 10.0, 80.0
0.6600000000000004, 10.0, 80.0
0.6700000000000004, 10.0, 80.0
0.6800000000000004, 10.0, 80.0
0.6900000000000004, 10.0, 80.0
0.7000000000000004, 10.0, 80.0
0.7100000000000004, 10.0, 80.0
0.7200000000000004, 10.0, 80.0
0.7300000000000004, 10.0, 80.0
0.7400000000000004, 10.0, 80.0
0.7500000000000004, 10.0, 80.0
0.7600000000000005, 10.0, 80.0
0.7700000000000005, 10.0, 80.0
0.7800000000000005, 10.0, 80.0
0.7900000000000005, 10.0, 80.0
0.8000000000000005, 10.0, 80.0
0.8100000000000005, 10.0, 80.0
0.8200000000000005, 10.0, 80.0
0.8300000000000005, 10.0, 80.0
0.8400000000000005, 10.0, 80.0
0.8500000000000005, 10.0, 80.0
0.8600000000000005, 10.0, 80.0
0.8700000000000006, 10.0, 80.0
0.8800000000000006, 10.0, 80.0
0.8900000000000006, 10.0, 80.0
0.9000000000000006, 10.0, 80.0
0.9100000000000006, 10.0, 80.0
0.9200000000000006, 10.0, 80.0
0.9300000000000006, 10.0, 80.0
0.9400000000000006, 10.0, 80.0
0.9500000000000006, 10.0, 80.0
0.9600000000000006, 10.0, 80.0
0.9700000000000006, 10.0, 80.0
0.9800000000000006, 10.0, 80.0
0.9900000000000007, 10.0, 80.0
1.0000000000000007, 10.0, 80.0
1.0100000000000007, 10.0, 80.0
1.0200000000000007, 10.0, 80.0
1.0300000000000007, 10.0, 80.0
1.0400000000000007, 10.0, 80.0
1.0500000000000007, 10.0, 80.0
1.0600000000000007, 10.0, 80.0
1.0700000000000007, 10.0, 80.0
1.0800000000000007, 10.0, 80.0
1.0900000000000007, 10.0, 80.0
1.1000000000000008, 10.0, 80.0
1.1100000000000008, 10.0, 80.0
1.1200000000000008, 10.0, 80.0
1.1300000000000008, 10.0, 80.0
1.1400000000000008, 10.0, 80.0
1.1500000000000008, 10.0, 80.0
1.1600000000000008, 10.0, 80.0
1.1700000000000008, 10.0, 80.0
1.1800000000000008, 10.0, 80.0
1.1900000000000008, 10.0, 80.0
1.2000000000000008, 10.0, 80.0
1.2100000000000009, 10.0, 80.0
1.2200000000000009, 10.0, 80.0
1.2300000000000009, 10.0, 80.0
1.2400000000000009, 10.0, 80.0
1.2500000000000009, 10.0, 80.0
1.260000000000001, 10.0, 80.0
1.270000000000001, 10.0, 80.0
1.280000000000001, 10.0, 80.0
1.290000000000001, 10.0, 80.0
1.300000000000001, 10.0, 80.0
1.310000000000001, 10.0, 80.0
1.320000000000001, 10.0, 80.0
1.330000000000001, 10.0, 80.0
1.340000000000001, 10.0, 80.0
1.350000000000001, 10.0, 80.0
1.360000000000001, 10.0, 80.0
1.370000000000001, 10.0, 80.0
1.380000000000001, 10.0, 80.0
1.390000000000001, 10.0, 80.0
1.400000000000001, 10.0, 80.0
1.410000000000001, 10.0, 80.0
1.420000000000001, 10.0, 80.0
1.430000000000001, 10.0, 80.0
1.440000000000001, 10.0, 80.0
1.450000000000001, 10.0, 80.0
1.460000000000001, 10.0, 80.0
1.470000000000001, 10.0, 80.0
1.480000000000001, 10.0, 80.0
1.490000000000001, 10.0, 80.0
1.500000000000001, 10.0, 80.0
1.5100000000000011, 10.0, 80.0
1.5200000000000011, 10.0, 80.0
1.5200000000000011, 10.0, 80.0
1.5300000000000011, 8.839973012851788, 79.47622773165445
1.5400000000000011, 7.951091692934667, 78.61603081544493
1.5500000000000012, 8.577099787732262, 79.69765562776811
1.5600000000000012, 8.903403903608735, 80.85917861103515
1.5700000000000012, 8.956971425280456, 82.00635548326608
1.5800000000000012, 8.785843749944332, 83.07318883758951
1.5900000000000012, 8.445412341878976, 84.02081626382595
1.6000000000000012, 7.989043804930265, 84.83262926166667
1.6100000000000012, 7.462785539214922, 85.50814182410245
1.6200000000000012, 6.903220852501315, 86.05717189630644
1.6300000000000012, 6.337409468298224, 86.49509920239163
1.6400000000000012, 5.783994044012988, 86.83941415118096
1.6500000000000012, 5.254798643621027, 87.10745843348586
1.6600000000000013, 4.75648877981476, 87.31511895976708
1.6700000000000013, 4.292058329303384, 87.47620839924315
1.6800000000000013, 3.8620449476485876, 87.6022953947739
1.6900000000000013, 3.4654591220879887, 87.70279986846647
1.7000000000000013, 3.1004558682584893, 87.78522293077576
1.7100000000000013, 2.7647957318000898, 87.85542685985033
1.7200000000000013, 2.4561440909688104, 87.91791532828742
1.7300000000000013, 2.1722524387868067, 87.97608804410164
1.7400000000000013, 1.9110571550128008, 88.03245927670187
1.7500000000000013, 1.6707229204516527, 88.0888386955811
1.7600000000000013, 1.4496506243454008, 88.14647762359506
1.7700000000000014, 1.2464637772007134, 88.2061857923883
1.7800000000000014, 1.0599830363126117, 88.26842411087603
1.7900000000000014, 0.8891952610179099, 88.33337856027036
1.8000000000000014, 0.7332212717927469, 88.40101956923247
1.8100000000000014, 0.591284942965339, 88.47115036528693
1.8200000000000014, 0.46268520937909374, 88.54344698446928
1.8300000000000014, 0.3467718584788853, 88.6174919156417
1.8400000000000014, 0.24292550032681254, 88.69280278094185
1.8500000000000014, 0.15054178297093823, 88.7688570079783
1.8600000000000014, 0.06901969902829634, 88.84511311973968
1.8700000000000014, -0.0022463210893760577, 88.92102903717142
1.8800000000000014, -0.06387093357494299, 88.99607763843186
1.8900000000000015, -0.11647948924150554, 89.06975973031854
1.9000000000000015, -0.16070722306961616, 89.14161454539389
1.9100000000000015, -0.19719653091882733, 89.21122786922287
1.9200000000000015, -0.22659282681692977, 89.27823791437177
1.9300000000000015, -0.24953944575534906, 89.34233908207064
1.9400000000000015, -0.2666720156091124, 89.40328378139452
1.9500000000000015, -0.27861267101082904, 89.46088250399468
1.9600000000000015, -0.2859644249929133, 89.51500237596844
1.9700000000000015, -0.2893059540592494, 89.56556442497447
1.9800000000000015, -0.28918699188402747, 89.61253980894955
1.9900000000000015, -0.28612446853372564, 89.65594525249885
2.0000000000000013, -0.2805994780110511, 89.69583792869356
2.010000000000001, -0.2730551085952811, 89.7323100086293
2.020000000000001, -0.26389512898116063, 89.76548308003262
2.0300000000000007, -0.25348348920385083, 89.79550261098233
2.0400000000000005, -0.24214456895212955, 89.82253260700486
2.0500000000000003, -0.23016408691278528, 89.84675058090207
2.06, -0.21779057274833605, 89.86834292600916
2.07, -0.20523729745250205, 89.8875007562855
2.0799999999999996, -0.19268455726653128, 89.90441625159156
2.0899999999999994, -0.18028221010787562, 89.9192795243356
2.099999999999999, -0.16815237057736795, 89.93227600477432
2.109999999999999, -0.15639217912394085, 89.94358432679776
2.1199999999999988, -0.14507657198494758, 89.95337468400551
2.1299999999999986, -0.13426099031742508, 89.96180761712633
2.1399999999999983, -0.12398397884463541, 89.96903318806542
2.149999999999998, -0.11426963584463813, 89.97519049273028
2.159999999999998, -0.10512988701208648, 89.98040746388477
2.1699999999999977, -0.09656656535844883, 89.98480091619868
2.1799999999999975, -0.08857328771339978, 89.98847678798735
2.1899999999999973, -0.0811371254761466, 89.99153053749312
2.199999999999997, -0.0742400730391025, 89.99404765560293
2.209999999999997, -0.0678603218241254, 89.9961042613282
2.2199999999999966, -0.06197335123149544, 89.99776775094652
2.2299999999999964, -0.056552850129053506, 89.99909747622186
2.239999999999996, -0.05157148394346493, 90.00014543143125
2.249999999999996, -0.047001523102209994, 90.00095693292323
2.259999999999996, -0.042815348655394145, 90.00157127854798
2.2699999999999956, -0.03898585051380568, 90.00202237749203
2.2799999999999954, -0.035486732994192895, 90.00233934381055
2.289999999999995, -0.03229274136998505, 90.00254704928427
2.299999999999995, -0.029379821975335563, 90.0026666331576
2.3099999999999947, -0.026725227176385938, 90.00271596787313
2.3199999999999945, -0.024307575265079515, 90.00271008114173
2.3299999999999943, -0.022106874093134464, 90.00266153561873
2.339999999999994, -0.020104516080344813, 90.00258076813657
2.349999999999994, -0.01828325112537268, 90.00247639091258
2.3599999999999937, -0.016627142933241426, 90.00235545744474
2.3699999999999934, -0.01512151335956979, 90.00222369596233
2.3799999999999932, -0.013752878559557619, 90.00208571334267
2.389999999999993, -0.012508880018154478, 90.00194517236486
2.399999999999993, -0.011378212922131974, 90.00180494507023
2.4099999999999926, -0.010350553808390154, 90.00166724485379
2.4199999999999924, -0.009416488978040117, 90.00153373973778
2.429999999999992, -0.008567444794305233, 90.00140564908884
2.439999999999992, -0.0077956206756433, 90.00128382584339
2.4499999999999917, -0.007093925345483887, 90.00116882610946
2.4599999999999915, -0.006455916698813685, 90.0010609678221
2.4699999999999913, -0.005875745486325263, 90.00096037994686
2.479999999999991, -0.005348102892448866, 90.00086704355581
2.489999999999991, -0.0048681719884761795, 90.00078082594203
2.4999999999999907, -0.004431582971046613, 90.00070150879435
2.5099999999999905, -0.004034372045048263, 90.00062881132375
2.5199999999999902, -0.0036729437746654586, 90.00056240911486
2.52999999999999, -0.0033440367036509885, 90.00050194937198
2.53999999999999, -0.003044692033180536, 90.00044706313595
2.5499999999999896, -0.002772225140602502, 90.00039737496687
2.5599999999999894, -0.0025241997231586987, 90.00035251051582
2.569999999999989, -0.00229840435580121, 90.00031210234685
2.579999999999989, -0.002092831260339569, 90.00027579431566
2.5899999999999888, -0.0019056570933453987, 90.00024324476513
2.5999999999999885, -0.001735225571744306, 90.00021412875704
2.6099999999999883, -0.0015800317672422031, 90.00018813952445
2.619999999999988, -0.001438707913205906, 90.00016498929992
2.629999999999988, -0.0013100105800052913, 90.00014440964858
2.6399999999999877, -0.0011928090868779993, 90.00012615141411
2.6499999999999875, -0.001086075029921792, 90.0001099843664
2.6599999999999873, -0.0009888728167394827, 90.0000956966249
