0.01, 0.0, 50.0
0.02, 0.0, 50.0
0.03, 0.0, 50.0
0.04, 0.0, 50.0
0.05, 0.0, 50.0
0.060000000000000005, 0.0, 50.0
0.07, 0.0, 50.0
0.08, 0.0, 50.0
0.09, 0.0, 50.0
0.09999999999999999, 0.0, 50.0
0.10999999999999999, 0.0, 50.0
0.11999999999999998, 0.0, 50.0
0.12999999999999998, 0.0, 50.0
0.13999999999999999, 0.0, 50.0
0.15, 0.0, 50.0
0.16, 0.0, 50.0
0.17, 0.0, 50.0
0.18000000000000002, 0.0, 50.0
0.19000000000000003, 0.0, 50.0
0.20000000000000004, 0.0, 50.0
0.21000000000000005, 0.0, 50.0
0.22000000000000006, 0.0, 50.0
0.23000000000000007, 0.0, 50.0
0.24000000000000007, 0.0, 50.0
0.25000000000000006, 0.0, 50.0
0.26000000000000006, 0.0, 50.0
0.2700000000000001, 0.0, 50.0
0.2800000000000001, 0.0, 50.0
0.2900000000000001, 0.0, 50.0
0.3000000000000001, 0.0, 50.0
0.3100000000000001, 0.0, 50.0
0.3200000000000001, 0.0, 50.0
0.3300000000000001, 0.0, 50.0
0.34000000000000014, 0.0, 50.0
0.35000000000000014, 0.0, 50.0
0.36000000000000015, 0.0, 50.0
0.37000000000000016, 0.0, 50.0
0.38000000000000017, 0.0, 50.0
0.3900000000000002, 0.0, 50.0
0.4000000000000002, 0.0, 50.0
0.4100000000000002, 0.0, 50.0
0.4200000000000002, 0.0, 50.0
0.4300000000000002, 0.0, 50.0
0.4400000000000002, 0.0, 50.0
0.45000000000000023, 0.0, 50.0
0.46000000000000024, 0.0, 50.0
0.47000000000000025, 0.0, 50.0
0.48000000000000026, 0.0, 50.0
0.49000000000000027, 0.0, 50.0
0.5000000000000002, 0.0, 50.0
0.5100000000000002, 0.0, 50.0
0.5200000000000002, 0.0, 50.0
0.5300000000000002, 0.0, 50.0
0.5400000000000003, 0.0, 50.0
0.5500000000000003, 0.0, 50.0
0.5600000000000003, 0.0, 50.0
0.5700000000000003, 0.0, 50.0
0.5800000000000003, 0.0, 50.0
0.5900000000000003, 0.0, 50.0
0.6000000000000003, 0.0, 50.0
0.6100000000000003, 0.0, 50.0
0.6200000000000003, 0.0, 50.0
0.6300000000000003, 0.0, 50.0
0.6400000000000003, 0.0, 50.0
0.6500000000000004, 0.0, 50.0
0.6600000000000004, 0.0, 50.0
0.6700000000000004, 0.0, 50.0
0.6800000000000004, 0.0, 50.0
0.6900000000000004, 0.0, 50.0
0.7000000000000004, 0.0, 50.0
0.7100000000000004, 0.0, 50.0
0.7200000000000004, 0.0, 50.0
0.7200000000000004, 0.0, 50.0
0.7300000000000004, 0.8642643171092488, 49.7489080045647
0.7400000000000004, 1.6202274241950196, 49.296797534143245
0.7500000000000004, 2.228815330520646, 48.704369505789074
0.7600000000000005, 2.6765601913067205, 48.0309697460373
0.7700000000000005, 2.9688434873423444, 47.32739308641439
0.7800000000000005, 3.1229117583358965, 46.63273402705943
0.7900000000000005, 3.1619404963854505, 45.97408598777655
0.8000000000000005, 3.1106350497389634, 45.36792010537318
0.8100000000000005, 2.992364301645581, 44.82222236378436
0.8200000000000005, 2.82757315291657, 44.3387668170369
0.8300000000000005, 2.6331371206181573, 43.915166562659564
0.8400000000000005, 2.4223367980849213, 43.546540816779576
0.8500000000000005, 2.2051895559794286, 43.22676436266461
0.8600000000000005, 1.988947515484414, 42.94933721784051
0.8700000000000006, 1.778636461881782, 42.70794391033579
0.8800000000000006, 1.5775624174169667, 42.496778234830636
0.8900000000000006, 1.3877497567170305, 42.310702303583064
0.9000000000000006, 1.2102988875796001, 42.145295941313975
0.9100000000000006, 1.0456656431470324, 41.996838704307244
0.9200000000000006, 0.8938716635367596, 41.862254464943476
0.9300000000000006, 0.7546577101151193, 41.739038553058556
0.9400000000000006, 0.6275919306072864, 41.62517999694355
0.9500000000000006, 0.5121438537857125, 41.51908615662182
0.9600000000000006, 0.40773313623739105, 41.41951353942939
0.9700000000000006, 0.3137602654638396, 41.32550637985868
0.9800000000000006, 0.2296247718367117, 41.23634326351183
0.9900000000000007, 0.15473510735554785, 41.15149137500849
1.0000000000000007, 0.08851322560119705, 41.07056762922107
1.0100000000000007, 0.03039602093541415, 40.99330584950717
1.0200000000000007, -0.020164882486330582, 40.91952918301916
1.0300000000000007, -0.06370400031825454, 40.8491270268037
1.0400000000000007, -0.10074289165354117, 40.78203584051352
1.0500000000000007, -0.13179073748690337, 40.71822332076821
1.0600000000000007, -0.15734442287725395, 40.657675498243115
1.0700000000000007, -0.1778880811955783, 40.600386387908436
1.0800000000000007, -0.1938921442004684, 40.546349875812496
1.0900000000000007, -0.20581199385273605, 40.49555356470264
1.1000000000000008, -0.21408633918223366, 40.447974328695494
1.1100000000000008, -0.21913545069208268, 40.40357534731869
1.1200000000000008, -0.22135938087265916, 40.36230440440566
1.1300000000000008, -0.22113628649649675, 40.324093249879645
1.1400000000000008, -0.21882094975856306, 40.28885783417958
1.1500000000000008, -0.21474357363981694, 40.25649923716133
1.1600000000000008, -0.20920890417969182, 40.2269051264508
1.1700000000000008, -0.20249571024253474, 40.19995159470923
1.1800000000000008, -0.19485663103275175, 40.17550524104937
1.1900000000000008, -0.18651838386404643, 40.153425378637465
1.2000000000000008, -0.17768231001033666, 40.13356626790916
1.2100000000000009, -0.16852522507859072, 40.11577929232632
1.2200000000000009, -0.15920053224264447, 40.09991501070779
1.2300000000000009, -0.14983955168274668, 40.08582503641793
1.2400000000000009, -0.14055301738030337, 40.07336370870139
1.2500000000000009, -0.13143269262793889, 40.06238953490792
1.260000000000001, -0.12255305779185337, 40.05276639405302
1.270000000000001, -0.11397302755331819, 40.044364502000555
1.280000000000001, -0.10573765961916887, 40.03706114651329
1.290000000000001, -0.09787982232134004, 40.03074120655582
1.300000000000001, -0.0904217942649516, 40.025297474670865
1.310000000000001, -0.08337677493198906, 40.02063080415207
1.320000000000001, -0.07675029066225401, 40.016650104299664
1.330000000000001, -0.07054148553378463, 40.013272207482835
1.340000000000001, -0.06474429122623722, 40.01042163125862
1.350000000000001, -0.05934847389787082, 40.00803025762007
1.360000000000001, -0.054340559407804113, 40.00603694975852
1.370000000000001, -0.049704640873157804, 40.00438712469835
1.380000000000001, -0.04542307459565076, 40.003032297945715
1.390000000000001, -0.041477071873802666, 40.00192961400857
1.400000000000001, -0.03784719519747024, 40.00104137439206
1.410000000000001, -0.034513767870275706, 40.000334572525674
1.420000000000001, -0.03145720629396183, 39.9997804430892
1.430000000000001, -0.028658284046596344, 39.99935403140905
1.440000000000001, -0.02609833655925877, 39.9990337870127
1.450000000000001, -0.023759414702571834, 39.998801184063964
1.460000000000001, -0.021624394987087937, 39.99864037025107
1.470000000000001, -0.019677053404248284, 39.99853784475278
1.480000000000001, -0.017902109223806063, 39.998482165148765
1.490000000000001, -0.016285244348302957, 39.99846368254971
1.500000000000001, -0.014813103127743945, 39.998474303780625
1.5100000000000011, -0.013473276874412589, 39.9985072791354
1.5200000000000011, -0.01225427670008252, 39.99855701401278
1.5300000000000011, -0.011145497732722729, 39.998618902623626
1.5400000000000011, -0.010137177260728167, 39.998689181910116
1.5500000000000012, -0.00922034890059145, 39.99876480382346
1.5600000000000012, -0.008386794487584576, 39.99884332415488
1.5700000000000012, -0.007628995045788859, 39.99892280619307
1.5800000000000012, -0.006940081900046491, 39.99900173758141
1.5900000000000012, -0.006313788743861544, 39.99907895886128
1.6000000000000012, -0.005744405269399168, 39.9991536023082
1.6100000000000012, -0.005226732793909357, 39.99922503979016
1.6200000000000012, -0.004756042176637621, 39.99929283849901
1.6300000000000012, -0.004328034207309016, 39.99935672352264
1.6400000000000012, -0.003938802557630405, 39.99941654633742
1.6500000000000012, -0.003584799317348846, 39.99947225840399
1.6600000000000013, -0.0032628030830069246, 39.99952388914586
1.6700000000000013, -0.002969889527807915, 39.99957152767819
1.6800000000000013, -0.002703404352460755, 39.99961530773367
1.6900000000000013, -0.0024609384973826587, 39.99965539530414
1.7000000000000013, -0.0022403054843707342, 39.999691978580536
1.7100000000000013, -0.002039520749277577, 39.99972525983058
1.7200000000000013, -0.0018567828250535602, 39.99975544890368
1.7300000000000013, -0.0016904562356865856, 39.999782758096714
1.7400000000000013, -0.0015390559652109467, 39.99980739815287
1.7500000000000013, -0.0014012333713604803, 39.999829575199165
1.7600000000000013, -0.001275763420047491, 39.999849488457684
1.7700000000000014, -0.0011615331242061826, 39.99986732859057
1.7800000000000014, -0.0010575310783019357, 39.99988327656066
1.7900000000000014, -0.00096283798770528, 39.99989750290842
1.7900000000000014, -0.0008766180999630803, 39.9999101673617
1.8000000000000014, 17.788998308994366, 44.95294525181166
1.8100000000000014, 33.59336962840625, 51.403734436418354
1.8200000000000014, 47.43701274604225, 58.86409912822216
1.8300000000000014, 59.42285418610635, 66.92836021892091
1.8400000000000014, 69.70226330930534, 75.27174790857208
1.8500000000000014, 78.45198211202133, 83.64358188500071
1.8600000000000014, 85.8571512920809, 91.85772964811326
1.8700000000000014, 92.09953335645291, 99.78211150793433
1.8800000000000014, 97.34991917181648, 107.32840847199449
1.8900000000000015, 101.76373912492147, 114.44265664653877
1.9000000000000015, 105.4790151166359, 121.09706923715437
1.9100000000000015, 108.61593797097078, 127.28319438563544
1.9200000000000015, 111.2775069010154, 133.00637033815585
1.9300000000000015, 113.55080670006232, 138.28135631175425
1.9400000000000015, 115.50861645838262, 143.12897863539874
1.9500000000000015, 117.21113867564091, 147.5736219555364
1.9600000000000015, 118.70771079921117, 151.6414030324697
1.9700000000000015, 120.03841529707816, 155.35888177743232
1.9800000000000015, 121.23554280362721, 158.75218524324768
1.9900000000000015, 122.32488905989504, 161.84644186796783
2.0000000000000013, 123.32688334401219, 164.6654434200657
2.010000000000001, 124.25755638665461, 167.23146983347613
2.020000000000001, 125.12936140170187, 169.5652271131286
2.0300000000000007, 125.95186436712775, 171.68586077726422
2.0400000000000005, 126.73232019320275, 173.61101712582482
2.0500000000000003, 127.4761507163941, 175.3569323180163
2.06, 128.18733910881923, 176.93853516001633
2.07, 128.86875365872086, 178.36955397962046
2.0799999999999996, 129.5224121863438, 179.66262129387204
2.0899999999999994, 130.1496967466973, 180.82937240875776
2.099999999999999, 130.7515268070909, 181.88053583261762
2.109999999999999, 131.32849780260142, 182.82601460231
2.1199999999999988, 131.88099087058546, 183.6749584439628
2.1299999999999986, 132.40925863495195, 184.43582722013716
2.1399999999999983, 132.9134911335573, 185.1164464310264
2.149999999999998, 133.39386533632938, 185.7240556991011
2.159999999999998, 133.85058116615045, 186.26535122018754
2.1699999999999977, 134.28388648939955, 186.7465231439482
2.1799999999999975, 134.69409317112624, 187.17328877910424
2.1899999999999973, 135.0815859766236, 187.5509224228283
2.199999999999997, 135.44682583491698, 187.88428250372743
2.209999999999997, 135.79034875108496, 188.17783661395333
2.2199999999999966, 136.1127614561971, 188.4356848953711
2.2299999999999964, 136.4147347105728, 188.66158214216713
2.239999999999996, 136.69699502401014, 188.85895889073677
2.249999999999996, 136.96031542265143, 189.0309416887236
2.259999999999996, 137.20550577407792, 189.1803726691955
2.2699999999999956, 137.4334030784465, 189.3098285028858
2.2799999999999954, 137.64486204275076, 189.42163876040246
2.289999999999995, 137.84074617658905, 189.5179036861631
2.299999999999995, 138.02191958025924, 189.60051136518493
2.3099999999999947, 138.18923953873642, 189.67115425129023
2.3199999999999945, 138.34354998730487, 189.73134501932165
2.3299999999999943, 138.48567587548246, 189.78243170319976
2.339999999999994, 138.61641842455606, 189.82561208481542
2.349999999999994, 138.73655124969628, 189.86194730468378
2.3599999999999937, 138.84681729939632, 189.89237467301072
2.3699999999999934, 138.94792655206024, 189.91771966850874
2.3799999999999932, 139.04055440115442, 189.93870712128293
2.389999999999993, 139.12534065568573, 189.95597158487064
2.399999999999993, 139.20288908118124, 189.97006691067887
2.4099999999999926, 139.2737674071891, 189.9814750453594
2.4199999999999924, 139.33850773002914, 189.99061407792797
2.429999999999992, 139.39760724360352, 189.99784556859467
2.439999999999992, 139.45152923610416, 190.0034811953108
2.4499999999999917, 139.50070429607018, 190.00778875699328
2.4599999999999915, 139.54553167715972, 190.01099757433138
2.4699999999999913, 139.58638077697162, 190.01330333011205
2.479999999999991, 139.62359269110192, 190.0148723912296
2.489999999999991, 139.65748180920968, 190.01584565409283
2.4999999999999907, 139.6883374251015, 190.0163419541238
2.5099999999999905, 139.71642533765882, 190.01646107857331
2.5199999999999902, 139.7419894237928, 190.01628642006222
2.52999999999999, 139.76525316850243, 190.01588730619034
2.53999999999999, 139.7864211405359, 190.01532103832196
2.5499999999999896, 139.8056804051304, 190.0146346703272
2.5599999999999894, 139.82320186785398, 190.01386655569652
2.569999999999989, 139.83914154572903, 190.01304768909768
2.579999999999989, 139.85364176361193, 190.01220286615245
2.5899999999999888, 139.8668322752769, 190.01135168300294
2.5999999999999885, 139.87883130983946, 190.01050939513803
2.6099999999999883, 139.88974654509087, 190.00968765297426
2.619999999999988, 139.8996760100359, 190.00889512984176
2.629999999999988, 139.90870891946147, 190.00813805632035
2.6399999999999877, 139.91692644374282, 190.00742067330364
2.6499999999999875, 139.92440241734363, 190.00674561473872
2.6599999999999873, 139.9312039896087, 190.00611422969084
2.669999999999987, 139.93739222150361, 190.00552685221126
2.679999999999987, 139.9430226319429, 190.00498302643356
2.6899999999999866, 139.94814569728112, 190.00448169338253
2.6999999999999864, 139.95280730743366, 190.00402134514206
2.709999999999986, 139.95704918195634, 190.00360015128413
2.719999999999986, 139.9609092492532, 190.0032160618041
2.7299999999999858, 139.96442199191029, 190.00286689022778
2.7399999999999856, 139.96761876097162, 190.00255038004755
2.7499999999999853, 139.97052806179116, 190.0022642571987
2.759999999999985, 139.9731758139111, 190.00200627089848
2.769999999999985, 139.97558558723838, 190.00177422483125
2.7799999999999847, 139.9777788166176, 190.0015660003692
2.7899999999999845, 139.97977499673303, 190.00137957326245
2.7999999999999843, 139.98159185911493, 190.0012130250128
2.809999999999984, 139.9832455328764, 190.00106454995472
2.819999999999984, 139.98475069066865, 190.0009324589043
2.8299999999999836, 139.98612068121247, 190.00081518009625
2.8399999999999834, 139.98736764964414, 190.00071125800974
2.849999999999983, 139.98850264680212, 190.00061935058076
2.859999999999983, 139.9895357284798, 190.0005382252124
2.869999999999983, 139.99047604557495, 190.00046675391985
2.8799999999999826, 139.991331925981, 190.00040390788462
2.8899999999999824, 139.99211094898695, 190.00034875164
2.899999999999982, 139.99282001288105, 190.0003004370647
2.909999999999982, 139.99346539638861, 190.00025819732554
2.9199999999999817, 139.99405281451484, 190.00022134087786
2.9299999999999815, 139.99458746931018, 190.00018924560783
2.9399999999999813, 139.99507409602705, 190.00016135317873
2.949999999999981, 139.9955170050927, 190.00013716362625
2.959999999999981, 139.99592012028268, 190.00011623023383
2.9699999999999807, 139.99628701344415, 190.00009815470708
2.9799999999999804, 139.99662093608444, 190.0000825826576
2.9899999999999802, 139.99692484811186, 190.00006919939918
2.99999999999998, 139.9972014439879, 190.00005772605326
3.00999999999998, 139.99745317652696, 190.00004791595688
3.0199999999999796, 139.9976822785568, 190.00003955136245
3.0299999999999794, 139.99789078263382, 190.00003244041676
3.039999999999979, 139.99808053898929, 190.00002641440483
3.049999999999979, 139.99825323186582, 190.00002132524315
3.0599999999999787, 139.9984103943899, 190.0000170432064
3.0699999999999785, 139.99855342211183, 190.00001345487175
3.0799999999999783, 139.99868358533297, 190.00001046126448
3.089999999999978, 139.99880204032954, 190.00000797618955
3.099999999999978, 139.99890983957147, 190.00000592473398
3.1099999999999777, 139.9990079410268, 190.0000042419255
3.1099999999999777, 139.99909721663337, 190.000002871534
3.1199999999999775, 125.36053872864042, 194.8002446161345
3.1299999999999772, 138.71586889130302, 186.47171356425142
3.139999999999977, 149.46749126201, 175.90223631903027
3.149999999999977, 157.46071143633407, 164.06937791870092
3.1599999999999766, 162.82648600392295, 151.7934373524177
3.1699999999999764, 165.87078910417134, 139.69874741435157
3.179999999999976, 166.98351325758728, 128.21569937361787
3.189999999999976, 166.57224783452926, 117.60592206991028
3.1999999999999758, 165.01972013764583, 107.99726091908477
3.2099999999999755, 162.66053573857326, 99.41975409434289
3.2199999999999753, 159.77196826287198, 91.83765220881172
3.229999999999975, 156.57393890804815, 85.17533160003437
3.239999999999975, 153.23428322573517, 79.336747656934
3.2499999999999747, 149.87648384983382, 74.21906676576387
3.2599999999999745, 146.58801737785916, 69.721543967939
3.2699999999999743, 143.4282265745006, 65.75079160089281
3.279999999999974, 140.43517364385877, 62.2234739673495
3.289999999999974, 137.63128592397078, 59.06727370950104
3.2999999999999736, 135.02781583787248, 56.22077272231678
3.3099999999999734, 132.6282456393686, 53.63270822762816
3.319999999999973, 130.43081049588963, 51.260916676818326
3.329999999999973, 128.43031769559826, 49.07116623886904
3.3399999999999728, 126.61942373706016, 47.03599866082607
3.3499999999999726, 124.9895064915798, 45.13364697780392
3.3599999999999723, 123.53124336673297, 43.34706048934877
3.369999999999972, 122.23498201982186, 41.663047034090084
3.379999999999972, 121.09096921437592, 40.07153046566871
3.3899999999999717, 120.08948625900162, 38.56491507430676
3.3999999999999715, 119.22092589360801, 37.137546188674115
3.4099999999999713, 118.47583501389889, 35.785255764166486
3.419999999999971, 117.84493970624916, 34.50498240421943
3.429999999999971, 117.31916318777196, 33.29445635002193
3.4399999999999706, 116.88964296730576, 32.15194115492482
3.4499999999999704, 116.54775049870777, 31.076024849157953
3.45999999999997, 116.2851144986248, 30.06545432148809
3.46999999999997, 116.09364771952927, 29.119007383254495
3.47999999999997, 115.96557612778662, 28.23539755639203
3.4899999999999696, 115.89346899706753, 27.413207074977404
3.4999999999999694, 115.87026828041395, 26.650843947285267
3.509999999999969, 115.88931568340213, 25.946519226958582
3.519999999999969, 115.94437605762656, 25.298240915910394
3.5299999999999687, 116.02965601390139, 24.7038211886014
3.5399999999999685, 116.13981697558332, 24.160893900492006
3.5499999999999683, 116.26998222153665, 23.666939629213385
3.559999999999968, 116.41573778116495, 23.219315796402594
3.569999999999968, 116.57312732351168, 22.81528972824906
3.5799999999999677, 116.7386414177292, 22.452072827990257
3.5899999999999674, 116.90920172744367, 22.126854346822523
3.5999999999999672, 117.08214083513795, 21.83683354349764
3.609999999999967, 117.25517847638693, 21.579249310191063
3.619999999999967, 117.4263950018286, 21.35140660696022
3.6299999999999666, 117.59420288303686, 21.15069928450691
3.6399999999999664, 117.7573170438668, 20.974629081778854
3.649999999999966, 117.91472473864471, 20.820820759494854
3.659999999999966, 118.06565561996057, 20.687033472701945
3.6699999999999657, 118.20955254850803, 20.57116859598103
3.6799999999999655, 118.34604360139322, 20.471274295947623
3.6899999999999653, 118.47491563869146, 20.385547200057474
3.699999999999965, 118.5960896948845, 20.312331541748446
3.709999999999965, 118.70959837529259, 20.25011617322959
3.7199999999999647, 118.81556535992401, 20.197529832429836
3.7299999999999645, 118.9141870496533, 20.15333503329504
3.7399999999999642, 119.00571633293221, 20.116420922082437
3.749999999999964, 119.09044840535937, 20.085795409516283
3.759999999999964, 119.16870853893879, 20.060576852211188
3.7699999999999636, 119.24084167195612, 20.03998551879183
3.7799999999999634, 119.30720367307542, 20.023335038368472
3.789999999999963, 119.3681541233618, 20.010023992794412
3.799999999999963, 119.42405045626977, 19.99952778039575
3.8099999999999627, 119.47524329702708, 19.99139084826483
3.8199999999999625, 119.52207284817773, 19.985219363113064
3.8299999999999623, 119.56486617631188, 19.980674367230062
3.839999999999962, 119.60393526531439, 19.97746544626365
3.849999999999962, 119.63957571304164, 19.975344919157443
3.8599999999999617, 119.6720659605557, 19.97410254740732
3.8699999999999615, 119.7016669553966, 19.973560750514565
3.8799999999999613, 119.72862216246212, 19.97357030678081
3.889999999999961, 119.75315784759918, 19.97400651305848
3.899999999999961, 119.77548356978718, 19.974765773397746
3.9099999999999606, 119.79579282768161, 19.975762584394065
3.9199999999999604, 119.81426381521833, 19.97692688414279
3.92999999999996, 119.83106024893185, 19.9782017317845
3.93999999999996, 119.84633223663138, 19.97954128544507
3.9499999999999598, 119.86021716314734, 19.98090904774019
3.9599999999999596, 119.87284057406823, 19.982276349758767
3.9699999999999593, 119.88431704280462, 19.98362104642727
3.979999999999959, 119.89475101002049, 19.984926398277818
3.989999999999959, 119.90423758754147, 19.986180116810434
3.9999999999999587, 119.91286332136164, 19.98737355278896
4.009999999999959, 119.92070691039959, 19.988501008891625
4.019999999999959, 119.92783987927014, 19.98955916011724
4.0299999999999585, 119.93432720460127, 19.99054656720339
4.039999999999958, 119.94022789539542, 19.99146327003066
4.049999999999958, 119.94559552865869, 19.992310449560215
4.059999999999958, 119.95047874204514, 19.99309014828047
4.069999999999958, 119.95492168562423, 19.993805040425354
4.079999999999957, 119.95896443510948, 19.994458244377665
4.089999999999957, 119.9626433690137, 19.99505317069455
4.099999999999957, 119.96599151224285, 19.99559340009733
4.109999999999957, 119.96903884862641, 19.996082586564317
4.119999999999957, 119.97181260482282, 19.996524381363237
4.129999999999956, 119.9743375079456, 19.99692237446868
4.139999999999956, 119.97663601914158, 19.99728005033945
4.149999999999956, 119.97872854522298, 19.997600755489206
4.159999999999956, 119.98063363031841, 19.997887675679937
4.1699999999999555, 119.98236812936713, 19.99814382090876
4.179999999999955, 119.98394736514182, 19.99837201665126
4.189999999999955, 119.98538527034842, 19.998574900075376
4.199999999999955, 119.98669451622116, 19.998754920153758
4.209999999999955, 119.98788662890624, 19.99891434078489
4.2199999999999545, 119.98897209481098, 19.999055246188124
4.229999999999954, 119.98996045598662, 19.999179547968968
4.239999999999954, 119.99086039651176, 19.999288993361766
4.249999999999954, 119.99167982075097, 19.999385174250325
4.259999999999954, 119.99242592427807, 19.99946953664545
4.269999999999953, 119.99310525817609, 19.999543390363968
4.279999999999953, 119.99372378735558, 19.999607918708566
4.289999999999953, 119.99428694346898, 19.999664187993254
4.299999999999953, 119.9947996729413, 19.999713156796854
4.3099999999999525, 119.9952664805852, 19.999755684857828
4.319999999999952, 119.99569146922201, 19.999792541549066
4.329999999999952, 119.99607837568772, 19.999824413891815
4.339999999999952, 119.99643060356567, 19.99985191408442
4.349999999999952, 119.99675125295344, 19.99987558653479
4.3599999999999515, 119.99704314754115, 19.999895914395893
4.369999999999951, 119.9973088592511, 19.99991332561158
4.379999999999951, 119.99755073066433, 19.999928198486334
4.389999999999951, 119.99777089543755, 19.99994086679688
4.399999999999951, 119.99797129689466, 19.99995162446698
4.40999999999995, 119.99815370495887, 19.999960729828874
4.41999999999995, 119.9983197315762, 19.999968409496116
4.42999999999995, 119.9984708447666, 19.999974861873213
4.43999999999995, 119.99860838142601, 19.99998026032756
4.4499999999999496, 119.99873355899174, 19.999984756048832
4.459999999999949, 119.9988474860725, 19.999988480620292
4.469999999999949, 119.9989511721356, 19.999991548325664
4.479999999999949, 119.99904553633513, 19.99999405821403
4.479999999999949, 119.99913141555739, 19.999996095944137
4.489999999999949, 131.04341483260086, 22.76122304104169
4.4999999999999485, 140.84223454071972, 27.46322165563467
4.509999999999948, 149.1276588745553, 33.538357038011796
4.519999999999948, 155.82265902671298, 40.462266026053946
4.529999999999948, 160.986516893237, 47.79225772446444
4.539999999999948, 164.7644693083268, 55.18166414538137
4.549999999999947, 167.34663395562862, 62.378115554250414
4.559999999999947, 168.93763113330468, 69.21256365056836
4.569999999999947, 169.73617662866306, 75.58416772591403
4.579999999999947, 169.92289718275114, 81.44446595691161
4.589999999999947, 169.65432994825773, 86.78284667869228
4.599999999999946, 169.0611986374387, 91.61429515224042
4.609999999999946, 168.24938774966685, 95.96969930028733
4.619999999999946, 167.30241926074967, 99.88858701013623
4.629999999999946, 166.28459336079908, 103.41396099712335
4.6399999999999455, 165.24424985360864, 106.58882536154188
4.649999999999945, 164.21683042142138, 109.45400601257906
4.659999999999945, 163.2275795912101, 112.04691596001942
4.669999999999945, 162.29382579411921, 114.40098063267929
4.679999999999945, 161.42684666497533, 116.54550290286
4.689999999999944, 160.63335673498221, 118.50580473355568
4.699999999999944, 159.91667068575373, 120.30352935962557
4.709999999999944, 159.2775986527336, 121.9570244222888
4.719999999999944, 158.7151268043975, 123.48175362913345
4.729999999999944, 158.2269299570714, 124.89070397349269
4.739999999999943, 157.8097554086627, 126.19476903586092
4.749999999999943, 157.45970969333214, 127.40309794028136
4.759999999999943, 157.17247319412328, 128.52340540964457
4.769999999999943, 156.94346176018394, 129.56224203110273
4.7799999999999425, 156.76794970700797, 130.52522602908127
4.789999999999942, 156.64116476747844, 131.41723906450707
4.799999999999942, 156.5583625924843, 132.24258919076632
4.809999999999942, 156.51488614066034, 133.005144337134
4.819999999999942, 156.50621361864796, 133.70843971224517
4.8299999999999415, 156.52799741971845, 134.35576241885138
4.839999999999941, 156.57609565882595, 134.95021640335582
4.849999999999941, 156.64659733132885, 135.49477066161566
4.859999999999941, 156.73584176077318, 135.99229340350354
4.869999999999941, 156.84043279147104, 136.44557465152678
4.87999999999994, 156.95724807869027, 136.8573395178605
4.88999999999994, 157.0834437973273, 137.230254172036
4.89999999999994, 157.21645510133496, 137.5669262803085
4.90999999999994, 157.35399270012425, 137.86990146962077
4.9199999999999395, 157.49403595952896, 138.14165714660706
4.929999999999939, 157.63482297325527, 138.38459478803475
4.939999999999939, 157.7748380793625, 138.60103161630556
4.949999999999939, 157.9127973115524, 138.79319238482452
4.959999999999939, 158.04763227551504, 138.96320182551278
4.9699999999999385, 158.17847292662057, 139.11307815628837
4.979999999999938, 158.3046296983734, 139.24472791113718
4.989999999999938, 158.42557539352293, 139.35994223996133
4.999999999999938, 158.54092720419771, 139.46039472959274
5.009999999999938, 158.6504291766479, 139.54764072048667
5.019999999999937, 158.75393538277982, 139.6231180344606
5.029999999999937, 158.85139400701487, 139.68814898583554
5.039999999999937, 158.94283250511683, 139.74394351962096
5.049999999999937, 159.02834394310764, 139.79160330395882
5.0599999999999365, 159.10807458041546, 139.83212659786003
5.069999999999936, 159.1822127227493, 139.86641371731596
5.079999999999936, 159.25097883729185, 139.89527293125767
5.089999999999936, 159.31461689574448, 139.91942663183102
5.099999999999936, 159.37338688939968, 139.93951763953473
5.1099999999999355, 159.42755844440194, 139.9561155216194
5.119999999999935, 159.47740545420507, 139.96972282069143
5.129999999999935, 159.5232016393614, 139.98078110884416
5.139999999999935, 159.56521694156731, 139.98967680019854
5.149999999999935, 159.60371465871074, 139.99674667100453
5.159999999999934, 159.63894922991113, 140.00228305112822
5.169999999999934, 159.6711645836475, 140.0065386636534
5.179999999999934, 159.7005929675225, 140.00973110040044
5.189999999999934, 159.72745418456702, 140.01204693042968
5.199999999999934, 159.75195516787105, 140.01364544614228
5.209999999999933, 159.77428983242007, 140.01466205754662
5.219999999999933, 159.79463915007574, 140.0152113497829
5.229999999999933, 159.81317140047088, 140.01538982226648
5.239999999999933, 159.83004255705686, 140.01527832999835
5.2499999999999325, 159.84539677354655, 140.01494424887085
5.259999999999932, 159.85936694148305, 140.01444338733344
5.269999999999932, 159.87207529460318, 140.01382166672354
5.279999999999932, 159.88363404005182, 140.0131165920459
5.289999999999932, 159.89414600035, 140.01235853411663
5.299999999999931, 159.90370525335476, 140.01157184287436
5.309999999999931, 159.91239776030508, 140.01077581038248
5.319999999999931, 159.92030197446763, 140.00998550067527
5.329999999999931, 159.92748942492128, 140.0092124621858
5.339999999999931, 159.93402527169422, 140.00846533708344
5.34999999999993, 159.93996882983467, 140.0077503804712
5.35999999999993, 159.9453740610968, 140.00707190107389
5.36999999999993, 159.95029003279546, 140.00643263380312
5.37999999999993, 159.95476134406059, 140.00583405342502
5.3899999999999295, 159.95882852023723, 140.0052766374854
5.399999999999929, 159.96252837655578, 140.00476008566903
5.409999999999929, 159.9658943524656, 140.00428350188267
5.419999999999929, 159.96895681820286, 140.0038455445523
5.429999999999929, 159.97174335526955, 140.00344454991045
5.4399999999999284, 159.97427901254898, 140.00307863241312
5.449999999999928, 159.9765865397884, 140.00274576586256
5.459999999999928, 159.9786866001504, 140.00244384831615
5.469999999999928, 159.98059796348142, 140.00217075342493
5.479999999999928, 159.98233768187487, 140.0019243704656
5.489999999999927, 159.98392124902404, 140.00170263499632
5.499999999999927, 159.9853627447694, 140.00150355177996
5.509999999999927, 159.9866749661521, 140.00132521136732
5.519999999999927, 159.9878695461909, 140.00116580151857
5.5299999999999265, 159.98895706150645, 140.00102361445497
5.539999999999926, 159.989947129827, 140.00089705077386
5.549999999999926, 159.9908484983222, 140.00078462072386
5.559999999999926, 159.99166912363108, 140.00068494342042
5.569999999999926, 159.9924162443715, 140.00059674448266
5.5799999999999255, 159.99309644684863, 140.00051885248863
5.589999999999925, 159.9937157246121, 140.00045019457403
5.599999999999925, 159.99427953245086, 140.00038979144003
5.609999999999925, 159.994792835359, 140.00033675198384
5.619999999999925, 159.9952601529535, 140.0002902677244
5.629999999999924, 159.99568559977973, 140.00024960715862
5.639999999999924, 159.99607292189629, 140.00021411015481
5.649999999999924, 159.99642553009426, 140.0001831824647
5.659999999999924, 159.99674653006957, 140.0001562904154
5.6699999999999235, 159.99703874983706, 140.0001329558258
5.679999999999923, 159.99730476464572, 140.0001127511781
5.689999999999923, 159.99754691962974, 140.00009529506468
5.699999999999923, 159.99776735040692, 140.00008024792072
5.709999999999923, 159.99796800181494, 140.00006730804714
5.7199999999999225, 159.9981506449585, 140.00005620792157
5.729999999999922, 159.99831689272264, 140.0000467107922
5.739999999999922, 159.9984682138931, 140.00003860754472
5.749999999999922, 159.99860594601137, 140.00003171383185
5.759999999999922, 159.99873130707945, 140.00002586745154
5.769999999999921, 159.99884540621866, 140.0000209259606
5.779999999999921, 159.99894925337728, 140.00001676450847
5.789999999999921, 159.9990437681727, 140.00001327387676
