0.01, 0.0, 0.0
0.02, 0.0, 0.0
0.03, 0.0, 0.0
0.04, 0.0, 0.0
0.05, 0.0, 0.0
0.060000000000000005, 0.0, 0.0
0.07, 0.0, 0.0
0.08, 0.0, 0.0
0.09, 0.0, 0.0
0.09999999999999999, 0.0, 0.0
0.10999999999999999, 0.0, 0.0
0.11999999999999998, 0.0, 0.0
0.12999999999999998, 0.0, 0.0
0.13999999999999999, 0.0, 0.0
0.15, 0.0, 0.0
0.16, 0.0, 0.0
0.17, 0.0, 0.0
0.18000000000000002, 0.0, 0.0
0.19000000000000003, 0.0, 0.0
0.20000000000000004, 0.0, 0.0
0.21000000000000005, 0.0, 0.0
0.22000000000000006, 0.0, 0.0
0.23000000000000007, 0.0, 0.0
0.24000000000000007, 0.0, 0.0
0.25000000000000006, 0.0, 0.0
0.26000000000000006, 0.0, 0.0
0.2700000000000001, 0.0, 0.0
0.2800000000000001, 0.0, 0.0
0.2900000000000001, 0.0, 0.0
0.3000000000000001, 0.0, 0.0
0.3100000000000001, 0.0, 0.0
0.3200000000000001, 0.0, 0.0
0.3300000000000001, 0.0, 0.0
0.34000000000000014, 0.0, 0.0
0.34000000000000014, 0.0, 0.0
0.35000000000000014, 1.8, 0.0
0.36000000000000015, 3.4379999999999997, 0.0
0.37000000000000016, 4.92858, 0.0
0.38000000000000017, 6.2850078, 0.0
0.3900000000000002, 7.519357098, 0.0
0.4000000000000002, 8.642614959180001, 0.0
0.4100000000000002, 9.6647796128538, 0.0
0.4200000000000002, 10.594949447696958, 0.0
0.4300000000000002, 11.441403997404231, 0.0
0.4400000000000002, 12.21167763763785, 0.0
0.45000000000000023, 12.912626650250443, 0.0
0.46000000000000024, 13.550490251727904, 0.0
0.47000000000000025, 14.130946129072393, 0.0
0.48000000000000026, 14.659160977455878, 0.0
0.49000000000000027, 15.13983648948485, 0.0
0.5000000000000002, 15.577251205431214, 0.0
0.5100000000000002, 15.975298596942405, 0.0
0.5200000000000002, 16.337521723217588, 0.0
0.5300000000000002, 16.667144768128004, 0.0
0.5400000000000003, 16.967101738996483, 0.0
0.5500000000000003, 17.2400625824868, 0.0
0.5600000000000003, 17.48845695006299, 0.0
0.5700000000000003, 17.71449582455732, 0.0
0.5800000000000003, 17.920191200347162, 0.0
0.5900000000000003, 18.107373992315917, 0.0
0.6000000000000003, 18.277710333007484, 0.0
0.6100000000000003, 18.43271640303681, 0.0
0.6200000000000003, 18.5737719267635, 0.0
0.6300000000000003, 18.702132453354785, 0.0
0.6400000000000003, 18.818940532552855, 0.0
0.6500000000000004, 18.9252358846231, 0.0
0.6600000000000004, 19.02196465500702, 0.0
0.6700000000000004, 19.10998783605639, 0.0
0.6800000000000004, 19.190088930811317, 0.0
0.6900000000000004, 19.2629809270383, 0.0
0.7000000000000004, 19.32931264360485, 0.0
0.7100000000000004, 19.389674505680414, 0.0
0.7200000000000004, 19.444603800169176, 0.0
0.7300000000000004, 19.49458945815395, 0.0
0.7400000000000004, 19.540076406920093, 0.0
0.7500000000000004, 19.581469530297284, 0.0
0.7600000000000005, 19.619137272570526, 0.0
0.7700000000000005, 19.65341491803918, 0.0
0.7800000000000005, 19.68460757541565, 0.0
0.7900000000000005, 19.712992893628243, 0.0
0.8000000000000005, 19.7388235332017, 0.0
0.8100000000000005, 19.762329415213546, 0.0
0.8200000000000005, 19.783719767844328, 0.0
0.8300000000000005, 19.803184988738337, 0.0
0.8400000000000005, 19.82089833975189, 0.0
0.8500000000000005, 19.83701748917422, 0.0
0.8600000000000005, 19.85168591514854, 0.0
0.8700000000000006, 19.86503418278517, 0.0
0.8800000000000006, 19.877181106334504, 0.0
0.8900000000000006, 19.888234806764398, 0.0
0.9000000000000006, 19.898293674155603, 0.0
0.9100000000000006, 19.9074472434816, 0.0
0.9200000000000006, 19.915776991568254, 0.0
0.9300000000000006, 19.92335706232711, 0.0
0.9400000000000006, 19.93025492671767, 0.0
0.9500000000000006, 19.936531983313078, 0.0
0.9600000000000006, 19.9422441048149, 0.0
0.9700000000000006, 19.94744213538156, 0.0
0.9800000000000006, 19.95217234319722, 0.0
0.9900000000000007, 19.95647683230947, 0.0
1.0000000000000007, 19.960393917401618, 0.0
1.0100000000000007, 19.96395846483547, 0.0
1.0200000000000007, 19.96720220300028, 0.0
1.0300000000000007, 19.970154004730254, 0.0
1.0400000000000007, 19.97284014430453, 0.0
1.0500000000000007, 19.975284531317122, 0.0
1.0600000000000007, 19.977508923498583, 0.0
1.0700000000000007, 19.97953312038371, 0.0
1.0800000000000007, 19.981375139549176, 0.0
1.0900000000000007, 19.98305137698975, 0.0
1.1000000000000008, 19.984576753060672, 0.0
1.1100000000000008, 19.98596484528521, 0.0
1.1200000000000008, 19.98722800920954, 0.0
1.1300000000000008, 19.98837748838068, 0.0
1.1400000000000008, 19.98942351442642, 0.0
1.1500000000000008, 19.99037539812804, 0.0
1.1600000000000008, 19.991241612296516, 0.0
1.1700000000000008, 19.992029867189828, 0.0
1.1800000000000008, 19.992747179142743, 0.0
1.1900000000000008, 19.993399933019894, 0.0
1.2000000000000008, 19.993993939048103, 0.0
1.2100000000000009, 19.994534484533773, 0.0
1.2200000000000009, 19.995026380925733, 0.0
1.2300000000000009, 19.995474006642418, 0.0
1.2400000000000009, 19.9958813460446, 0.0
1.2500000000000009, 19.99625202490059, 0.0
1.260000000000001, 19.996589342659536, 0.0
1.270000000000001, 19.99689630182018, 0.0
1.280000000000001, 19.99717563465636, 0.0
1.290000000000001, 19.99742982753729, 0.0
1.300000000000001, 19.997661143058934, 0.0
1.310000000000001, 19.99787164018363, 0.0
1.320000000000001, 19.998063192567102, 0.0
1.330000000000001, 19.998237505236062, 0.0
1.340000000000001, 19.998396129764817, 0.0
1.350000000000001, 19.998540478085985, 0.0
1.360000000000001, 19.998671835058246, 0.0
1.370000000000001, 19.998791369903003, 0.0
1.380000000000001, 19.99890014661173, 0.0
1.390000000000001, 19.998999133416675, 0.0
1.400000000000001, 19.999089211409174, 0.0
1.400000000000001, 19.999171182382348, 0.0
1.410000000000001, 40.3974327442219, 4.549329555876958
1.420000000000001, 58.607370164935034, 12.68682195216007
1.430000000000001, 74.12066824327714, 23.394719733663116
1.440000000000001, 86.77477770379646, 35.72578816307664
1.450000000000001, 96.65648297412349, 48.87425342999626
1.460000000000001, 104.01213571553181, 62.20367279264729
1.470000000000001, 109.17380066115244, 75.2457131508115
1.480000000000001, 112.50410384645863, 87.68190772376292
1.490000000000001, 114.3587218651151, 99.31752416999359
1.500000000000001, 115.06356326977493, 110.05372427023713
1.5100000000000011, 114.9031114357601, 119.86171393202105
1.5200000000000011, 114.11657756893236, 128.76073041988266
1.5300000000000011, 112.89905858864346, 136.80046549089104
1.5400000000000011, 111.40555222912275, 144.04776945178037
1.5500000000000012, 109.75630557246322, 150.57709097592317
1.5600000000000012, 108.04249508650375, 156.46396028921035
1.5700000000000012, 106.33163633877018, 161.78082273057447
1.5800000000000012, 104.67240703288957, 166.5946061443027
1.5900000000000012, 103.09875718616902, 170.96551314284812
1.6000000000000012, 101.63329763798215, 174.946640475369
1.6100000000000012, 100.29002351021532, 178.5841280671934
1.6200000000000012, 99.07645988437675, 181.91762374355278
1.6300000000000012, 97.9953258094791, 184.98091521085016
1.6400000000000012, 97.04580903660231, 187.80263014990825
1.6500000000000012, 96.22453376825317, 190.40694097880345
1.6600000000000013, 95.52629111067138, 192.81423587299255
1.6700000000000013, 94.94458911779327, 195.0417346400342
1.6800000000000013, 94.47206754034126, 197.1040392469745
1.6900000000000013, 94.10081219147739, 199.01361592566832
1.7000000000000013, 93.8225953599526, 200.78121013546428
1.7100000000000013, 93.62906187103609, 202.41619818245536
1.7200000000000013, 93.51187503647664, 203.92688063513424
1.7300000000000013, 93.4628326298666, 205.32072328097857
1.7400000000000013, 93.47395995377248, 206.60455152764484
1.7500000000000013, 93.53758482760526, 207.78470405018393
1.7600000000000013, 93.64639774308586, 208.8671512346538
1.7700000000000014, 93.79349935675974, 209.85758363504945
1.7800000000000014, 93.97243679136092, 210.7614752822649
1.7900000000000014, 94.17722979802102, 211.58412628168244
1.8000000000000014, 94.40238760760607, 212.3306887216551
1.8100000000000014, 94.64291720734968, 213.00617949588062
1.8200000000000014, 94.89432376857312, 213.61548322399875
1.8300000000000014, 95.15260398506307, 214.16334804181184
1.8400000000000014, 95.41423313225242, 214.65437663056156
1.8500000000000014, 95.67614670575662, 215.09301446902003
1.8600000000000014, 95.93571753188257, 215.483536927968
1.8700000000000014, 96.19072925565014, 215.83003648867023
1.8800000000000014, 96.43934710097233, 216.13641105919768
1.8900000000000015, 96.68008676329465, 216.40635408786628
1.9000000000000015, 96.9117822396685, 216.64334693351196
1.9100000000000015, 97.13355332872337, 216.8506537484784
1.9200000000000015, 97.34477344779096, 217.03131896160718
1.9300000000000015, 97.54503832118343, 217.18816731373894
1.9400000000000015, 97.73413599680926, 217.32380629496456
1.9500000000000015, 97.91201855193422, 217.44063075817525
1.9600000000000015, 98.07877575634859, 217.54082943397916
1.9700000000000015, 98.2346108751648, 217.62639304416828
1.9800000000000015, 98.37981871589552, 217.6991237009681
1.9900000000000015, 98.5147659566118, 217.76064528370608
2.0000000000000013, 98.63987373448997, 217.81241449994104
2.010000000000001, 98.75560242702433, 217.85573236145086
2.020000000000001, 98.86243852127518, 217.89175583409886
2.0300000000000007, 98.96088343907233, 217.921509452203
2.0400000000000005, 99.05144416720188, 217.94589672073138
2.0500000000000003, 99.13462553022379, 217.9657111609505
2.06, 99.21092393858589, 217.9816468859275
2.07, 99.2808224449969, 217.99430862072978
2.0799999999999996, 99.34478694652041, 218.00422110775045
2.0899999999999994, 99.40326337755586, 218.01183786002963
2.099999999999999, 99.45667574888415, 218.01754924464342
2.109999999999999, 99.50542489949574, 218.02168989424683
2.1199999999999988, 99.5498878403241, 218.02454545784417
2.1299999999999986, 99.59041758173748, 218.02635871206104
2.1399999999999983, 99.62734334926279, 218.02733506188676
2.149999999999998, 99.66097110420039, 218.0276474653563
2.159999999999998, 99.69158429729548, 218.02744082025723
2.1699999999999977, 99.71944479430039, 218.02683585298735
2.1799999999999975, 99.74479392199255, 218.02593255043715
2.1899999999999973, 99.76785359196126, 218.02481317549103
2.199999999999997, 99.78882746723599, 218.02354490566563
2.209999999999997, 99.80790214362833, 218.0221821327353
2.2199999999999966, 99.82524832354508, 218.02076845910915
2.2299999999999964, 99.84102196506811, 218.01933842436296
2.239999999999996, 99.85536539335739, 218.0179189928161
2.249999999999996, 99.86840836499752, 218.01653083046727
2.259999999999996, 99.88026907885093, 218.0151893970429
2.2699999999999956, 99.89105512938075, 218.01390587642038
2.2799999999999954, 99.90086440033454, 218.0126879663069
2.289999999999995, 99.90978589820459, 218.01154054581033
2.299999999999995, 99.9179005260622, 218.01046623745077
2.3099999999999947, 99.92528179925824, 218.00946587823628
2.3199999999999945, 99.9319965051384, 218.00853891266883
2.3299999999999943, 99.93810530938214, 218.00768371895413
2.339999999999994, 99.94366331187695, 218.00689787825578
2.349999999999994, 99.94872055521486, 218.00617839555187
2.3599999999999937, 99.95332248897414, 218.00552187951197
2.3699999999999934, 99.9575103929478, 218.0049246878027
2.3799999999999932, 99.96132176242104, 218.00438304334048
2.389999999999993, 99.96479065849707, 218.00389312622914
2.399999999999993, 99.96794802633808, 218.0034511454378
2.4099999999999926, 99.97082198403507, 218.003053393679
2.4199999999999924, 99.97343808465502, 218.00269628843117
2.429999999999992, 99.97581955384294, 218.00237640160188
2.439999999999992, 99.97798750518427, 218.00209047994278
2.4499999999999917, 99.97996113536351, 218.00183545799416
2.4599999999999915, 99.98175790099104, 218.0016084650523
2.4699999999999913, 99.98339367881299, 218.00140682740832
2.479999999999991, 99.98488291087028, 218.00122806689816
2.489999999999991, 99.9862387360341, 218.0010698966264
2.4999999999999907, 99.98747310921459, 218.00093021457465
2.5099999999999905, 99.98859690942001, 218.00080709567789
2.5199999999999902, 99.98962003773235, 218.00069878284404
2.52999999999999, 99.99055150616454, 218.0006036773006
2.53999999999999, 99.99139951827097, 218.00052032857596
2.5499999999999896, 99.99217154229932, 218.00044742435924
2.5599999999999894, 99.99287437759453, 218.00038378042873
2.569999999999989, 99.99351421489654, 218.00032833079536
2.579999999999989, 99.99409669111057, 218.00028011817048
2.5899999999999888, 99.99462693907215, 218.00023828483793
2.5999999999999885, 99.99510963277768, 218.0002020639854
2.6099999999999883, 99.99554902850568, 218.0001707715303
2.619999999999988, 99.99594900221203, 218.00014379846016
2.629999999999988, 99.9963130835457, 218.00012060369386
2.6399999999999877, 99.99664448679745, 218.000100707461
2.6499999999999875, 99.9969461390643, 218.00008368518886
2.6599999999999873, 99.99722070588513, 218.00006916188045
2.669999999999987, 99.9974706145786, 218.00005680696327
2.679999999999987, 99.9976980754927, 218.00004632958553
2.6899999999999866, 99.99790510135523, 218.00003747433408
2.6999999999999864, 99.99809352489699, 218.0000300173483
2.709999999999986, 99.99826501490361, 218.00002376280273
2.719999999999986, 99.99842109083696, 218.000018539732
2.7299999999999858, 99.99856313615459, 218.00001419917206
2.7399999999999856, 99.99869241044367, 218.00001061159216
2.7499999999999853, 99.99881006047525, 218.00000766459334
2.759999999999985, 99.99891713027515, 218.00000526085054
2.769999999999985, 99.99901457029887, 218.0000033162764
2.769999999999985, 99.99910324579038, 218.00000175838622
2.7799999999999847, 93.07747358441961, 213.7890475538458
2.7899999999999845, 89.13183250447794, 207.41335142693626
2.7999999999999843, 87.9148518590441, 200.3053875641293
2.809999999999984, 86.897188418735, 207.4663258061411
2.819999999999984, 84.03296777977877, 213.86675015089838
2.8299999999999836, 79.86731371300536, 219.09620064584712
2.8399999999999834, 74.94406905424898, 223.00873881152089
2.849999999999983, 70.30980424671253, 226.58092932597515
2.859999999999983, 65.90715496124919, 229.81038536897657
2.869999999999983, 61.6935730208462, 232.69876583054952
2.8799999999999826, 57.638854864672396, 235.25033049772298
2.8899999999999824, 53.72294991337787, 237.47117635112986
2.899999999999982, 49.934040707552, 239.36890332911963
2.909999999999982, 46.266865834760935, 240.95252981347508
2.9199999999999817, 42.72125240011176, 242.2325326583275
2.9299999999999815, 39.30082847222713, 243.22092715271788
2.9399999999999813, 36.011892508719114, 243.93133216717675
2.949999999999981, 32.86242350497276, 244.37898762062983
2.959999999999981, 29.861221205291457, 244.58070739755033
2.9699999999999807, 27.017169683311465, 244.55476245291203
2.9799999999999804, 24.33861991703322, 244.32069712638514
2.9899999999999802, 21.832887867289273, 243.89908739383873
2.99999999999998, 19.505864334373417, 243.31125344882102
3.00999999999998, 17.361731858623322, 242.5789410300863
3.0199999999999796, 15.402782471262388, 241.7239866119182
3.0299999999999794, 13.629328474217662, 240.76798122092222
3.039999999999979, 12.039696861540243, 239.73194647429256
3.049999999999979, 10.63029666379497, 238.63603466684575
3.0599999999999787, 9.395747518782414, 237.49926256538754
3.0699999999999785, 8.329057215124854, 236.33928617839953
3.0799999999999783, 7.42183584331399, 235.17222131487637
3.089999999999978, 6.664534508762117, 234.01251236343128
3.099999999999978, 6.046697271436685, 232.87284952132387
3.1099999999999777, 5.557216014275843, 231.76413276637112
3.1199999999999775, 5.184579232223307, 230.6954792500716
3.1299999999999772, 4.91710719380918, 229.67426952993665
3.139999999999977, 4.743167476251819, 228.70622716236463
3.149999999999977, 4.651366436685123, 227.79552563399406
3.1599999999999766, 4.630713688892429, 226.9449163927216
3.1699999999999764, 4.670758051001644, 226.15587181063336
3.179999999999976, 4.761694672183095, 225.4287372229005
3.189999999999976, 4.894444106217147, 224.7628866877503
3.1999999999999758, 5.060704960646206, 224.1568777505042
3.2099999999999755, 5.252982407776949, 223.60860121892173
3.2199999999999753, 5.464595303959769, 223.11542272154827
3.229999999999975, 5.68966494048253, 222.67431358528944
3.239999999999975, 5.923088563317777, 222.28196929990682
3.2499999999999747, 6.160500774094943, 221.93491450994583
3.2599999999999745, 6.398225787307395, 221.62959407061695
3.2699999999999743, 6.633223295504382, 221.36245021220674
3.279999999999974, 6.8630304105647495, 221.1299862727819
3.289999999999974, 7.085701828435556, 220.9288177816226
3.2999999999999736, 7.29975002735777, 220.75571191054215
3.3099999999999734, 7.5040869726516854, 220.6076164646955
3.319999999999973, 7.697968478138178, 220.48167966841592
3.329999999999973, 7.880942075318307, 220.37526202597394
3.3399999999999728, 8.052798973400112, 220.28594151321408
3.3499999999999726, 8.213530460172944, 220.21151329481367
3.3599999999999723, 8.363288897194224, 220.14998507368784
3.369999999999972, 8.502353302427439, 220.0995690730156
3.379999999999972, 8.63109938752073, 220.05867153537986
3.3899999999999717, 8.749973822453658, 220.02588050413277
3.3999999999999715, 8.85947243374651, 219.99995253448986
3.4099999999999713, 8.960121999919583, 219.97979886992402
3.419999999999971, 9.052465285429733, 219.96447151591485
3.429999999999971, 9.137048948043693, 219.953149549759
3.4399999999999706, 9.21441396095, 219.94512592287552
3.4499999999999704, 9.285088206647277, 219.93979494109405
3.45999999999997, 9.349580921978756, 219.93664054852914
3.46999999999997, 9.408378700249733, 219.93522549119143
3.47999999999997, 9.461942785232802, 219.93518139658704
3.4899999999999696, 9.510707421502541, 219.93619977419021
3.4999999999999694, 9.555079054776039, 219.93802391775623
3.509999999999969, 9.595436203913406, 219.94044167288968
3.519999999999969, 9.632129852366116, 219.94327902105823
3.5299999999999687, 9.665484230783973, 219.9463944233812
3.5399999999999685, 9.695797884012912, 219.94967386316205
3.5499999999999683, 9.723344934780686, 219.95302652450792
3.559999999999968, 9.74837647302182, 219.95638104483493
3.569999999999968, 9.771122014154273, 219.95968228103956
3.5799999999999677, 9.791790981852612, 219.9628885321694
3.5899999999999674, 9.81057418115829, 219.96596916517754
3.5999999999999672, 9.827645236331744, 219.9689025945054
3.609999999999967, 9.843161974890057, 219.97167457057543
3.619999999999967, 9.857267744987498, 219.97427673662418
3.6299999999999666, 9.870092657872675, 219.9767054175367
3.6399999999999664, 9.881754750767644, 219.97896060837252
3.649999999999966, 9.892361068316776, 219.9810451340433
3.659999999999966, 9.902008662884471, 219.98296395508027
3.6699999999999657, 9.910785515561217, 219.98472359760018
3.6799999999999655, 9.918771380871142, 219.98633168844145
3.6899999999999653, 9.92603855894966, 219.987796579003
3.699999999999965, 9.932652599451918, 219.98912704359452
3.709999999999965, 9.938672941723864, 219.99033204011545
3.7199999999999647, 9.944153495869548, 219.99142052264162
3.7299999999999645, 9.949143169322944, 219.99240129703804
3.7399999999999642, 9.953686343414235, 219.99328291205225
3.749999999999964, 9.957823304236701, 219.99407357950057
3.759999999999964, 9.961590631892571, 219.99478111815634
3.7699999999999636, 9.965021551941554, 219.995412916807
3.7799999999999634, 9.968146252607182, 219.9959759126797
3.789999999999963, 9.970992171023548, 219.99647658206302
3.799999999999963, 9.973584251535708, 219.99692094048496
3.8099999999999627, 9.975945178806267, 219.99731455026122
3.8199999999999625, 9.978095588232016, 219.99766253361088
3.8299999999999623, 9.980054255940383, 219.99796958986107
3.839999999999962, 9.981838270417109, 219.99824001553546
3.849999999999962, 9.983463187614742, 219.99847772635047
3.8599999999999617, 9.984943171206146, 219.9986862803356
3.8699999999999615, 9.98629111947802, 219.99886890145456
3.8799999999999613, 9.987518780205702, 219.99902850323807
3.889999999999961, 9.988636854711423, 219.99916771204923
3.899999999999961, 9.989655092182906, 219.99928888969458
3.9099999999999606, 9.99058237521648, 219.99939415516894
3.9199999999999604, 9.99142679744795, 219.99948540538335
3.92999999999996, 9.992195734044097, 219.99956433477593
3.93999999999996, 9.992895905747014, 219.999632453745
3.9499999999999598, 9.993533437091525, 219.99969110587665
3.9599999999999596, 9.9941139093518, 219.9997414839634
3.9699999999999593, 9.994642408716166, 219.9997846448312
3.979999999999959, 9.995123570138277, 219.99982152300632
3.989999999999959, 9.995561617267517, 219.999852943265
3.9999999999999587, 9.995960398821207, 219.99987963211734
4.009999999999959, 9.996323421725283, 219.99990222828106
4.019999999999959, 9.996653881318048, 219.99992129220547
4.0299999999999585, 9.996954688883065, 219.99993731470678
4.039999999999958, 9.997228496751683, 219.99995072477637
4.049999999999958, 9.997477721192887, 219.9999618966232
4.059999999999958, 9.997704563287682, 219.9999711560097
4.069999999999958, 9.997911027966886, 219.99997878593874
4.079999999999957, 9.998098941374716, 219.9999850317461
4.089999999999957, 9.998269966705722, 219.99999010565108
4.099999999999957, 9.998425618649286, 219.99999419081377
4.109999999999957, 9.99856727656379, 219.99999744494497
4.119999999999957, 9.998696196491721, 220.0000000035116
4.129999999999956, 9.998813522117073, 220.00000198257712
4.139999999999956, 9.998920294757468, 220.00000348131357
4.149999999999956, 9.999017462475335, 220.00000458421877
