0.01, 50.0, 0.0
0.02, 50.0, 0.0
0.03, 50.0, 0.0
0.04, 50.0, 0.0
0.05, 50.0, 0.0
0.060000000000000005, 50.0, 0.0
0.07, 50.0, 0.0
0.08, 50.0, 0.0
0.09, 50.0, 0.0
0.09999999999999999, 50.0, 0.0
0.10999999999999999, 50.0, 0.0
0.11999999999999998, 50.0, 0.0
0.12999999999999998, 50.0, 0.0
0.13999999999999999, 50.0, 0.0
0.15, 50.0, 0.0
0.16, 50.0, 0.0
0.17, 50.0, 0.0
0.18000000000000002, 50.0, 0.0
0.19000000000000003, 50.0, 0.0
0.20000000000000004, 50.0, 0.0
0.21000000000000005, 50.0, 0.0
0.22000000000000006, 50.0, 0.0
0.23000000000000007, 50.0, 0.0
0.24000000000000007, 50.0, 0.0
0.25000000000000006, 50.0, 0.0
0.26000000000000006, 50.0, 0.0
0.2700000000000001, 50.0, 0.0
0.2800000000000001, 50.0, 0.0
0.2900000000000001, 50.0, 0.0
0.3000000000000001, 50.0, 0.0
0.3100000000000001, 50.0, 0.0
0.3200000000000001, 50.0, 0.0
0.3300000000000001, 50.0, 0.0
0.34000000000000014, 50.0, 0.0
0.35000000000000014, 50.0, 0.0
0.36000000000000015, 50.0, 0.0
0.37000000000000016, 50.0, 0.0
0.38000000000000017, 50.0, 0.0
0.3900000000000002, 50.0, 0.0
0.4000000000000002, 50.0, 0.0
0.4100000000000002, 50.0, 0.0
0.4200000000000002, 50.0, 0.0
0.4300000000000002, 50.0, 0.0
0.4400000000000002, 50.0, 0.0
0.45000000000000023, 50.0, 0.0
0.46000000000000024, 50.0, 0.0
0.47000000000000025, 50.0, 0.0
0.48000000000000026, 50.0, 0.0
0.49000000000000027, 50.0, 0.0
0.5000000000000002, 50.0, 0.0
0.5100000000000002, 50.0, 0.0
0.5200000000000002, 50.0, 0.0
0.5300000000000002, 50.0, 0.0
0.5400000000000003, 50.0, 0.0
0.5500000000000003, 50.0, 0.0
0.5600000000000003, 50.0, 0.0
0.5700000000000003, 50.0, 0.0
0.5800000000000003, 50.0, 0.0
0.5900000000000003, 50.0, 0.0
0.6000000000000003, 50.0, 0.0
0.6100000000000003, 50.0, 0.0
0.6200000000000003, 50.0, 0.0
0.6300000000000003, 50.0, 0.0
0.6400000000000003, 50.0, 0.0
0.6500000000000004, 50.0, 0.0
0.6600000000000004, 50.0, 0.0
0.6700000000000004, 50.0, 0.0
0.6800000000000004, 50.0, 0.0
0.6900000000000004, 50.0, 0.0
0.7000000000000004, 50.0, 0.0
0.7100000000000004, 50.0, 0.0
0.7200000000000004, 50.0, 0.0
0.7300000000000004, 50.0, 0.0
0.7400000000000004, 50.0, 0.0
0.7500000000000004, 50.0, 0.0
0.7600000000000005, 50.0, 0.0
0.7700000000000005, 50.0, 0.0
0.7800000000000005, 50.0, 0.0
0.7900000000000005, 50.0, 0.0
0.8000000000000005, 50.0, 0.0
0.8100000000000005, 50.0, 0.0
0.8200000000000005, 50.0, 0.0
0.8300000000000005, 50.0, 0.0
0.8400000000000005, 50.0, 0.0
0.8500000000000005, 50.0, 0.0
0.8600000000000005, 50.0, 0.0
0.8700000000000006, 50.0, 0.0
0.8800000000000006, 50.0, 0.0
0.8900000000000006, 50.0, 0.0
0.9000000000000006, 50.0, 0.0
0.9100000000000006, 50.0, 0.0
0.9200000000000006, 50.0, 0.0
0.9300000000000006, 50.0, 0.0
0.9400000000000006, 50.0, 0.0
0.9500000000000006, 50.0, 0.0
0.9600000000000006, 50.0, 0.0
0.9700000000000006, 50.0, 0.0
0.9800000000000006, 50.0, 0.0
0.9900000000000007, 50.0, 0.0
1.0000000000000007, 50.0, 0.0
1.0100000000000007, 50.0, 0.0
1.0200000000000007, 50.0, 0.0
1.0300000000000007, 50.0, 0.0
1.0400000000000007, 50.0, 0.0
1.0500000000000007, 50.0, 0.0
1.0600000000000007, 50.0, 0.0
1.0700000000000007, 50.0, 0.0
1.0800000000000007, 50.0, 0.0
1.0900000000000007, 50.0, 0.0
1.1000000000000008, 50.0, 0.0
1.1100000000000008, 50.0, 0.0
1.1200000000000008, 50.0, 0.0
1.1300000000000008, 50.0, 0.0
1.1400000000000008, 50.0, 0.0
1.1500000000000008, 50.0, 0.0
1.1600000000000008, 50.0, 0.0
1.1700000000000008, 50.0, 0.0
1.1800000000000008, 50.0, 0.0
1.1900000000000008, 50.0, 0.0
1.2000000000000008, 50.0, 0.0
1.2100000000000009, 50.0, 0.0
1.2200000000000009, 50.0, 0.0
1.2300000000000009, 50.0, 0.0
1.2400000000000009, 50.0, 0.0
1.2500000000000009, 50.0, 0.0
1.260000000000001, 50.0, 0.0
1.270000000000001, 50.0, 0.0
1.280000000000001, 50.0, 0.0
1.290000000000001, 50.0, 0.0
1.300000000000001, 50.0, 0.0
1.310000000000001, 50.0, 0.0
1.320000000000001, 50.0, 0.0
1.330000000000001, 50.0, 0.0
1.340000000000001, 50.0, 0.0
1.350000000000001, 50.0, 0.0
1.360000000000001, 50.0, 0.0
1.370000000000001, 50.0, 0.0
1.380000000000001, 50.0, 0.0
1.390000000000001, 50.0, 0.0
1.400000000000001, 50.0, 0.0
1.410000000000001, 50.0, 0.0
1.420000000000001, 50.0, 0.0
1.430000000000001, 50.0, 0.0
1.440000000000001, 50.0, 0.0
1.450000000000001, 50.0, 0.0
1.460000000000001, 50.0, 0.0
1.470000000000001, 50.0, 0.0
1.480000000000001, 50.0, 0.0
1.490000000000001, 50.0, 0.0
1.500000000000001, 50.0, 0.0
1.5100000000000011, 50.0, 0.0
1.5200000000000011, 50.0, 0.0
1.5300000000000011, 50.0, 0.0
1.5400000000000011, 50.0, 0.0
1.5500000000000012, 50.0, 0.0
1.5600000000000012, 50.0, 0.0
1.5700000000000012, 50.0, 0.0
1.5800000000000012, 50.0, 0.0
1.5900000000000012, 50.0, 0.0
1.6000000000000012, 50.0, 0.0
1.6100000000000012, 50.0, 0.0
1.6200000000000012, 50.0, 0.0
1.6300000000000012, 50.0, 0.0
1.6400000000000012, 50.0, 0.0
1.6500000000000012, 50.0, 0.0
1.6600000000000013, 50.0, 0.0
1.6700000000000013, 50.0, 0.0
1.6800000000000013, 50.0, 0.0
1.6900000000000013, 50.0, 0.0
1.7000000000000013, 50.0, 0.0
1.7100000000000013, 50.0, 0.0
1.7200000000000013, 50.0, 0.0
1.7300000000000013, 50.0, 0.0
1.7400000000000013, 50.0, 0.0
1.7500000000000013, 50.0, 0.0
1.7600000000000013, 50.0, 0.0
1.7700000000000014, 50.0, 0.0
1.7800000000000014, 50.0, 0.0
1.7900000000000014, 50.0, 0.0
1.8000000000000014, 50.0, 0.0
1.8100000000000014, 50.0, 0.0
1.8200000000000014, 50.0, 0.0
1.8300000000000014, 50.0, 0.0
1.8400000000000014, 50.0, 0.0
1.8500000000000014, 50.0, 0.0
1.8600000000000014, 50.0, 0.0
1.8700000000000014, 50.0, 0.0
1.8800000000000014, 50.0, 0.0
1.8900000000000015, 50.0, 0.0
1.9000000000000015, 50.0, 0.0
1.9100000000000015, 50.0, 0.0
1.9200000000000015, 50.0, 0.0
1.9300000000000015, 50.0, 0.0
1.9400000000000015, 50.0, 0.0
1.9500000000000015, 50.0, 0.0
1.9600000000000015, 50.0, 0.0
1.9700000000000015, 50.0, 0.0
1.9800000000000015, 50.0, 0.0
1.9900000000000015, 50.0, 0.0
2.0000000000000013, 50.0, 0.0
2.010000000000001, 50.0, 0.0
2.020000000000001, 50.0, 0.0
2.0300000000000007, 50.0, 0.0
2.0400000000000005, 50.0, 0.0
2.0500000000000003, 50.0, 0.0
2.06, 50.0, 0.0
2.07, 50.0, 0.0
2.0799999999999996, 50.0, 0.0
2.0899999999999994, 50.0, 0.0
2.099999999999999, 50.0, 0.0
2.109999999999999, 50.0, 0.0
2.1199999999999988, 50.0, 0.0
2.1299999999999986, 50.0, 0.0
2.1399999999999983, 50.0, 0.0
2.149999999999998, 50.0, 0.0
2.159999999999998, 50.0, 0.0
2.1699999999999977, 50.0, 0.0
2.1799999999999975, 50.0, 0.0
2.1899999999999973, 50.0, 0.0
2.199999999999997, 50.0, 0.0
2.209999999999997, 50.0, 0.0
2.2199999999999966, 50.0, 0.0
2.2299999999999964, 50.0, 0.0
2.239999999999996, 50.0, 0.0
2.249999999999996, 50.0, 0.0
2.259999999999996, 50.0, 0.0
2.2699999999999956, 50.0, 0.0
2.2799999999999954, 50.0, 0.0
2.289999999999995, 50.0, 0.0
2.299999999999995, 50.0, 0.0
2.3099999999999947, 50.0, 0.0
2.3199999999999945, 50.0, 0.0
2.3299999999999943, 50.0, 0.0
2.339999999999994, 50.0, 0.0
2.349999999999994, 50.0, 0.0
2.3599999999999937, 50.0, 0.0
2.3699999999999934, 50.0, 0.0
2.3799999999999932, 50.0, 0.0
2.389999999999993, 50.0, 0.0
2.399999999999993, 50.0, 0.0
2.4099999999999926, 50.0, 0.0
2.4199999999999924, 50.0, 0.0
2.429999999999992, 50.0, 0.0
2.439999999999992, 50.0, 0.0
2.4499999999999917, 50.0, 0.0
2.4599999999999915, 50.0, 0.0
2.4699999999999913, 50.0, 0.0
2.479999999999991, 50.0, 0.0
2.489999999999991, 50.0, 0.0
2.4999999999999907, 50.0, 0.0
2.5099999999999905, 50.0, 0.0
2.5199999999999902, 50.0, 0.0
2.52999999999999, 50.0, 0.0
2.53999999999999, 50.0, 0.0
2.5499999999999896, 50.0, 0.0
2.5599999999999894, 50.0, 0.0
2.569999999999989, 50.0, 0.0
2.579999999999989, 50.0, 0.0
2.5899999999999888, 50.0, 0.0
2.5999999999999885, 50.0, 0.0
2.6099999999999883, 50.0, 0.0
2.619999999999988, 50.0, 0.0
2.629999999999988, 50.0, 0.0
2.6399999999999877, 50.0, 0.0
2.6499999999999875, 50.0, 0.0
2.6599999999999873, 50.0, 0.0
2.669999999999987, 50.0, 0.0
2.679999999999987, 50.0, 0.0
2.6899999999999866, 50.0, 0.0
2.6999999999999864, 50.0, 0.0
2.709999999999986, 50.0, 0.0
2.719999999999986, 50.0, 0.0
2.7299999999999858, 50.0, 0.0
2.7399999999999856, 50.0, 0.0
2.7499999999999853, 50.0, 0.0
2.759999999999985, 50.0, 0.0
2.769999999999985, 50.0, 0.0
2.7799999999999847, 50.0, 0.0
2.7899999999999845, 50.0, 0.0
2.7899999999999845, 50.0, 0.0
2.7999999999999843, 56.942010331033366, 1.1038535065061867
2.809999999999984, 63.20874562434496, 3.0640258935940885
2.819999999999984, 68.7359847826705, 5.646964105999972
2.8299999999999836, 73.51618501743826, 8.646361395222847
2.8399999999999834, 77.58140648409992, 11.889283306745897
2.849999999999983, 80.98883162738791, 15.237275615614521
2.859999999999983, 83.80931416599581, 18.58427412006033
2.869999999999983, 86.11887767477003, 21.852738855717444
2.8799999999999826, 87.99280384285976, 24.989039757109886
2.8899999999999824, 89.5018340718739, 27.958777548746088
2.899999999999982, 90.70999534319122, 30.742451896993938
2.909999999999982, 91.6736069443031, 33.33168923125684
2.9199999999999817, 92.44109711723081, 35.7261061876633
2.9299999999999815, 93.05333774224393, 37.930798633169886
2.9399999999999813, 93.54427913581674, 39.954397716133286
2.949999999999981, 93.94173024792092, 41.80761192020166
2.959999999999981, 94.26818017175401, 43.50216848176944
2.9699999999999807, 94.54159536309974, 45.05007189615138
2.9799999999999804, 94.77615487606482, 46.46310676477623
2.9899999999999802, 94.98290524068751, 47.75252375748577
2.99999999999998, 95.17032931043155, 48.92885905091747
3.00999999999998, 95.34483124172516, 50.001848198642755
3.0199999999999796, 95.51114416948577, 50.98040451204981
3.0299999999999794, 95.67266922874938, 51.87263956159694
3.039999999999979, 95.83175517345664, 52.6859094273382
3.049999999999979, 95.98992755222827, 53.42687501620889
3.0599999999999787, 96.14807562490776, 54.101568337005816
3.0699999999999785, 96.30660421093324, 54.71545929552837
3.0799999999999783, 96.46555661907026, 55.27351953379476
3.089999999999978, 96.62471381572222, 55.780281251368486
3.099999999999978, 96.78367409708974, 56.239889946247644
3.1099999999999777, 96.94191675980383, 56.65615070242176
3.1199999999999775, 97.09885261770927, 57.03256811229734
3.1299999999999772, 97.2538636810621, 57.37238021653707
3.139999999999977, 97.40633388506662, 57.67858701789976
3.149999999999977, 97.55567241199434, 57.953974214014096
3.1599999999999766, 97.70133087975324, 58.20113282230603
3.1699999999999764, 97.84281545557607, 58.4224753574588
3.179999999999976, 97.9796947841139, 58.62024918178066
3.189999999999976, 98.1116044842712, 58.796547591979646
3.1999999999999758, 98.2382488601596, 58.95331913967123
3.2099999999999755, 98.35940038193012, 59.092375613018426
3.2199999999999753, 98.47489741688328, 59.21539903724216
3.229999999999975, 98.58464062639453, 59.323947985189456
3.239999999999975, 98.68858838714549, 59.41946342765108
3.2499999999999747, 98.78675154408641, 59.503274297910984
3.2599999999999745, 98.87918775628278, 59.5766028967645
3.2699999999999743, 98.96599565459663, 59.64057022319884
3.279999999999974, 99.0473089916255, 59.69620128199175
3.289999999999974, 99.123290929273, 59.74443039230068
3.2999999999999736, 99.19412857768089, 59.78610650035486
3.3099999999999734, 99.26002787098386, 59.821998483972756
3.319999999999973, 99.32120884043026, 59.85280042608963
3.329999999999973, 99.37790132379538, 59.87913682804845
3.3399999999999728, 99.43034113160493, 59.90156773034825
3.3499999999999726, 99.47876667534494, 59.9205937081599
3.3599999999999723, 99.52341605037653, 59.93666071056853
3.369999999999972, 99.56452455647218, 59.950164715613006
3.379999999999972, 99.60232263149273, 59.961456177271046
3.3899999999999717, 99.6370341684551, 59.970844245167385
3.3999999999999715, 99.66887518281996, 59.97860074262303
3.4099999999999713, 99.69805279497318, 59.98496389345132
3.419999999999971, 99.7247644923163, 59.99014179244138
3.429999999999971, 99.74919763586279, 59.99431561861176
3.4399999999999706, 99.77152917752726, 59.99764259397711
3.4499999999999704, 99.79192555618447, 60.00025869369928
3.45999999999997, 99.81054274288293, 60.00228111607762
3.46999999999997, 99.82752640816821, 60.00381052288189
3.47999999999997, 99.84301218717569, 60.004933062074905
3.4899999999999696, 99.8571260208862, 60.00572218605385
3.4999999999999694, 99.86998455461993, 60.006240279210374
3.509999999999969, 99.88169557741178, 60.00654010892388
3.519999999999969, 99.89235848832126, 60.00666611411674
3.5299999999999687, 99.90206477795336, 60.00665554526701
3.5399999999999685, 99.9108985154852, 60.006539469345405
3.5499999999999683, 99.91893683330206, 60.006343652563864
3.559999999999968, 99.92625040294374, 60.00608933313435
3.569999999999968, 99.93290389745755, 60.00579389547434
3.5799999999999677, 99.93895643645621, 60.00547145648931
3.5899999999999674, 99.94446201120293, 60.00513337373789
3.5999999999999672, 99.94946988790672, 60.0047886844624
3.609999999999967, 99.95402498812491, 60.004444483661686
3.619999999999967, 99.95816824575373, 60.00410624860744
3.6299999999999666, 99.96193694055698, 60.003778116467046
3.6399999999999664, 99.96536500855355, 60.00346312100301
3.649999999999966, 99.96848332986933, 60.00316339367334
3.659999999999966, 99.97131999487316, 60.00288033386176
3.6699999999999657, 99.97390054956892, 60.00261475242099
3.6799999999999655, 99.9762482213197, 60.00236699221606
3.6899999999999653, 99.97838412604165, 60.00213702890584
3.699999999999965, 99.98032745803575, 60.00192455479712
3.709999999999965, 99.98209566362837, 60.00172904824463
3.7199999999999647, 99.98370459977559, 60.00154983074837
3.7299999999999645, 99.985168678754, 60.00138611361431
3.7399999999999642, 99.98650100001775, 60.001237035792194
3.749999999999964, 99.98771347025081, 60.00110169428214
3.759999999999964, 99.98881691258653, 60.000979168306785
3.7699999999999636, 99.98982116590862, 60.00086853827521
3.7799999999999634, 99.99073517508629, 60.00076890041632
3.789999999999963, 99.99156707293673, 60.00067937782966
3.799999999999963, 99.99232425464912, 60.00059912859008
3.8099999999999627, 99.99301344534673, 60.00052735144488
3.8199999999999625, 99.99364076140988, 60.00046328955904
3.8299999999999623, 99.99421176613004, 60.0004062326916
3.839999999999962, 99.99473152021707, 60.0003555181246
3.849999999999962, 99.99520462763607, 60.000310530612964
3.8599999999999617, 99.99563527720767, 60.00027070157849
3.8699999999999615, 99.99602728036689, 60.00023550773256
3.8799999999999613, 99.99638410543936, 60.00020446927932
3.889999999999961, 99.99670890876054, 60.00017714782359
3.899999999999961, 99.99700456293345, 60.00015314408411
3.9099999999999606, 99.99727368249255, 60.00013209549306
3.9199999999999604, 99.99751864721624, 60.00011367374639
3.92999999999996, 99.99774162330765, 60.00009758235551
3.93999999999996, 99.9979445826423, 60.00008355423947
3.9499999999999598, 99.99812932026265, 60.0000713493873
3.9599999999999596, 99.99829747028203, 60.00006075261225
3.9699999999999593, 99.99845052034567, 60.00005157141334
3.979999999999959, 99.99858982478173, 60.00004363395434
3.989999999999959, 99.9987166165632, 60.000036787166344
3.9999999999999587, 99.99883201818997, 60.00003089497632
4.009999999999959, 99.99893705159, 60.00002583666193
4.019999999999959, 99.99903264712911, 60.0000215053305
4.019999999999959, 99.99911965181084, 60.00001780651852
4.0299999999999585, 98.25358417078118, 59.560586217491604
4.039999999999958, 99.89372432353157, 60.40827665149871
4.049999999999958, 101.25673878411116, 61.52691493903774
4.059999999999958, 102.31962360964614, 62.81036084221398
4.069999999999958, 103.09075886056603, 64.16769338957215
4.079999999999957, 103.59856005671122, 65.52779529789142
4.089999999999957, 103.88193828539171, 66.83969886188687
4.099999999999957, 103.9831730514307, 68.07042287092142
4.109999999999957, 103.94314682561895, 69.20164335046603
4.119999999999957, 103.79855937439031, 70.22611056127391
4.129999999999956, 103.58062931990602, 71.14435128832226
4.139999999999956, 103.31480887316239, 71.96191547270524
4.149999999999956, 103.02111805342768, 72.68723999617399
4.159999999999956, 102.71480349932385, 73.33009352583002
4.1699999999999555, 102.40711985512021, 73.90051358109098
4.179999999999955, 102.10610772087881, 74.40813073571395
4.189999999999955, 101.81729859003111, 74.86177959541226
4.199999999999955, 101.54431576642747, 75.26931098200491
4.209999999999955, 101.28936448356345, 75.63753769819272
4.2199999999999545, 101.0536181778761, 75.9722634635809
4.229999999999954, 100.83751447930345, 76.27835928472655
4.239999999999954, 100.64097662688278, 76.55986309910661
4.249999999999954, 100.46357560223662, 76.82008715489813
4.259999999999954, 100.30464657517733, 77.06172370737643
4.269999999999953, 100.16337106788733, 77.28694376778668
4.279999999999953, 100.03883402290577, 77.49748633984647
4.289999999999953, 99.93006293841039, 77.69473724872265
4.299999999999953, 99.83605450804862, 77.87979763923208
4.3099999999999525, 99.75579278995892, 78.05354273880694
4.319999999999952, 99.68826180883259, 78.21667171888075
4.329999999999952, 99.63245462713476, 78.36974956241576
4.339999999999952, 99.58738026404346, 78.51324183093158
4.349999999999952, 99.55206935276769, 78.64754316835304
4.3599999999999515, 99.52557907326694, 78.77300030842956
4.369999999999951, 99.50699764840493, 78.88993028177545
4.379999999999951, 99.49544852307652, 78.99863445417894
4.389999999999951, 99.49009423842357, 79.09940897151623
4.399999999999951, 99.4901399513848, 79.19255213771294
4.40999999999995, 99.49483652115481, 79.27836920897636
4.41999999999995, 99.50348307884772, 79.35717504800655
4.42999999999995, 99.5154290070187, 79.42929504434939
4.43999999999995, 99.5300752756097, 79.49506467020258
4.4499999999999496, 99.54687510566282, 79.5548280040666
4.459999999999949, 99.56533395824518, 79.60893551736721
4.469999999999949, 99.5850088708879, 79.65774138168389
4.479999999999949, 99.6055071857031, 79.70160051690188
4.489999999999949, 99.6264847311279, 79.74086556404964
4.4999999999999485, 99.64764353242187, 79.77588393144173
4.509999999999948, 99.66872913451556, 79.80699502967099
4.519999999999948, 99.68952762480306, 79.83452778055741
4.529999999999948, 99.70986244345275, 79.85879845782326
4.539999999999948, 99.7295910653901, 79.88010889334285
4.549999999999947, 99.74860163197431, 79.89874506247878
4.559999999999947, 99.76680960225593, 79.91497604528799
4.569999999999947, 99.78415448424889, 79.92905334715648
4.579999999999947, 99.8005966965012, 79.94121055248617
4.589999999999947, 99.81611459994377, 79.95166327811575
4.599999999999946, 99.8307017299835, 79.96060938885721
4.609999999999946, 99.8443642494321, 79.96822943548295
4.619999999999946, 99.85711863437618, 79.97468727531196
4.629999999999946, 99.8689895976596, 79.98013083682812
4.6399999999999455, 99.88000824834859, 79.98469299215682
4.649999999999945, 99.89021048040141, 79.98849250439704
4.659999999999945, 99.89963557973299, 79.99163502046648
4.669999999999945, 99.90832503587546, 79.99421408402267
4.679999999999945, 99.91632154238795, 79.9963121469746
4.689999999999944, 99.92366816894389, 79.99800156194034
4.699999999999944, 99.93040768749711, 79.99934554162249
4.709999999999944, 99.9365820349728, 80.00039907438374
4.719999999999944, 99.94223189542704, 80.00120978826111
4.729999999999944, 99.94739638545687, 80.00181875823563
4.739999999999943, 99.95211282772537, 80.00226125377067
4.749999999999943, 99.9564165987053, 80.00256742545879
4.759999999999943, 99.96034103807095, 80.00276293109751
4.769999999999943, 99.96391740852148, 80.00286950267822
4.7799999999999425, 99.96717489615527, 80.00290545665544
4.789999999999942, 99.97014064279833, 80.00288615050127
4.799999999999942, 99.9728398028973, 80.00282438897995
4.809999999999942, 99.97529561870117, 80.00273078383275
4.819999999999942, 99.97752950846767, 80.00261407067886
4.8299999999999415, 99.97956116333569, 80.00248138694009
4.839999999999941, 99.98140864930454, 80.00233851451402
4.849999999999941, 99.98308851145858, 80.00219009077259
4.859999999999941, 99.98461587817681, 80.00203979127001
4.869999999999941, 99.9860045635796, 80.00189048732183
4.87999999999994, 99.98726716689596, 80.00174438137714
4.88999999999994, 99.98841516779477, 80.00160312285944
4.89999999999994, 99.98945901701808, 80.00146790690621
4.90999999999994, 99.99040822189563, 80.00133955819764
4.9199999999999395, 99.991271426511, 80.0012186018366
4.929999999999939, 99.99205648644154, 80.0011053230268
4.939999999999939, 99.9927705381109, 80.00099981709658
4.949999999999939, 99.99342006288133, 80.00090203123149
4.959999999999939, 99.99401094607668, 80.00081179911223
4.9699999999999385, 99.99454853117314, 80.00072886950295
4.979999999999938, 99.99503766942304, 80.00065292969929
4.989999999999938, 99.99548276519525, 80.00058362462485
4.999999999999938, 99.99588781732228, 80.00052057225734
5.009999999999938, 99.99625645674477, 80.00046337597097
5.019999999999937, 99.99659198073776, 80.00041163429891
5.029999999999937, 99.9968973839942, 80.00036494854658
5.039999999999937, 99.99717538682792, 80.00032292862319
5.049999999999937, 99.99742846074423, 80.00028519740447
5.0599999999999365, 99.99765885161054, 80.00025139389106
5.069999999999936, 99.9978686006435, 80.00022117538687
5.079999999999936, 99.99805956341308, 80.00019421888561
5.089999999999936, 99.99823342704795, 80.00017022182396
5.099999999999936, 99.99839172581163, 80.0001489023334
5.1099999999999355, 99.99853585520398, 80.00012999910096
5.119999999999935, 99.99866708472916, 80.00011327093021
5.129999999999935, 99.9987865694581, 80.00009849607747
5.139999999999935, 99.99889536050189, 80.00008547142522
5.149999999999935, 99.9989944145011, 80.00007401154295
5.159999999999934, 99.99908460222643, 80.00006394767581
