0.0,31.2
0.0,32.4
0.0,33.6
0.0,34.800000000000004
0.0,36.00000000000001
0.0,37.20000000000001
0.0,38.40000000000001
0.0,39.600000000000016
0.0,40.80000000000002
0.0,42.00000000000002
0.0,43.200000000000024
0.0,42.00000000000002
0.0,40.80000000000002
0.0,39.600000000000016
0.0,38.40000000000001
0.0,37.20000000000001
0.0,36.00000000000001
0.0,34.800000000000004
0.0,33.6
0.0,32.4
0.0,33.6
0.0,32.4
0.0,33.6
0.0,32.4
0.0,33.6
0.0,32.4
0.0,33.6
0.0,32.4
0.0,33.6
0.0,32.4
0.0,33.6
0.0,32.4
0.0,33.6
0.0,32.4
0.0,33.6
0.0,32.4
0.0,33.6
0.0,32.4
0.0,33.6
0.0,32.4
0.0,33.6
0.0,32.4
0.0,33.6
0.0,32.4
0.0,33.6
0.0,32.4
0.0,33.6
0.0,32.4
0.0,33.6
0.0,32.4
0.0,33.6
0.0,32.4
0.0,33.6
0.0,32.4
0.0,33.6
0.0,32.4
0.0,33.6
0.0,32.4
0.0,33.6
0.0,32.4
0.0,33.6
0.0,32.4
0.0,33.6
0.0,32.4
0.0,33.6
0.0,32.4
0.0,33.6
0.0,32.4
0.0,33.6
0.0,32.4
0.0,33.6
0.0,32.4
