0.0,88.8
0.0,87.6
0.0,86.39999999999999
0.0,85.19999999999999
0.0,83.99999999999999
0.0,82.79999999999998
0.0,81.59999999999998
0.0,80.39999999999998
0.0,79.19999999999997
0.0,77.99999999999997
0.0,76.79999999999997
0.0,75.59999999999997
0.0,74.39999999999996
0.0,73.19999999999996
0.0,71.99999999999996
0.0,70.79999999999995
0.0,69.59999999999995
0.0,68.39999999999995
0.0,67.19999999999995
0.0,65.99999999999994
0.0,67.19999999999995
0.0,68.39999999999995
0.0,67.19999999999995
0.0,65.99999999999994
0.0,67.19999999999995
0.0,65.99999999999994
0.0,67.19999999999995
0.0,65.99999999999994
0.0,67.19999999999995
0.0,65.99999999999994
0.0,67.19999999999995
0.0,65.99999999999994
0.0,67.19999999999995
0.0,65.99999999999994
0.0,67.19999999999995
0.0,65.99999999999994
0.0,67.19999999999995
0.0,65.99999999999994
0.0,67.19999999999995
0.0,65.99999999999994
0.0,67.19999999999995
0.0,65.99999999999994
0.0,67.19999999999995
0.0,65.99999999999994
0.0,67.19999999999995
0.0,65.99999999999994
0.0,67.19999999999995
0.0,65.99999999999994
0.0,67.19999999999995
0.0,65.99999999999994
0.0,67.19999999999995
0.0,65.99999999999994
0.0,67.19999999999995
0.0,65.99999999999994
0.0,67.19999999999995
0.0,65.99999999999994
0.0,67.19999999999995
0.0,65.99999999999994
0.0,67.19999999999995
0.0,65.99999999999994
0.0,67.19999999999995
0.0,65.99999999999994
0.0,67.19999999999995
0.0,65.99999999999994
0.0,67.19999999999995
0.0,65.99999999999994
0.0,67.19999999999995
0.0,65.99999999999994
0.0,67.19999999999995
0.0,65.99999999999994
0.0,67.19999999999995
0.0,65.99999999999994
0.0,67.19999999999995
0.0,65.99999999999994
0.0,67.19999999999995
