0.01, 50.0, 0.0
0.02, 50.0, 0.0
0.03, 50.0, 0.0
0.04, 50.0, 0.0
0.05, 50.0, 0.0
0.060000000000000005, 50.0, 0.0
0.07, 50.0, 0.0
0.08, 50.0, 0.0
0.09, 50.0, 0.0
0.09999999999999999, 50.0, 0.0
0.10999999999999999, 50.0, 0.0
0.11999999999999998, 50.0, 0.0
0.12999999999999998, 50.0, 0.0
0.13999999999999999, 50.0, 0.0
0.15, 50.0, 0.0
0.16, 50.0, 0.0
0.17, 50.0, 0.0
0.18000000000000002, 50.0, 0.0
0.19000000000000003, 50.0, 0.0
0.20000000000000004, 50.0, 0.0
0.21000000000000005, 50.0, 0.0
0.22000000000000006, 50.0, 0.0
0.23000000000000007, 50.0, 0.0
0.24000000000000007, 50.0, 0.0
0.25000000000000006, 50.0, 0.0
0.26000000000000006, 50.0, 0.0
0.2700000000000001, 50.0, 0.0
0.2800000000000001, 50.0, 0.0
0.2900000000000001, 50.0, 0.0
0.3000000000000001, 50.0, 0.0
0.3100000000000001, 50.0, 0.0
0.3200000000000001, 50.0, 0.0
0.3300000000000001, 50.0, 0.0
0.34000000000000014, 50.0, 0.0
0.35000000000000014, 50.0, 0.0
0.36000000000000015, 50.0, 0.0
0.37000000000000016, 50.0, 0.0
0.38000000000000017, 50.0, 0.0
0.3900000000000002, 50.0, 0.0
0.4000000000000002, 50.0, 0.0
0.4100000000000002, 50.0, 0.0
0.4200000000000002, 50.0, 0.0
0.4300000000000002, 50.0, 0.0
0.4400000000000002, 50.0, 0.0
0.45000000000000023, 50.0, 0.0
0.46000000000000024, 50.0, 0.0
0.47000000000000025, 50.0, 0.0
0.48000000000000026, 50.0, 0.0
0.49000000000000027, 50.0, 0.0
0.5000000000000002, 50.0, 0.0
0.5100000000000002, 50.0, 0.0
0.5200000000000002, 50.0, 0.0
0.5300000000000002, 50.0, 0.0
0.5400000000000003, 50.0, 0.0
0.5500000000000003, 50.0, 0.0
0.5600000000000003, 50.0, 0.0
0.5700000000000003, 50.0, 0.0
0.5800000000000003, 50.0, 0.0
0.5900000000000003, 50.0, 0.0
0.6000000000000003, 50.0, 0.0
0.6100000000000003, 50.0, 0.0
0.6200000000000003, 50.0, 0.0
0.6300000000000003, 50.0, 0.0
0.6400000000000003, 50.0, 0.0
0.6500000000000004, 50.0, 0.0
0.6600000000000004, 50.0, 0.0
0.6700000000000004, 50.0, 0.0
0.6800000000000004, 50.0, 0.0
0.6900000000000004, 50.0, 0.0
0.7000000000000004, 50.0, 0.0
0.7100000000000004, 50.0, 0.0
0.7200000000000004, 50.0, 0.0
0.7300000000000004, 50.0, 0.0
0.7400000000000004, 50.0, 0.0
0.7500000000000004, 50.0, 0.0
0.7600000000000005, 50.0, 0.0
0.7700000000000005, 50.0, 0.0
0.7800000000000005, 50.0, 0.0
0.7900000000000005, 50.0, 0.0
0.8000000000000005, 50.0, 0.0
0.8100000000000005, 50.0, 0.0
0.8200000000000005, 50.0, 0.0
0.8300000000000005, 50.0, 0.0
0.8400000000000005, 50.0, 0.0
0.8500000000000005, 50.0, 0.0
0.8600000000000005, 50.0, 0.0
0.8700000000000006, 50.0, 0.0
0.8800000000000006, 50.0, 0.0
0.8900000000000006, 50.0, 0.0
0.9000000000000006, 50.0, 0.0
0.9100000000000006, 50.0, 0.0
0.9200000000000006, 50.0, 0.0
0.9300000000000006, 50.0, 0.0
0.9400000000000006, 50.0, 0.0
0.9500000000000006, 50.0, 0.0
0.9600000000000006, 50.0, 0.0
0.9700000000000006, 50.0, 0.0
0.9800000000000006, 50.0, 0.0
0.9900000000000007, 50.0, 0.0
1.0000000000000007, 50.0, 0.0
1.0100000000000007, 50.0, 0.0
1.0200000000000007, 50.0, 0.0
1.0300000000000007, 50.0, 0.0
1.0400000000000007, 50.0, 0.0
1.0500000000000007, 50.0, 0.0
1.0600000000000007, 50.0, 0.0
1.0700000000000007, 50.0, 0.0
1.0800000000000007, 50.0, 0.0
1.0900000000000007, 50.0, 0.0
1.1000000000000008, 50.0, 0.0
1.1100000000000008, 50.0, 0.0
1.1200000000000008, 50.0, 0.0
1.1300000000000008, 50.0, 0.0
1.1400000000000008, 50.0, 0.0
1.1500000000000008, 50.0, 0.0
1.1600000000000008, 50.0, 0.0
1.1700000000000008, 50.0, 0.0
1.1800000000000008, 50.0, 0.0
1.1900000000000008, 50.0, 0.0
1.2000000000000008, 50.0, 0.0
1.2100000000000009, 50.0, 0.0
1.2200000000000009, 50.0, 0.0
1.2300000000000009, 50.0, 0.0
1.2400000000000009, 50.0, 0.0
1.2500000000000009, 50.0, 0.0
1.260000000000001, 50.0, 0.0
1.270000000000001, 50.0, 0.0
1.280000000000001, 50.0, 0.0
1.290000000000001, 50.0, 0.0
1.300000000000001, 50.0, 0.0
1.310000000000001, 50.0, 0.0
1.320000000000001, 50.0, 0.0
1.330000000000001, 50.0, 0.0
1.340000000000001, 50.0, 0.0
1.350000000000001, 50.0, 0.0
1.360000000000001, 50.0, 0.0
1.370000000000001, 50.0, 0.0
1.380000000000001, 50.0, 0.0
1.390000000000001, 50.0, 0.0
1.400000000000001, 50.0, 0.0
1.410000000000001, 50.0, 0.0
1.420000000000001, 50.0, 0.0
1.430000000000001, 50.0, 0.0
1.440000000000001, 50.0, 0.0
1.450000000000001, 50.0, 0.0
1.460000000000001, 50.0, 0.0
1.470000000000001, 50.0, 0.0
1.480000000000001, 50.0, 0.0
1.490000000000001, 50.0, 0.0
1.500000000000001, 50.0, 0.0
1.5100000000000011, 50.0, 0.0
1.5200000000000011, 50.0, 0.0
1.5300000000000011, 50.0, 0.0
1.5400000000000011, 50.0, 0.0
1.5500000000000012, 50.0, 0.0
1.5600000000000012, 50.0, 0.0
1.5700000000000012, 50.0, 0.0
1.5800000000000012, 50.0, 0.0
1.5900000000000012, 50.0, 0.0
1.6000000000000012, 50.0, 0.0
1.6100000000000012, 50.0, 0.0
1.6200000000000012, 50.0, 0.0
1.6300000000000012, 50.0, 0.0
1.6400000000000012, 50.0, 0.0
1.6500000000000012, 50.0, 0.0
1.6600000000000013, 50.0, 0.0
1.6700000000000013, 50.0, 0.0
1.6800000000000013, 50.0, 0.0
1.6900000000000013, 50.0, 0.0
1.7000000000000013, 50.0, 0.0
1.7100000000000013, 50.0, 0.0
1.7200000000000013, 50.0, 0.0
1.7300000000000013, 50.0, 0.0
1.7400000000000013, 50.0, 0.0
1.7500000000000013, 50.0, 0.0
1.7600000000000013, 50.0, 0.0
1.7700000000000014, 50.0, 0.0
1.7800000000000014, 50.0, 0.0
1.7900000000000014, 50.0, 0.0
1.8000000000000014, 50.0, 0.0
1.8100000000000014, 50.0, 0.0
1.8200000000000014, 50.0, 0.0
1.8300000000000014, 50.0, 0.0
1.8400000000000014, 50.0, 0.0
1.8500000000000014, 50.0, 0.0
1.8600000000000014, 50.0, 0.0
1.8700000000000014, 50.0, 0.0
1.8800000000000014, 50.0, 0.0
1.8900000000000015, 50.0, 0.0
1.9000000000000015, 50.0, 0.0
1.9100000000000015, 50.0, 0.0
1.9200000000000015, 50.0, 0.0
1.9300000000000015, 50.0, 0.0
1.9400000000000015, 50.0, 0.0
1.9500000000000015, 50.0, 0.0
1.9600000000000015, 50.0, 0.0
1.9700000000000015, 50.0, 0.0
1.9800000000000015, 50.0, 0.0
1.9900000000000015, 50.0, 0.0
2.0000000000000013, 50.0, 0.0
2.010000000000001, 50.0, 0.0
2.020000000000001, 50.0, 0.0
2.0300000000000007, 50.0, 0.0
2.0400000000000005, 50.0, 0.0
2.0500000000000003, 50.0, 0.0
2.06, 50.0, 0.0
2.07, 50.0, 0.0
2.0799999999999996, 50.0, 0.0
2.0899999999999994, 50.0, 0.0
2.099999999999999, 50.0, 0.0
2.109999999999999, 50.0, 0.0
2.1199999999999988, 50.0, 0.0
2.1299999999999986, 50.0, 0.0
2.1399999999999983, 50.0, 0.0
2.149999999999998, 50.0, 0.0
2.159999999999998, 50.0, 0.0
2.1699999999999977, 50.0, 0.0
2.1799999999999975, 50.0, 0.0
2.1899999999999973, 50.0, 0.0
2.199999999999997, 50.0, 0.0
2.209999999999997, 50.0, 0.0
2.2199999999999966, 50.0, 0.0
2.2299999999999964, 50.0, 0.0
2.239999999999996, 50.0, 0.0
2.249999999999996, 50.0, 0.0
2.259999999999996, 50.0, 0.0
2.2699999999999956, 50.0, 0.0
2.2799999999999954, 50.0, 0.0
2.289999999999995, 50.0, 0.0
2.299999999999995, 50.0, 0.0
2.3099999999999947, 50.0, 0.0
2.3199999999999945, 50.0, 0.0
2.3299999999999943, 50.0, 0.0
2.339999999999994, 50.0, 0.0
2.349999999999994, 50.0, 0.0
2.3599999999999937, 50.0, 0.0
2.3699999999999934, 50.0, 0.0
2.3799999999999932, 50.0, 0.0
2.389999999999993, 50.0, 0.0
2.399999999999993, 50.0, 0.0
2.4099999999999926, 50.0, 0.0
2.4199999999999924, 50.0, 0.0
2.429999999999992, 50.0, 0.0
2.439999999999992, 50.0, 0.0
2.4499999999999917, 50.0, 0.0
2.4599999999999915, 50.0, 0.0
2.4699999999999913, 50.0, 0.0
2.479999999999991, 50.0, 0.0
2.489999999999991, 50.0, 0.0
2.4999999999999907, 50.0, 0.0
2.5099999999999905, 50.0, 0.0
2.5199999999999902, 50.0, 0.0
2.52999999999999, 50.0, 0.0
2.53999999999999, 50.0, 0.0
2.5499999999999896, 50.0, 0.0
2.5599999999999894, 50.0, 0.0
2.569999999999989, 50.0, 0.0
2.579999999999989, 50.0, 0.0
2.5899999999999888, 50.0, 0.0
2.5999999999999885, 50.0, 0.0
2.6099999999999883, 50.0, 0.0
2.619999999999988, 50.0, 0.0
2.629999999999988, 50.0, 0.0
2.6399999999999877, 50.0, 0.0
2.6499999999999875, 50.0, 0.0
2.6599999999999873, 50.0, 0.0
2.669999999999987, 50.0, 0.0
2.679999999999987, 50.0, 0.0
2.6899999999999866, 50.0, 0.0
2.6999999999999864, 50.0, 0.0
2.709999999999986, 50.0, 0.0
2.719999999999986, 50.0, 0.0
2.7299999999999858, 50.0, 0.0
2.7399999999999856, 50.0, 0.0
2.7499999999999853, 50.0, 0.0
2.759999999999985, 50.0, 0.0
2.769999999999985, 50.0, 0.0
2.7799999999999847, 50.0, 0.0
2.7899999999999845, 50.0, 0.0
2.7999999999999843, 50.0, 0.0
2.809999999999984, 50.0, 0.0
2.819999999999984, 50.0, 0.0
2.8299999999999836, 50.0, 0.0
2.8399999999999834, 50.0, 0.0
2.849999999999983, 50.0, 0.0
2.859999999999983, 50.0, 0.0
2.869999999999983, 50.0, 0.0
2.8799999999999826, 50.0, 0.0
2.8899999999999824, 50.0, 0.0
2.899999999999982, 50.0, 0.0
2.909999999999982, 50.0, 0.0
2.9199999999999817, 50.0, 0.0
2.9299999999999815, 50.0, 0.0
2.9399999999999813, 50.0, 0.0
2.949999999999981, 50.0, 0.0
2.959999999999981, 50.0, 0.0
2.9699999999999807, 50.0, 0.0
2.9799999999999804, 50.0, 0.0
2.9899999999999802, 50.0, 0.0
2.99999999999998, 50.0, 0.0
3.00999999999998, 50.0, 0.0
3.0199999999999796, 50.0, 0.0
3.0299999999999794, 50.0, 0.0
3.039999999999979, 50.0, 0.0
3.049999999999979, 50.0, 0.0
3.0599999999999787, 50.0, 0.0
3.0699999999999785, 50.0, 0.0
3.0799999999999783, 50.0, 0.0
3.089999999999978, 50.0, 0.0
3.099999999999978, 50.0, 0.0
3.1099999999999777, 50.0, 0.0
3.1199999999999775, 50.0, 0.0
3.1299999999999772, 50.0, 0.0
3.139999999999977, 50.0, 0.0
3.149999999999977, 50.0, 0.0
3.1599999999999766, 50.0, 0.0
3.1699999999999764, 50.0, 0.0
3.179999999999976, 50.0, 0.0
3.189999999999976, 50.0, 0.0
3.1999999999999758, 50.0, 0.0
3.2099999999999755, 50.0, 0.0
3.2199999999999753, 50.0, 0.0
3.229999999999975, 50.0, 0.0
3.239999999999975, 50.0, 0.0
3.2499999999999747, 50.0, 0.0
3.2599999999999745, 50.0, 0.0
3.2699999999999743, 50.0, 0.0
3.279999999999974, 50.0, 0.0
3.289999999999974, 50.0, 0.0
3.2999999999999736, 50.0, 0.0
3.3099999999999734, 50.0, 0.0
3.319999999999973, 50.0, 0.0
3.329999999999973, 50.0, 0.0
3.3399999999999728, 50.0, 0.0
3.3499999999999726, 50.0, 0.0
3.3599999999999723, 50.0, 0.0
3.369999999999972, 50.0, 0.0
3.379999999999972, 50.0, 0.0
3.3899999999999717, 50.0, 0.0
3.3999999999999715, 50.0, 0.0
3.4099999999999713, 50.0, 0.0
3.419999999999971, 50.0, 0.0
3.429999999999971, 50.0, 0.0
3.4399999999999706, 50.0, 0.0
3.4499999999999704, 50.0, 0.0
3.45999999999997, 50.0, 0.0
3.46999999999997, 50.0, 0.0
3.47999999999997, 50.0, 0.0
3.4899999999999696, 50.0, 0.0
3.4999999999999694, 50.0, 0.0
3.509999999999969, 50.0, 0.0
3.519999999999969, 50.0, 0.0
3.5299999999999687, 50.0, 0.0
3.5399999999999685, 50.0, 0.0
3.5499999999999683, 50.0, 0.0
3.559999999999968, 50.0, 0.0
3.569999999999968, 50.0, 0.0
3.5799999999999677, 50.0, 0.0
3.5899999999999674, 50.0, 0.0
3.5999999999999672, 50.0, 0.0
3.609999999999967, 50.0, 0.0
3.619999999999967, 50.0, 0.0
3.6299999999999666, 50.0, 0.0
3.6399999999999664, 50.0, 0.0
3.649999999999966, 50.0, 0.0
3.659999999999966, 50.0, 0.0
3.6699999999999657, 50.0, 0.0
3.6799999999999655, 50.0, 0.0
3.6899999999999653, 50.0, 0.0
3.699999999999965, 50.0, 0.0
3.709999999999965, 50.0, 0.0
3.7199999999999647, 50.0, 0.0
3.7299999999999645, 50.0, 0.0
3.7399999999999642, 50.0, 0.0
3.749999999999964, 50.0, 0.0
3.759999999999964, 50.0, 0.0
3.7699999999999636, 50.0, 0.0
3.7799999999999634, 50.0, 0.0
3.789999999999963, 50.0, 0.0
3.799999999999963, 50.0, 0.0
3.8099999999999627, 50.0, 0.0
3.8199999999999625, 50.0, 0.0
3.8299999999999623, 50.0, 0.0
3.839999999999962, 50.0, 0.0
3.849999999999962, 50.0, 0.0
3.8599999999999617, 50.0, 0.0
3.8699999999999615, 50.0, 0.0
3.8799999999999613, 50.0, 0.0
3.889999999999961, 50.0, 0.0
3.899999999999961, 50.0, 0.0
3.9099999999999606, 50.0, 0.0
3.9199999999999604, 50.0, 0.0
3.92999999999996, 50.0, 0.0
3.93999999999996, 50.0, 0.0
3.9499999999999598, 50.0, 0.0
3.9599999999999596, 50.0, 0.0
3.9699999999999593, 50.0, 0.0
3.979999999999959, 50.0, 0.0
3.989999999999959, 50.0, 0.0
3.9999999999999587, 50.0, 0.0
4.009999999999959, 50.0, 0.0
4.019999999999959, 50.0, 0.0
4.0299999999999585, 50.0, 0.0
4.039999999999958, 50.0, 0.0
4.049999999999958, 50.0, 0.0
4.059999999999958, 50.0, 0.0
4.069999999999958, 50.0, 0.0
4.079999999999957, 50.0, 0.0
4.089999999999957, 50.0, 0.0
4.099999999999957, 50.0, 0.0
4.109999999999957, 50.0, 0.0
4.119999999999957, 50.0, 0.0
4.129999999999956, 50.0, 0.0
4.139999999999956, 50.0, 0.0
4.149999999999956, 50.0, 0.0
4.159999999999956, 50.0, 0.0
4.1699999999999555, 50.0, 0.0
4.179999999999955, 50.0, 0.0
4.189999999999955, 50.0, 0.0
4.199999999999955, 50.0, 0.0
4.209999999999955, 50.0, 0.0
4.2199999999999545, 50.0, 0.0
4.229999999999954, 50.0, 0.0
4.239999999999954, 50.0, 0.0
4.249999999999954, 50.0, 0.0
4.259999999999954, 50.0, 0.0
4.269999999999953, 50.0, 0.0
4.279999999999953, 50.0, 0.0
4.289999999999953, 50.0, 0.0
4.299999999999953, 50.0, 0.0
4.3099999999999525, 50.0, 0.0
4.319999999999952, 50.0, 0.0
4.329999999999952, 50.0, 0.0
4.339999999999952, 50.0, 0.0
4.349999999999952, 50.0, 0.0
4.3599999999999515, 50.0, 0.0
4.369999999999951, 50.0, 0.0
4.379999999999951, 50.0, 0.0
4.389999999999951, 50.0, 0.0
4.399999999999951, 50.0, 0.0
4.40999999999995, 50.0, 0.0
4.41999999999995, 50.0, 0.0
4.42999999999995, 50.0, 0.0
4.43999999999995, 50.0, 0.0
4.4499999999999496, 50.0, 0.0
4.459999999999949, 50.0, 0.0
4.469999999999949, 50.0, 0.0
4.479999999999949, 50.0, 0.0
4.489999999999949, 50.0, 0.0
4.4999999999999485, 50.0, 0.0
4.509999999999948, 50.0, 0.0
4.519999999999948, 50.0, 0.0
4.529999999999948, 50.0, 0.0
4.539999999999948, 50.0, 0.0
4.549999999999947, 50.0, 0.0
4.559999999999947, 50.0, 0.0
4.569999999999947, 50.0, 0.0
4.579999999999947, 50.0, 0.0
4.589999999999947, 50.0, 0.0
4.589999999999947, 50.0, 0.0
4.599999999999946, 56.942010331033366, 1.1038535065061867
4.609999999999946, 63.20874562434496, 3.0640258935940885
4.619999999999946, 68.7359847826705, 5.646964105999972
4.629999999999946, 73.51618501743826, 8.646361395222847
4.6399999999999455, 77.58140648409992, 11.889283306745897
4.649999999999945, 80.98883162738791, 15.237275615614521
4.659999999999945, 83.80931416599581, 18.58427412006033
4.669999999999945, 86.11887767477003, 21.852738855717444
4.679999999999945, 87.99280384285976, 24.989039757109886
4.689999999999944, 89.5018340718739, 27.958777548746088
4.699999999999944, 90.70999534319122, 30.742451896993938
4.709999999999944, 91.6736069443031, 33.33168923125684
4.719999999999944, 92.44109711723081, 35.7261061876633
4.729999999999944, 93.05333774224393, 37.930798633169886
4.739999999999943, 93.54427913581674, 39.954397716133286
4.749999999999943, 93.94173024792092, 41.80761192020166
4.759999999999943, 94.26818017175401, 43.50216848176944
4.769999999999943, 94.54159536309974, 45.05007189615138
4.7799999999999425, 94.77615487606482, 46.46310676477623
4.789999999999942, 94.98290524068751, 47.75252375748577
4.799999999999942, 95.17032931043155, 48.92885905091747
4.809999999999942, 95.34483124172516, 50.001848198642755
4.819999999999942, 95.51114416948577, 50.98040451204981
4.8299999999999415, 95.67266922874938, 51.87263956159694
4.839999999999941, 95.83175517345664, 52.6859094273382
4.849999999999941, 95.98992755222827, 53.42687501620889
4.859999999999941, 96.14807562490776, 54.101568337005816
4.869999999999941, 96.30660421093324, 54.71545929552837
4.87999999999994, 96.46555661907026, 55.27351953379476
4.88999999999994, 96.62471381572222, 55.780281251368486
4.89999999999994, 96.78367409708974, 56.239889946247644
4.90999999999994, 96.94191675980383, 56.65615070242176
4.9199999999999395, 97.09885261770927, 57.03256811229734
4.929999999999939, 97.2538636810621, 57.37238021653707
4.939999999999939, 97.40633388506662, 57.67858701789976
4.949999999999939, 97.55567241199434, 57.953974214014096
4.959999999999939, 97.70133087975324, 58.20113282230603
4.9699999999999385, 97.84281545557607, 58.4224753574588
4.979999999999938, 97.9796947841139, 58.62024918178066
4.989999999999938, 98.1116044842712, 58.796547591979646
4.999999999999938, 98.2382488601596, 58.95331913967123
5.009999999999938, 98.35940038193012, 59.092375613018426
5.019999999999937, 98.47489741688328, 59.21539903724216
5.029999999999937, 98.58464062639453, 59.323947985189456
5.039999999999937, 98.68858838714549, 59.41946342765108
5.049999999999937, 98.78675154408641, 59.503274297910984
5.0599999999999365, 98.87918775628278, 59.5766028967645
5.069999999999936, 98.96599565459663, 59.64057022319884
5.079999999999936, 99.0473089916255, 59.69620128199175
5.089999999999936, 99.123290929273, 59.74443039230068
5.099999999999936, 99.19412857768089, 59.78610650035486
5.1099999999999355, 99.26002787098386, 59.821998483972756
5.119999999999935, 99.32120884043026, 59.85280042608963
5.129999999999935, 99.37790132379538, 59.87913682804845
5.139999999999935, 99.43034113160493, 59.90156773034825
5.149999999999935, 99.47876667534494, 59.9205937081599
5.159999999999934, 99.52341605037653, 59.93666071056853
5.169999999999934, 99.56452455647218, 59.950164715613006
5.179999999999934, 99.60232263149273, 59.961456177271046
5.189999999999934, 99.6370341684551, 59.970844245167385
5.199999999999934, 99.66887518281996, 59.97860074262303
5.209999999999933, 99.69805279497318, 59.98496389345132
5.219999999999933, 99.7247644923163, 59.99014179244138
5.229999999999933, 99.74919763586279, 59.99431561861176
5.239999999999933, 99.77152917752726, 59.99764259397711
5.2499999999999325, 99.79192555618447, 60.00025869369928
5.259999999999932, 99.81054274288293, 60.00228111607762
5.269999999999932, 99.82752640816821, 60.00381052288189
5.279999999999932, 99.84301218717569, 60.004933062074905
5.289999999999932, 99.8571260208862, 60.00572218605385
5.299999999999931, 99.86998455461993, 60.006240279210374
5.309999999999931, 99.88169557741178, 60.00654010892388
5.319999999999931, 99.89235848832126, 60.00666611411674
5.329999999999931, 99.90206477795336, 60.00665554526701
5.339999999999931, 99.9108985154852, 60.006539469345405
5.34999999999993, 99.91893683330206, 60.006343652563864
5.35999999999993, 99.92625040294374, 60.00608933313435
5.36999999999993, 99.93290389745755, 60.00579389547434
5.37999999999993, 99.93895643645621, 60.00547145648931
5.3899999999999295, 99.94446201120293, 60.00513337373789
5.399999999999929, 99.94946988790672, 60.0047886844624
5.409999999999929, 99.95402498812491, 60.004444483661686
5.419999999999929, 99.95816824575373, 60.00410624860744
5.429999999999929, 99.96193694055698, 60.003778116467046
5.4399999999999284, 99.96536500855355, 60.00346312100301
5.449999999999928, 99.96848332986933, 60.00316339367334
5.459999999999928, 99.97131999487316, 60.00288033386176
5.469999999999928, 99.97390054956892, 60.00261475242099
5.479999999999928, 99.9762482213197, 60.00236699221606
5.489999999999927, 99.97838412604165, 60.00213702890584
5.499999999999927, 99.98032745803575, 60.00192455479712
5.509999999999927, 99.98209566362837, 60.00172904824463
5.519999999999927, 99.98370459977559, 60.00154983074837
5.5299999999999265, 99.985168678754, 60.00138611361431
5.539999999999926, 99.98650100001775, 60.001237035792194
5.549999999999926, 99.98771347025081, 60.00110169428214
5.559999999999926, 99.98881691258653, 60.000979168306785
5.569999999999926, 99.98982116590862, 60.00086853827521
5.5799999999999255, 99.99073517508629, 60.00076890041632
5.589999999999925, 99.99156707293673, 60.00067937782966
5.599999999999925, 99.99232425464912, 60.00059912859008
5.609999999999925, 99.99301344534673, 60.00052735144488
5.619999999999925, 99.99364076140988, 60.00046328955904
5.629999999999924, 99.99421176613004, 60.0004062326916
5.639999999999924, 99.99473152021707, 60.0003555181246
5.649999999999924, 99.99520462763607, 60.000310530612964
5.659999999999924, 99.99563527720767, 60.00027070157849
5.6699999999999235, 99.99602728036689, 60.00023550773256
5.679999999999923, 99.99638410543936, 60.00020446927932
5.689999999999923, 99.99670890876054, 60.00017714782359
5.699999999999923, 99.99700456293345, 60.00015314408411
5.709999999999923, 99.99727368249255, 60.00013209549306
5.7199999999999225, 99.99751864721624, 60.00011367374639
5.729999999999922, 99.99774162330765, 60.00009758235551
5.739999999999922, 99.9979445826423, 60.00008355423947
5.749999999999922, 99.99812932026265, 60.0000713493873
5.759999999999922, 99.99829747028203, 60.00006075261225
5.769999999999921, 99.99845052034567, 60.00005157141334
5.779999999999921, 99.99858982478173, 60.00004363395434
5.789999999999921, 99.9987166165632, 60.000036787166344
5.799999999999921, 99.99883201818997, 60.00003089497632
5.809999999999921, 99.99893705159, 60.00002583666193
5.81999999999992, 99.99903264712911, 60.0000215053305
5.81999999999992, 99.99911965181084, 60.00001780651852
5.82999999999992, 103.91307714006602, 59.06127739626192
5.83999999999992, 107.39613415739525, 57.537023187358415
5.84999999999992, 110.38662243461927, 55.59876294431733
5.8599999999999195, 112.87267001370425, 53.40034352557443
5.869999999999919, 114.87722525636526, 51.070225352597845
5.879999999999919, 116.44493126157644, 48.709235761354336
5.889999999999919, 117.63167167097559, 46.39186593162058
5.899999999999919, 118.4968989714186, 44.16954457623015
5.909999999999918, 119.09845713640537, 42.07474626238078
5.919999999999918, 119.48943300061669, 40.125180615761074
5.929999999999918, 119.71653524687963, 38.32762073778398
5.939999999999918, 119.81954405220485, 36.68115675007049
5.949999999999918, 119.83145469523677, 35.17981204247478
5.959999999999917, 119.77902721389435, 33.81455101298865
5.969999999999917, 119.68353614200534, 32.574754372665296
5.979999999999917, 119.56158245120913, 31.44925602426932
5.989999999999917, 119.4258823081285, 30.427035585144584
5.9999999999999165, 119.28598523747762, 29.49765109227361
6.009999999999916, 119.1489001696063, 28.651482816860728
6.019999999999916, 119.01962438633686, 27.879844798578123
6.029999999999916, 118.90158010731564, 27.175007526310214
6.039999999999916, 118.79696849972153, 26.530163970407756
6.0499999999999154, 118.70705288464826, 25.939362121255527
6.059999999999915, 118.63238304718283, 25.397420181522175
6.069999999999915, 118.57297166007154, 24.899835309243734
6.079999999999915, 118.52843244632673, 24.442692983968087
6.089999999999915, 118.49808817232311, 24.02258135076179
6.099999999999914, 118.48105507586352, 23.636513011598815
6.109999999999914, 118.47630899532619, 23.28185545661818
6.119999999999914, 118.48273731899239, 22.956270485015843
6.129999999999914, 118.49917992527925, 22.657662426499492
6.1399999999999135, 118.52446152262337, 22.384134644287123
6.149999999999913, 118.55741720046198, 22.13395361207105
6.159999999999913, 118.5969125450454, 21.905519763249583
6.169999999999913, 118.64185933071191, 21.697344278980246
6.179999999999913, 118.69122754574643, 21.508030990635525
6.1899999999999125, 118.74405433180708, 21.336262607628303
6.199999999999912, 118.79945028996951, 21.18079053370166
6.209999999999912, 118.85660352051241, 21.04042759716408
6.219999999999912, 118.91478170619487, 20.91404308872225
6.229999999999912, 118.973332510933, 20.80055957132063
6.239999999999911, 119.03168254054236, 20.698950997354935
6.249999999999911, 119.08933509442349, 20.608241737944255
6.259999999999911, 119.14586692304688, 20.527506195170908
6.269999999999911, 119.20092419334968, 20.45586873018626
6.2799999999999105, 119.25421785113988, 20.39250369696431
6.28999999999991, 119.30551855548775, 20.33663542264431
6.29999999999991, 119.35465134457543, 20.287538020459206
6.30999999999991, 119.40149017565439, 20.244534960041065
6.31999999999991, 119.44595246394609, 20.206998352473498
6.3299999999999095, 119.48799372697002, 20.17434793404679
6.339999999999909, 119.52760242239981, 20.14604975363266
6.349999999999909, 119.56479504963023, 20.12161458441381
6.359999999999909, 119.59961156823059, 20.100596091939416
6.369999999999909, 119.63211117072993, 20.08258879773813
6.379999999999908, 119.662368433004, 20.06722588162799
6.389999999999908, 119.69046985309295, 20.054176867031238
6.399999999999908, 119.71651077866558, 20.0431452326137
6.409999999999908, 119.7405927145713, 20.0338659909591
6.419999999999908, 119.76282099492818, 20.026103271235897
6.429999999999907, 119.7833027988758, 20.019647938331897
6.439999999999907, 119.80214548532591, 20.014315276066707
6.449999999999907, 119.81945521959787, 20.009942757125515
6.459999999999907, 119.83533586354307, 20.00638791750907
6.4699999999999065, 119.84988810045148, 20.003526348726805
6.479999999999906, 119.86320876651008, 20.00124981678577
6.489999999999906, 119.87539036167247, 19.99946451331762
6.499999999999906, 119.88652071434448, 19.99808944097463
6.509999999999906, 119.89668277615193, 19.99705493252037
6.519999999999905, 119.90595452511405, 19.996301300827145
6.529999999999905, 119.91440895770029, 19.995777615240474
6.539999999999905, 119.92211415241698, 19.99544059844048
6.549999999999905, 119.92913338969181, 19.99525363697456
6.559999999999905, 119.93552531484957, 19.995185898005733
6.569999999999904, 119.94134413286919, 19.99521154446739
6.579999999999904, 119.94663982535782, 19.995309040690117
6.589999999999904, 119.95145838175989, 19.995460540625796
6.599999999999904, 119.95584203823404, 19.995651350998145
6.6099999999999035, 119.95982951887959, 19.995869462021705
6.619999999999903, 119.9634562750834, 19.9961051387225
6.629999999999903, 119.96675471969635, 19.996350566337014
6.639999999999903, 119.96975445354849, 19.996599543740412
6.649999999999903, 119.9724824824849, 19.996847219342246
6.659999999999902, 119.97496342366443, 19.997089864374956
6.669999999999902, 119.9772197003228, 19.997324678976224
6.679999999999902, 119.97927172457425, 19.9975496269231
6.689999999999902, 119.98113806812167, 19.997763295308175
6.699999999999902, 119.98283562097768, 19.997964775852438
6.709999999999901, 119.98437973847565, 19.9981535649235
6.719999999999901, 119.98578437698127, 19.998329479671188
6.729999999999901, 119.9870622188091, 19.99849258800474
6.739999999999901, 119.98822478691098, 19.99864315041814
6.7499999999999005, 119.98928254994108, 19.998781571923708
6.7599999999999, 119.99024501832059, 19.998908362580504
6.7699999999999, 119.99112083192757, 19.999024105305438
6.7799999999999, 119.99191784002817, 19.999129429833033
6.7899999999999, 119.99264317404747, 19.999224991846752
6.7999999999998995, 119.993303313754, 19.999311456442427
6.809999999999899, 119.99390414740269, 19.99938948520485
6.819999999999899, 119.99445102635018, 19.99945972628352
6.829999999999899, 119.99494881462309, 19.99952280694473
6.839999999999899, 119.99540193388634, 19.999579328156273
6.849999999999898, 119.9958144042258, 19.999629860829256
6.859999999999898, 119.99618988112682, 19.999674943400354
6.869999999999898, 119.9965316889996, 19.99971508048844
6.879999999999898, 119.99684285157204, 19.99975074240275
6.8899999999998975, 119.99712611944389, 19.999782365316914
6.899999999999897, 119.99738399506893, 19.99981035195465
6.909999999999897, 119.99761875540841, 19.99983507265985
6.919999999999897, 119.99783247247635, 19.999856866746562
6.929999999999897, 119.99802703197649, 19.999876044043635
6.9399999999998965, 119.99820415021235, 19.99989288656498
6.949999999999896, 119.99836538943387, 19.99990765025017
6.959999999999896, 119.99851217176919, 19.99992056673141
6.969999999999896, 119.99864579187519, 19.999931845092526
6.979999999999896, 119.99876742842783, 19.99994167359347
6.989999999999895, 119.99887815456154, 19.999950221340466
6.999999999999895, 119.9989789473564, 19.99995763988723
7.009999999999895, 119.999070696462, 19.999964064757094
7.009999999999895, 119.99915421193863, 19.999969616879465
7.019999999999895, 111.5783672017462, 16.133484734581813
7.0299999999998946, 118.50234981664418, 22.25148273533369
7.039999999999894, 123.46280463495776, 29.78921168883994
7.049999999999894, 126.37058332663287, 37.96297236626381
7.059999999999894, 127.38775784894133, 46.13229680049726
7.069999999999894, 126.819572584585, 53.839041601963515
7.0799999999998935, 125.02608296708782, 60.80192773593592
7.089999999999893, 122.36080666090217, 66.88696637126213
7.099999999999893, 119.13490016303219, 72.06930831136123
7.109999999999893, 115.60132981132554, 76.39631471720561
7.119999999999893, 111.95260173462694, 79.95681522668416
7.129999999999892, 108.32638854484546, 82.8581509924376
7.139999999999892, 104.81480719283692, 85.21061604475786
7.149999999999892, 101.4745521426401, 87.11797796357367
7.159999999999892, 98.33628275104216, 88.67250798345337
7.169999999999892, 95.41252056654807, 89.95307428748124
7.179999999999891, 92.70385751209916, 91.02513559972891
7.189999999999891, 90.2035797320499, 91.94178552450543
7.199999999999891, 87.9009503386218, 92.74527553886915
7.209999999999891, 85.78343155800877, 93.46866166101931
7.2199999999998905, 83.83810971177759, 94.13737533118895
7.22999999999989, 82.05254567073375, 94.77062236334876
7.23999999999989, 80.4152268033035, 95.3825775162401
7.24999999999989, 78.91575318747023, 95.98337814026362
7.25999999999989, 77.54485471259513, 96.57993807185541
7.269999999999889, 76.29430738293992, 97.17660952591234
7.279999999999889, 75.15679590020511, 97.77572101884957
7.289999999999889, 74.12575415819954, 98.37801646530554
7.299999999999889, 73.19520428754176, 98.98301643416598
7.309999999999889, 72.35960717055076, 99.58931820922614
7.319999999999888, 71.61373197499918, 100.19484733947522
7.329999999999888, 70.95254853397016, 100.79707002995939
7.339999999999888, 70.37114382955225, 101.39317308019429
7.349999999999888, 69.8646620755442, 101.9802160884582
7.3599999999998875, 69.42826670517245, 102.55525922465343
7.369999999999887, 69.05712179770681, 103.11546893133456
7.379999999999887, 68.74639001766167, 103.6582033399749
7.389999999999887, 68.49124391943977, 104.18107889282474
7.399999999999887, 68.2868874361698, 104.68201955659542
7.4099999999998865, 68.1285844832175, 105.15929003271367
7.419999999999886, 68.01169183038358, 105.61151445355641
7.429999999999886, 67.93169370229965, 106.03768216130725
7.439999999999886, 67.88423592712671, 106.4371422640743
7.449999999999886, 67.86515784510837, 106.80958873128858
7.459999999999885, 67.87052058931451, 107.15503781465999
7.469999999999885, 67.89663074253278, 107.47379955689227
7.479999999999885, 67.94005874152116, 107.7664450784558
7.489999999999885, 67.99765173099594, 108.03377121770981
7.4999999999998845, 68.06654085656295, 108.2767639491188
7.509999999999884, 68.1441432234292, 108.49656182741286
7.519999999999884, 68.22815893434415, 108.69442051209043
7.529999999999884, 68.31656375665953, 108.87167922622619
7.539999999999884, 68.40759805768099, 109.0297298048531
7.5499999999998835, 68.4997526942783, 109.16998879869413
7.559999999999883, 68.59175255281106, 109.29387292466741
7.569999999999883, 68.68253841523043, 109.40277799970494
7.579999999999883, 68.77124778334334, 109.49806136175386
7.589999999999883, 68.85719523210352, 109.58102767265346
7.599999999999882, 68.93985279039101, 109.65291791191918
7.609999999999882, 69.01883076935636, 109.71490130729251
7.619999999999882, 69.09385937853412, 109.76806990542325
7.629999999999882, 69.1647713922172, 109.81343546187307
7.6399999999998816, 69.23148605581112, 109.85192832108265
7.649999999999881, 69.29399435603092, 109.88439796121253
7.659999999999881, 69.35234572110384, 109.91161489306936
7.669999999999881, 69.40663616820754, 109.93427362404195
7.679999999999881, 69.4569978752979, 109.9529964247216
7.6899999999998805, 69.50359012294507, 109.96833766560023
7.69999999999988, 69.54659152818628, 109.98078852219265
7.70999999999988, 69.58619347590592, 109.99078187771853
7.71999999999988, 69.62259464293629, 109.99869728203117
7.72999999999988, 69.65599650496469, 110.0048658530175
7.739999999999879, 69.6865997154698, 110.00957503170055
7.749999999999879, 69.71460124838539, 110.01307312445803
7.759999999999879, 69.7401922011705, 110.01557358501586
7.769999999999879, 69.7635561617235, 110.01725900520958
7.779999999999879, 69.78486805048584, 110.01828479706533
7.789999999999878, 69.80429335762153, 110.01878255973807
7.799999999999878, 69.82198770391292, 110.0188631335128
7.809999999999878, 69.83809666265955, 110.01861934969745
7.819999999999878, 69.85275578816336, 110.01812849009713
7.8299999999998775, 69.86609080416326, 110.01745447313118
7.839999999999877, 69.8782179127356, 110.01664978579663
7.849999999999877, 69.88924419064497, 110.01575718182849
7.859999999999877, 69.89926804589123, 110.0148111667699
7.869999999999877, 69.90837971225982, 110.01383929042542
7.879999999999876, 69.91666176407428, 110.01286326648537
7.889999999999876, 69.92418963711334, 110.0118999381084
7.899999999999876, 69.93103214484337, 110.01096210703982
7.909999999999876, 69.93725198178745, 110.01005924251078
7.919999999999876, 69.94290620806215, 110.00919808477529
7.929999999999875, 69.94804671091963, 110.00838315674932
7.939999999999875, 69.9527206405912, 110.0076171958571
7.949999999999875, 69.95697081888841, 110.00690151689102
7.959999999999875, 69.96083611992556, 110.00623631547134
7.9699999999998745, 69.96435182302484, 110.00562092056063
7.979999999999874, 69.96754993838799, 110.00505400345229
7.989999999999874, 69.97045950649802, 110.00453374971207
7.999999999999874, 69.97310687247922, 110.00405799970606
8.009999999999874, 69.97551593681571, 110.00362436259358
8.019999999999873, 69.97770838392817, 110.003230307993
8.029999999999873, 69.97970389015173, 110.00287323893801
8.039999999999873, 69.98152031265796, 110.00255054922283
8.049999999999873, 69.98317386083278, 110.00225966778149
8.059999999999873, 69.98467925156706, 110.00199809235262
8.069999999999872, 69.98604984984713, 110.00176341433918
8.079999999999872, 69.98729779595148, 110.00155333647751
8.089999999999872, 69.98843412047421, 110.00136568467646
8.099999999999872, 69.9894688483075, 110.00119841516901
8.109999999999872, 69.99041109262669, 110.00104961793271
8.119999999999871, 69.9912691398361, 110.00091751717572
8.129999999999871, 69.99205052635045, 110.00080046955019
8.139999999999871, 69.99276210800853, 110.00069696063943
8.14999999999987, 69.99341012284222, 110.00060560016831
8.15999999999987, 69.9940002478552, 110.00052511630376
8.16999999999987, 69.9945376504027, 110.00045434934343
8.17999999999987, 69.99502703470544, 110.00039224503219
8.18999999999987, 69.99547268397774, 110.00033784769782
8.19999999999987, 69.99587849860194, 110.00029029335636
8.20999999999987, 69.996248030737, 110.00024880290418
8.21999999999987, 69.99658451571014, 110.00021267548587
8.229999999999869, 69.9968909005047, 110.0001812821041
8.239999999999869, 69.99716986962507, 110.0001540595188
8.249999999999869, 69.9974238685916, 110.0001305044679
8.259999999999868, 69.9976551252919, 110.0001101682291
8.269999999999868, 69.99786566939247, 110.00009265153297
8.279999999999868, 69.99805734999386, 110.00007759982928
8.289999999999868, 69.99823185169416, 110.00006469890266
8.299999999999867, 69.99839070920913, 110.00005367082892
8.309999999999867, 69.99853532068278, 110.00004427026019
8.319999999999867, 69.99866695980883, 110.00003628102404
8.329999999999867, 69.99878678687207, 110.00002951302048
8.339999999999867, 69.99889585880771, 110.00002379939941
8.349999999999866, 69.9989951383677, 110.00001899400061
8.359999999999866, 69.99908550247464, 110.00001496903818
8.359999999999866, 69.99916774983589, 110.00001161301158
8.369999999999866, 76.2582031525813, 108.47115827312838
8.379999999999866, 81.82223599983533, 105.97338899629378
8.389999999999866, 86.58283006968948, 102.79108718990335
8.399999999999865, 90.51674410162029, 99.18069315733993
8.409999999999865, 93.66052421678252, 95.35668586388365
8.419999999999865, 96.08802926870361, 91.48722907842442
8.429999999999865, 97.89245632701201, 87.6961068898603
8.439999999999864, 99.17313790889928, 84.06818890770104
8.449999999999864, 100.02664694259576, 80.65640349218805
8.459999999999864, 100.54141302289278, 77.48888199659571
8.469999999999864, 100.79498040493505, 74.57549045193339
8.479999999999864, 100.85311125675568, 71.91336949271096
8.489999999999863, 100.77007740787877, 69.49137255718273
8.499999999999863, 100.58963983040809, 67.29345374450511
8.509999999999863, 100.34635927550728, 65.30113971629322
8.519999999999863, 100.06700110150103, 63.495250865147
8.529999999999863, 99.77188915411617, 61.857036237089815
8.539999999999862, 99.47612962074729, 60.36886920647812
8.549999999999862, 99.19067044678778, 59.014626478984596
8.559999999999862, 98.92319011353705, 57.779847589603804
8.569999999999862, 98.67882589739554, 56.65174886882413
8.579999999999862, 98.46075993408843, 55.61914626733099
8.589999999999861, 98.27068439537639, 54.672325765997236
8.599999999999861, 98.10916694165903, 53.80288807447771
8.60999999999986, 97.97593577592353, 53.003585397053335
8.61999999999986, 97.87010102468139, 52.26816160869895
8.62999999999986, 97.7903263808374, 51.59120266385597
8.63999999999986, 97.73496228558233, 50.96800096421413
8.64999999999986, 97.70214956368446, 50.394435345239216
8.65999999999986, 97.68990042105345, 49.86686700084192
8.66999999999986, 97.6961620687214, 49.38205082643805
8.67999999999986, 97.71886692567473, 48.93706116070489
8.68999999999986, 97.75597233217273, 48.529230631974514
8.699999999999859, 97.80549192892902, 48.15610068857544
8.709999999999859, 97.86552028076552, 47.815382361298774
8.719999999999859, 97.9342519051914, 47.50492583607813
8.729999999999858, 98.00999557125355, 47.222697483500525
8.739999999999858, 98.09118453196506, 46.96676308435053
8.749999999999858, 98.17638321995761, 46.73527609749332
8.759999999999858, 98.26429085085604, 46.52646993159012
8.769999999999857, 98.35374232659493, 46.33865330086177
8.779999999999857, 98.44370679948469, 46.17020786395828
8.789999999999857, 98.53328423834382, 46.019587461252534
8.799999999999857, 98.62170032404545, 45.885318377342884
8.809999999999857, 98.70829998904148, 45.76600016040533
8.819999999999856, 98.79253990112866, 45.6603066268266
8.829999999999856, 98.87398017447454, 45.5669867671776
8.839999999999856, 98.9522755702361, 45.48486534731804
8.849999999999856, 99.02716642515429, 45.41284306587522
8.859999999999856, 99.09846951990077, 45.34989618647028
8.869999999999855, 99.1660690705475, 45.29507561013272
8.879999999999855, 99.22990799728319, 45.24750539087051
8.889999999999855, 99.28997959536514, 45.20638072607839
8.899999999999855, 99.3463197051358, 45.17096547425526
8.909999999999854, 99.39899945148453, 45.140589266344946
8.919999999999854, 99.4481185989646, 45.11464428494271
8.929999999999854, 99.49379954728714, 45.09258178864988
8.939999999999854, 99.53618197334407, 45.073908458002904
8.949999999999854, 99.57541811035038, 45.058182635571434
8.959999999999853, 99.61166864210497, 45.04501052684416
8.969999999999853, 99.64509918060678, 45.034042421128255
8.979999999999853, 99.67587728811277, 45.02496898349462
8.989999999999853, 99.70416999991406, 45.01751766031262
8.999999999999853, 99.73014180133454, 45.0114492325342
9.009999999999852, 99.75395301140895, 45.006554542909306
9.019999999999852, 99.77575852606185, 45.00265141595715
9.029999999999852, 99.79570687509118, 44.99958178291843
9.039999999999852, 99.81393954958652, 44.99720901814917
9.049999999999851, 99.83059055934015, 44.9954154885104
9.059999999999851, 99.84578618312793, 44.994100313246186
9.069999999999851, 99.859644878269, 44.99317732858039
9.07999999999985, 99.87227731947326, 44.99257324873768
9.08999999999985, 99.88378654053808, 44.99222601322895
9.09999999999985, 99.89426815587335, 44.99208330895435
9.10999999999985, 99.90381064205388, 44.99210125488386
9.11999999999985, 99.91249566257734, 44.992243236694996
9.12999999999985, 99.92039842171872, 44.992478878702705
9.13999999999985, 99.92758803580926, 44.992783140638586
9.14999999999985, 99.93412791242623, 44.993135527262154
9.15999999999985, 99.94007612987009, 44.993519399362725
9.169999999999849, 99.94548581094028, 44.9939213753895
9.179999999999849, 99.95040548641875, 44.994330813691576
9.189999999999849, 99.95487944485156, 44.99473936612718
9.199999999999848, 99.95894806620585, 44.99514059458717
9.209999999999848, 99.96264813779264, 44.99552964275281
9.219999999999848, 99.9660131515084, 44.99590295615651
9.229999999999848, 99.96907358197879, 44.9962580443272
9.239999999999847, 99.97185714560584, 44.99659327947099
9.249999999999847, 99.97438904084221, 44.99690772676001
9.259999999999847, 99.97669217025852, 44.997201001873535
9.269999999999847, 99.97878734514512, 44.99747315195805
9.279999999999847, 99.98069347351128, 44.99772455664489
9.289999999999846, 99.98242773242141, 44.99795584618973
9.299999999999846, 99.9840057256499, 44.998167834178446
9.309999999999846, 99.9854416276501, 44.99836146258241
9.319999999999846, 99.98674831482586, 44.998537757246275
9.329999999999846, 99.9879374850701, 44.99869779215554
9.339999999999845, 99.98901976650038, 44.998842661063534
9.349999999999845, 99.99000481627732, 44.99897345526076
9.359999999999845, 99.99090141034361, 44.99909124644665
9.369999999999845, 99.99171752486876, 44.999197073818124
9.379999999999844, 99.99246041013195, 44.99929193462259
9.389999999999844, 99.9931366575219, 44.99937677753886
9.399999999999844, 99.99375226028039, 44.999452498348624
9.409999999999844, 99.99431266856575, 44.99951993744677
9.419999999999844, 99.99482283936437, 44.999579878812305
9.429999999999843, 99.99528728173269, 44.999633050124096
9.439999999999843, 99.99571009780955, 44.99968012375935
9.449999999999843, 99.99609501999922, 44.99972171845812
9.459999999999843, 99.99644544468804, 44.99975840147586
9.469999999999843, 99.9967644628245, 44.99979069107851
9.479999999999842, 99.99705488766082, 44.999819059262414
9.489999999999842, 99.99731927992606, 44.99984393460424
9.499999999999842, 99.99755997067471, 44.99986570516574
9.509999999999842, 99.99777908203126, 44.99988472139413
9.519999999999841, 99.9979785460298, 44.99990129897262
9.529999999999841, 99.99816012172857, 44.9999157215864
9.539999999999841, 99.99832541076158, 44.999928243578914
9.54999999999984, 99.99847587147391, 44.99993909248044
9.55999999999984, 99.99861283177323, 44.99994847139725
9.56999999999984, 99.99873750081666, 44.9999565612545
9.57999999999984, 99.99885097964132, 44.999963522889715
9.58999999999984, 99.99895427083595, 44.999969498997146
9.59999999999984, 99.9990482873419, 44.99997461592523
