0.01, 80.0, 100.0
0.02, 80.0, 100.0
0.03, 80.0, 100.0
0.04, 80.0, 100.0
0.05, 80.0, 100.0
0.060000000000000005, 80.0, 100.0
0.07, 80.0, 100.0
0.08, 80.0, 100.0
0.09, 80.0, 100.0
0.09999999999999999, 80.0, 100.0
0.10999999999999999, 80.0, 100.0
0.11999999999999998, 80.0, 100.0
0.12999999999999998, 80.0, 100.0
0.13999999999999999, 80.0, 100.0
0.15, 80.0, 100.0
0.16, 80.0, 100.0
0.17, 80.0, 100.0
0.18000000000000002, 80.0, 100.0
0.19000000000000003, 80.0, 100.0
0.20000000000000004, 80.0, 100.0
0.21000000000000005, 80.0, 100.0
0.22000000000000006, 80.0, 100.0
0.23000000000000007, 80.0, 100.0
0.24000000000000007, 80.0, 100.0
0.25000000000000006, 80.0, 100.0
0.26000000000000006, 80.0, 100.0
0.2700000000000001, 80.0, 100.0
0.2800000000000001, 80.0, 100.0
0.2900000000000001, 80.0, 100.0
0.3000000000000001, 80.0, 100.0
0.3100000000000001, 80.0, 100.0
0.3200000000000001, 80.0, 100.0
0.3300000000000001, 80.0, 100.0
0.34000000000000014, 80.0, 100.0
0.35000000000000014, 80.0, 100.0
0.36000000000000015, 80.0, 100.0
0.37000000000000016, 80.0, 100.0
0.38000000000000017, 80.0, 100.0
0.3900000000000002, 80.0, 100.0
0.4000000000000002, 80.0, 100.0
0.4100000000000002, 80.0, 100.0
0.4200000000000002, 80.0, 100.0
0.4300000000000002, 80.0, 100.0
0.4400000000000002, 80.0, 100.0
0.45000000000000023, 80.0, 100.0
0.46000000000000024, 80.0, 100.0
0.47000000000000025, 80.0, 100.0
0.48000000000000026, 80.0, 100.0
0.49000000000000027, 80.0, 100.0
0.5000000000000002, 80.0, 100.0
0.5100000000000002, 80.0, 100.0
0.5200000000000002, 80.0, 100.0
0.5300000000000002, 80.0, 100.0
0.5400000000000003, 80.0, 100.0
0.5500000000000003, 80.0, 100.0
0.5600000000000003, 80.0, 100.0
0.5700000000000003, 80.0, 100.0
0.5800000000000003, 80.0, 100.0
0.5900000000000003, 80.0, 100.0
0.6000000000000003, 80.0, 100.0
0.6100000000000003, 80.0, 100.0
0.6200000000000003, 80.0, 100.0
0.6300000000000003, 80.0, 100.0
0.6400000000000003, 80.0, 100.0
0.6500000000000004, 80.0, 100.0
0.6600000000000004, 80.0, 100.0
0.6700000000000004, 80.0, 100.0
0.6800000000000004, 80.0, 100.0
0.6900000000000004, 80.0, 100.0
0.7000000000000004, 80.0, 100.0
0.7100000000000004, 80.0, 100.0
0.7200000000000004, 80.0, 100.0
0.7300000000000004, 80.0, 100.0
0.7400000000000004, 80.0, 100.0
0.7500000000000004, 80.0, 100.0
0.7600000000000005, 80.0, 100.0
0.7700000000000005, 80.0, 100.0
0.7800000000000005, 80.0, 100.0
0.7900000000000005, 80.0, 100.0
0.8000000000000005, 80.0, 100.0
0.8100000000000005, 80.0, 100.0
0.8200000000000005, 80.0, 100.0
0.8300000000000005, 80.0, 100.0
0.8400000000000005, 80.0, 100.0
0.8500000000000005, 80.0, 100.0
0.8600000000000005, 80.0, 100.0
0.8700000000000006, 80.0, 100.0
0.8800000000000006, 80.0, 100.0
0.8900000000000006, 80.0, 100.0
0.9000000000000006, 80.0, 100.0
0.9100000000000006, 80.0, 100.0
0.9200000000000006, 80.0, 100.0
0.9300000000000006, 80.0, 100.0
0.9400000000000006, 80.0, 100.0
0.9500000000000006, 80.0, 100.0
0.9600000000000006, 80.0, 100.0
0.9700000000000006, 80.0, 100.0
0.9800000000000006, 80.0, 100.0
0.9900000000000007, 80.0, 100.0
1.0000000000000007, 80.0, 100.0
1.0100000000000007, 80.0, 100.0
1.0200000000000007, 80.0, 100.0
1.0300000000000007, 80.0, 100.0
1.0400000000000007, 80.0, 100.0
1.0500000000000007, 80.0, 100.0
1.0600000000000007, 80.0, 100.0
1.0700000000000007, 80.0, 100.0
1.0800000000000007, 80.0, 100.0
1.0900000000000007, 80.0, 100.0
1.1000000000000008, 80.0, 100.0
1.1100000000000008, 80.0, 100.0
1.1200000000000008, 80.0, 100.0
1.1300000000000008, 80.0, 100.0
1.1400000000000008, 80.0, 100.0
1.1500000000000008, 80.0, 100.0
1.1600000000000008, 80.0, 100.0
1.1700000000000008, 80.0, 100.0
1.1800000000000008, 80.0, 100.0
1.1900000000000008, 80.0, 100.0
1.2000000000000008, 80.0, 100.0
1.2100000000000009, 80.0, 100.0
1.2200000000000009, 80.0, 100.0
1.2300000000000009, 80.0, 100.0
1.2400000000000009, 80.0, 100.0
1.2500000000000009, 80.0, 100.0
1.260000000000001, 80.0, 100.0
1.270000000000001, 80.0, 100.0
1.280000000000001, 80.0, 100.0
1.290000000000001, 80.0, 100.0
1.300000000000001, 80.0, 100.0
1.310000000000001, 80.0, 100.0
1.320000000000001, 80.0, 100.0
1.330000000000001, 80.0, 100.0
1.340000000000001, 80.0, 100.0
1.350000000000001, 80.0, 100.0
1.360000000000001, 80.0, 100.0
1.370000000000001, 80.0, 100.0
1.380000000000001, 80.0, 100.0
1.390000000000001, 80.0, 100.0
1.400000000000001, 80.0, 100.0
1.410000000000001, 80.0, 100.0
1.420000000000001, 80.0, 100.0
1.430000000000001, 80.0, 100.0
1.440000000000001, 80.0, 100.0
1.450000000000001, 80.0, 100.0
1.460000000000001, 80.0, 100.0
1.470000000000001, 80.0, 100.0
1.480000000000001, 80.0, 100.0
1.490000000000001, 80.0, 100.0
1.500000000000001, 80.0, 100.0
1.5100000000000011, 80.0, 100.0
1.5200000000000011, 80.0, 100.0
1.5300000000000011, 80.0, 100.0
1.5400000000000011, 80.0, 100.0
1.5500000000000012, 80.0, 100.0
1.5600000000000012, 80.0, 100.0
1.5700000000000012, 80.0, 100.0
1.5800000000000012, 80.0, 100.0
1.5900000000000012, 80.0, 100.0
1.6000000000000012, 80.0, 100.0
1.6100000000000012, 80.0, 100.0
1.6200000000000012, 80.0, 100.0
1.6300000000000012, 80.0, 100.0
1.6400000000000012, 80.0, 100.0
1.6500000000000012, 80.0, 100.0
1.6600000000000013, 80.0, 100.0
1.6700000000000013, 80.0, 100.0
1.6800000000000013, 80.0, 100.0
1.6900000000000013, 80.0, 100.0
1.7000000000000013, 80.0, 100.0
1.7100000000000013, 80.0, 100.0
1.7200000000000013, 80.0, 100.0
1.7300000000000013, 80.0, 100.0
1.7400000000000013, 80.0, 100.0
1.7500000000000013, 80.0, 100.0
1.7600000000000013, 80.0, 100.0
1.7700000000000014, 80.0, 100.0
1.7800000000000014, 80.0, 100.0
1.7900000000000014, 80.0, 100.0
1.8000000000000014, 80.0, 100.0
1.8100000000000014, 80.0, 100.0
1.8200000000000014, 80.0, 100.0
1.8300000000000014, 80.0, 100.0
1.8400000000000014, 80.0, 100.0
1.8500000000000014, 80.0, 100.0
1.8600000000000014, 80.0, 100.0
1.8700000000000014, 80.0, 100.0
1.8800000000000014, 80.0, 100.0
1.8900000000000015, 80.0, 100.0
1.9000000000000015, 80.0, 100.0
1.9100000000000015, 80.0, 100.0
1.9200000000000015, 80.0, 100.0
1.9300000000000015, 80.0, 100.0
1.9400000000000015, 80.0, 100.0
1.9500000000000015, 80.0, 100.0
1.9600000000000015, 80.0, 100.0
1.9700000000000015, 80.0, 100.0
1.9800000000000015, 80.0, 100.0
1.9900000000000015, 80.0, 100.0
2.0000000000000013, 80.0, 100.0
2.010000000000001, 80.0, 100.0
2.020000000000001, 80.0, 100.0
2.0300000000000007, 80.0, 100.0
2.0400000000000005, 80.0, 100.0
2.0500000000000003, 80.0, 100.0
2.06, 80.0, 100.0
2.07, 80.0, 100.0
2.0799999999999996, 80.0, 100.0
2.0899999999999994, 80.0, 100.0
2.099999999999999, 80.0, 100.0
2.109999999999999, 80.0, 100.0
2.1199999999999988, 80.0, 100.0
2.1299999999999986, 80.0, 100.0
2.1399999999999983, 80.0, 100.0
2.149999999999998, 80.0, 100.0
2.159999999999998, 80.0, 100.0
2.1699999999999977, 80.0, 100.0
2.1799999999999975, 80.0, 100.0
2.1899999999999973, 80.0, 100.0
2.199999999999997, 80.0, 100.0
2.209999999999997, 80.0, 100.0
2.2199999999999966, 80.0, 100.0
2.2299999999999964, 80.0, 100.0
2.239999999999996, 80.0, 100.0
2.249999999999996, 80.0, 100.0
2.259999999999996, 80.0, 100.0
2.2699999999999956, 80.0, 100.0
2.2799999999999954, 80.0, 100.0
2.289999999999995, 80.0, 100.0
2.299999999999995, 80.0, 100.0
2.3099999999999947, 80.0, 100.0
2.3199999999999945, 80.0, 100.0
2.3299999999999943, 80.0, 100.0
2.339999999999994, 80.0, 100.0
2.349999999999994, 80.0, 100.0
2.3599999999999937, 80.0, 100.0
2.3699999999999934, 80.0, 100.0
2.3799999999999932, 80.0, 100.0
2.389999999999993, 80.0, 100.0
2.399999999999993, 80.0, 100.0
2.4099999999999926, 80.0, 100.0
2.4199999999999924, 80.0, 100.0
2.429999999999992, 80.0, 100.0
2.439999999999992, 80.0, 100.0
2.4499999999999917, 80.0, 100.0
2.4599999999999915, 80.0, 100.0
2.4699999999999913, 80.0, 100.0
2.479999999999991, 80.0, 100.0
2.489999999999991, 80.0, 100.0
2.4999999999999907, 80.0, 100.0
2.5099999999999905, 80.0, 100.0
2.5199999999999902, 80.0, 100.0
2.52999999999999, 80.0, 100.0
2.53999999999999, 80.0, 100.0
2.5499999999999896, 80.0, 100.0
2.5599999999999894, 80.0, 100.0
2.569999999999989, 80.0, 100.0
2.579999999999989, 80.0, 100.0
2.5899999999999888, 80.0, 100.0
2.5999999999999885, 80.0, 100.0
2.6099999999999883, 80.0, 100.0
2.619999999999988, 80.0, 100.0
2.629999999999988, 80.0, 100.0
2.6399999999999877, 80.0, 100.0
2.6499999999999875, 80.0, 100.0
2.6599999999999873, 80.0, 100.0
2.669999999999987, 80.0, 100.0
2.679999999999987, 80.0, 100.0
2.6899999999999866, 80.0, 100.0
2.6999999999999864, 80.0, 100.0
2.709999999999986, 80.0, 100.0
2.719999999999986, 80.0, 100.0
2.7299999999999858, 80.0, 100.0
2.7399999999999856, 80.0, 100.0
2.7499999999999853, 80.0, 100.0
2.759999999999985, 80.0, 100.0
2.769999999999985, 80.0, 100.0
2.7799999999999847, 80.0, 100.0
2.7899999999999845, 80.0, 100.0
2.7999999999999843, 80.0, 100.0
2.809999999999984, 80.0, 100.0
2.819999999999984, 80.0, 100.0
2.8299999999999836, 80.0, 100.0
2.8399999999999834, 80.0, 100.0
2.849999999999983, 80.0, 100.0
2.859999999999983, 80.0, 100.0
2.869999999999983, 80.0, 100.0
2.8799999999999826, 80.0, 100.0
2.8899999999999824, 80.0, 100.0
2.899999999999982, 80.0, 100.0
2.909999999999982, 80.0, 100.0
2.9199999999999817, 80.0, 100.0
2.9299999999999815, 80.0, 100.0
2.9399999999999813, 80.0, 100.0
2.949999999999981, 80.0, 100.0
2.959999999999981, 80.0, 100.0
2.9699999999999807, 80.0, 100.0
2.9799999999999804, 80.0, 100.0
2.9899999999999802, 80.0, 100.0
2.99999999999998, 80.0, 100.0
3.00999999999998, 80.0, 100.0
3.0199999999999796, 80.0, 100.0
3.0299999999999794, 80.0, 100.0
3.039999999999979, 80.0, 100.0
3.049999999999979, 80.0, 100.0
3.0599999999999787, 80.0, 100.0
3.0699999999999785, 80.0, 100.0
3.0799999999999783, 80.0, 100.0
3.089999999999978, 80.0, 100.0
3.099999999999978, 80.0, 100.0
3.1099999999999777, 80.0, 100.0
3.1199999999999775, 80.0, 100.0
3.1299999999999772, 80.0, 100.0
3.139999999999977, 80.0, 100.0
3.149999999999977, 80.0, 100.0
3.1599999999999766, 80.0, 100.0
3.1699999999999764, 80.0, 100.0
3.179999999999976, 80.0, 100.0
3.189999999999976, 80.0, 100.0
3.1999999999999758, 80.0, 100.0
3.2099999999999755, 80.0, 100.0
3.2199999999999753, 80.0, 100.0
3.229999999999975, 80.0, 100.0
3.239999999999975, 80.0, 100.0
3.2499999999999747, 80.0, 100.0
3.2599999999999745, 80.0, 100.0
3.2699999999999743, 80.0, 100.0
3.279999999999974, 80.0, 100.0
3.289999999999974, 80.0, 100.0
3.2999999999999736, 80.0, 100.0
3.3099999999999734, 80.0, 100.0
3.319999999999973, 80.0, 100.0
3.329999999999973, 80.0, 100.0
3.3399999999999728, 80.0, 100.0
3.3499999999999726, 80.0, 100.0
3.3599999999999723, 80.0, 100.0
3.369999999999972, 80.0, 100.0
3.379999999999972, 80.0, 100.0
3.3899999999999717, 80.0, 100.0
3.3999999999999715, 80.0, 100.0
3.4099999999999713, 80.0, 100.0
3.419999999999971, 80.0, 100.0
3.429999999999971, 80.0, 100.0
3.4399999999999706, 80.0, 100.0
3.4499999999999704, 80.0, 100.0
3.45999999999997, 80.0, 100.0
3.46999999999997, 80.0, 100.0
3.47999999999997, 80.0, 100.0
3.4899999999999696, 80.0, 100.0
3.4999999999999694, 80.0, 100.0
3.509999999999969, 80.0, 100.0
3.519999999999969, 80.0, 100.0
3.5299999999999687, 80.0, 100.0
3.5399999999999685, 80.0, 100.0
3.5499999999999683, 80.0, 100.0
3.559999999999968, 80.0, 100.0
3.569999999999968, 80.0, 100.0
3.5799999999999677, 80.0, 100.0
3.5899999999999674, 80.0, 100.0
3.5999999999999672, 80.0, 100.0
3.609999999999967, 80.0, 100.0
3.619999999999967, 80.0, 100.0
3.6299999999999666, 80.0, 100.0
3.6399999999999664, 80.0, 100.0
3.649999999999966, 80.0, 100.0
3.659999999999966, 80.0, 100.0
3.6699999999999657, 80.0, 100.0
3.6799999999999655, 80.0, 100.0
3.6899999999999653, 80.0, 100.0
3.699999999999965, 80.0, 100.0
3.709999999999965, 80.0, 100.0
3.7199999999999647, 80.0, 100.0
3.7299999999999645, 80.0, 100.0
3.7399999999999642, 80.0, 100.0
3.749999999999964, 80.0, 100.0
3.759999999999964, 80.0, 100.0
3.7699999999999636, 80.0, 100.0
3.7799999999999634, 80.0, 100.0
3.789999999999963, 80.0, 100.0
3.799999999999963, 80.0, 100.0
3.8099999999999627, 80.0, 100.0
3.8199999999999625, 80.0, 100.0
3.8299999999999623, 80.0, 100.0
3.839999999999962, 80.0, 100.0
3.849999999999962, 80.0, 100.0
3.8599999999999617, 80.0, 100.0
3.8699999999999615, 80.0, 100.0
3.8799999999999613, 80.0, 100.0
3.889999999999961, 80.0, 100.0
3.899999999999961, 80.0, 100.0
3.9099999999999606, 80.0, 100.0
3.9199999999999604, 80.0, 100.0
3.92999999999996, 80.0, 100.0
3.93999999999996, 80.0, 100.0
3.9499999999999598, 80.0, 100.0
3.9599999999999596, 80.0, 100.0
3.9699999999999593, 80.0, 100.0
3.979999999999959, 80.0, 100.0
3.989999999999959, 80.0, 100.0
3.9999999999999587, 80.0, 100.0
4.009999999999959, 80.0, 100.0
4.019999999999959, 80.0, 100.0
4.0299999999999585, 80.0, 100.0
4.039999999999958, 80.0, 100.0
4.049999999999958, 80.0, 100.0
4.059999999999958, 80.0, 100.0
4.069999999999958, 80.0, 100.0
4.079999999999957, 80.0, 100.0
4.089999999999957, 80.0, 100.0
4.099999999999957, 80.0, 100.0
4.109999999999957, 80.0, 100.0
4.119999999999957, 80.0, 100.0
4.129999999999956, 80.0, 100.0
4.139999999999956, 80.0, 100.0
4.149999999999956, 80.0, 100.0
4.159999999999956, 80.0, 100.0
4.1699999999999555, 80.0, 100.0
4.179999999999955, 80.0, 100.0
4.189999999999955, 80.0, 100.0
4.199999999999955, 80.0, 100.0
4.209999999999955, 80.0, 100.0
4.2199999999999545, 80.0, 100.0
4.229999999999954, 80.0, 100.0
4.239999999999954, 80.0, 100.0
4.249999999999954, 80.0, 100.0
4.259999999999954, 80.0, 100.0
4.269999999999953, 80.0, 100.0
4.279999999999953, 80.0, 100.0
4.289999999999953, 80.0, 100.0
4.299999999999953, 80.0, 100.0
4.3099999999999525, 80.0, 100.0
4.319999999999952, 80.0, 100.0
4.329999999999952, 80.0, 100.0
4.339999999999952, 80.0, 100.0
4.349999999999952, 80.0, 100.0
4.3599999999999515, 80.0, 100.0
4.369999999999951, 80.0, 100.0
4.379999999999951, 80.0, 100.0
4.389999999999951, 80.0, 100.0
4.399999999999951, 80.0, 100.0
4.40999999999995, 80.0, 100.0
4.41999999999995, 80.0, 100.0
4.42999999999995, 80.0, 100.0
4.43999999999995, 80.0, 100.0
4.4499999999999496, 80.0, 100.0
4.459999999999949, 80.0, 100.0
4.469999999999949, 80.0, 100.0
4.479999999999949, 80.0, 100.0
4.489999999999949, 80.0, 100.0
4.4999999999999485, 80.0, 100.0
4.509999999999948, 80.0, 100.0
4.519999999999948, 80.0, 100.0
4.529999999999948, 80.0, 100.0
4.539999999999948, 80.0, 100.0
4.549999999999947, 80.0, 100.0
4.559999999999947, 80.0, 100.0
4.569999999999947, 80.0, 100.0
4.579999999999947, 80.0, 100.0
4.589999999999947, 80.0, 100.0
4.599999999999946, 80.0, 100.0
4.609999999999946, 80.0, 100.0
4.619999999999946, 80.0, 100.0
4.629999999999946, 80.0, 100.0
4.6399999999999455, 80.0, 100.0
4.649999999999945, 80.0, 100.0
4.659999999999945, 80.0, 100.0
4.669999999999945, 80.0, 100.0
4.679999999999945, 80.0, 100.0
4.689999999999944, 80.0, 100.0
4.699999999999944, 80.0, 100.0
4.709999999999944, 80.0, 100.0
4.719999999999944, 80.0, 100.0
4.729999999999944, 80.0, 100.0
4.739999999999943, 80.0, 100.0
4.749999999999943, 80.0, 100.0
4.759999999999943, 80.0, 100.0
4.769999999999943, 80.0, 100.0
4.7799999999999425, 80.0, 100.0
4.789999999999942, 80.0, 100.0
4.799999999999942, 80.0, 100.0
4.809999999999942, 80.0, 100.0
4.819999999999942, 80.0, 100.0
4.8299999999999415, 80.0, 100.0
4.839999999999941, 80.0, 100.0
4.849999999999941, 80.0, 100.0
4.859999999999941, 80.0, 100.0
4.869999999999941, 80.0, 100.0
4.87999999999994, 80.0, 100.0
4.88999999999994, 80.0, 100.0
4.89999999999994, 80.0, 100.0
4.90999999999994, 80.0, 100.0
4.9199999999999395, 80.0, 100.0
4.929999999999939, 80.0, 100.0
4.939999999999939, 80.0, 100.0
4.949999999999939, 80.0, 100.0
4.959999999999939, 80.0, 100.0
4.9699999999999385, 80.0, 100.0
4.979999999999938, 80.0, 100.0
4.989999999999938, 80.0, 100.0
4.999999999999938, 80.0, 100.0
5.009999999999938, 80.0, 100.0
5.019999999999937, 80.0, 100.0
5.029999999999937, 80.0, 100.0
5.039999999999937, 80.0, 100.0
5.049999999999937, 80.0, 100.0
5.0599999999999365, 80.0, 100.0
5.069999999999936, 80.0, 100.0
5.079999999999936, 80.0, 100.0
5.089999999999936, 80.0, 100.0
5.099999999999936, 80.0, 100.0
5.1099999999999355, 80.0, 100.0
5.119999999999935, 80.0, 100.0
5.129999999999935, 80.0, 100.0
5.139999999999935, 80.0, 100.0
5.149999999999935, 80.0, 100.0
5.159999999999934, 80.0, 100.0
5.169999999999934, 80.0, 100.0
5.179999999999934, 80.0, 100.0
5.189999999999934, 80.0, 100.0
5.199999999999934, 80.0, 100.0
5.209999999999933, 80.0, 100.0
5.219999999999933, 80.0, 100.0
5.229999999999933, 80.0, 100.0
5.239999999999933, 80.0, 100.0
5.2499999999999325, 80.0, 100.0
5.259999999999932, 80.0, 100.0
5.269999999999932, 80.0, 100.0
5.279999999999932, 80.0, 100.0
5.289999999999932, 80.0, 100.0
5.299999999999931, 80.0, 100.0
5.309999999999931, 80.0, 100.0
5.319999999999931, 80.0, 100.0
5.329999999999931, 80.0, 100.0
5.339999999999931, 80.0, 100.0
5.34999999999993, 80.0, 100.0
5.35999999999993, 80.0, 100.0
5.36999999999993, 80.0, 100.0
5.37999999999993, 80.0, 100.0
5.3899999999999295, 80.0, 100.0
5.399999999999929, 80.0, 100.0
5.409999999999929, 80.0, 100.0
5.419999999999929, 80.0, 100.0
5.429999999999929, 80.0, 100.0
5.4399999999999284, 80.0, 100.0
5.449999999999928, 80.0, 100.0
5.459999999999928, 80.0, 100.0
5.469999999999928, 80.0, 100.0
5.479999999999928, 80.0, 100.0
5.489999999999927, 80.0, 100.0
5.499999999999927, 80.0, 100.0
5.509999999999927, 80.0, 100.0
5.519999999999927, 80.0, 100.0
5.5299999999999265, 80.0, 100.0
5.539999999999926, 80.0, 100.0
5.549999999999926, 80.0, 100.0
5.559999999999926, 80.0, 100.0
5.569999999999926, 80.0, 100.0
5.5799999999999255, 80.0, 100.0
5.589999999999925, 80.0, 100.0
5.599999999999925, 80.0, 100.0
5.609999999999925, 80.0, 100.0
5.619999999999925, 80.0, 100.0
5.629999999999924, 80.0, 100.0
5.639999999999924, 80.0, 100.0
5.649999999999924, 80.0, 100.0
5.659999999999924, 80.0, 100.0
5.6699999999999235, 80.0, 100.0
5.679999999999923, 80.0, 100.0
5.689999999999923, 80.0, 100.0
5.699999999999923, 80.0, 100.0
5.709999999999923, 80.0, 100.0
5.7199999999999225, 80.0, 100.0
5.729999999999922, 80.0, 100.0
5.739999999999922, 80.0, 100.0
5.749999999999922, 80.0, 100.0
5.759999999999922, 80.0, 100.0
5.769999999999921, 80.0, 100.0
5.779999999999921, 80.0, 100.0
5.789999999999921, 80.0, 100.0
5.799999999999921, 80.0, 100.0
5.809999999999921, 80.0, 100.0
5.81999999999992, 80.0, 100.0
5.82999999999992, 80.0, 100.0
5.83999999999992, 80.0, 100.0
5.84999999999992, 80.0, 100.0
5.8599999999999195, 80.0, 100.0
5.869999999999919, 80.0, 100.0
5.879999999999919, 80.0, 100.0
5.889999999999919, 80.0, 100.0
5.899999999999919, 80.0, 100.0
5.909999999999918, 80.0, 100.0
5.919999999999918, 80.0, 100.0
5.929999999999918, 80.0, 100.0
5.939999999999918, 80.0, 100.0
5.949999999999918, 80.0, 100.0
5.959999999999917, 80.0, 100.0
5.969999999999917, 80.0, 100.0
5.979999999999917, 80.0, 100.0
5.989999999999917, 80.0, 100.0
5.9999999999999165, 80.0, 100.0
6.009999999999916, 80.0, 100.0
6.019999999999916, 80.0, 100.0
6.029999999999916, 80.0, 100.0
6.039999999999916, 80.0, 100.0
6.0499999999999154, 80.0, 100.0
6.059999999999915, 80.0, 100.0
6.069999999999915, 80.0, 100.0
6.079999999999915, 80.0, 100.0
6.089999999999915, 80.0, 100.0
6.099999999999914, 80.0, 100.0
6.109999999999914, 80.0, 100.0
6.119999999999914, 80.0, 100.0
6.129999999999914, 80.0, 100.0
6.1399999999999135, 80.0, 100.0
6.149999999999913, 80.0, 100.0
6.159999999999913, 80.0, 100.0
6.169999999999913, 80.0, 100.0
6.179999999999913, 80.0, 100.0
6.1899999999999125, 80.0, 100.0
6.199999999999912, 80.0, 100.0
6.209999999999912, 80.0, 100.0
6.219999999999912, 80.0, 100.0
6.229999999999912, 80.0, 100.0
6.239999999999911, 80.0, 100.0
6.249999999999911, 80.0, 100.0
6.259999999999911, 80.0, 100.0
6.269999999999911, 80.0, 100.0
6.2799999999999105, 80.0, 100.0
6.28999999999991, 80.0, 100.0
6.29999999999991, 80.0, 100.0
6.30999999999991, 80.0, 100.0
6.31999999999991, 80.0, 100.0
6.3299999999999095, 80.0, 100.0
6.339999999999909, 80.0, 100.0
6.349999999999909, 80.0, 100.0
6.359999999999909, 80.0, 100.0
6.369999999999909, 80.0, 100.0
6.379999999999908, 80.0, 100.0
6.389999999999908, 80.0, 100.0
6.399999999999908, 80.0, 100.0
6.409999999999908, 80.0, 100.0
6.419999999999908, 80.0, 100.0
6.429999999999907, 80.0, 100.0
6.439999999999907, 80.0, 100.0
6.449999999999907, 80.0, 100.0
6.459999999999907, 80.0, 100.0
6.4699999999999065, 80.0, 100.0
6.479999999999906, 80.0, 100.0
6.489999999999906, 80.0, 100.0
6.499999999999906, 80.0, 100.0
6.509999999999906, 80.0, 100.0
6.519999999999905, 80.0, 100.0
6.529999999999905, 80.0, 100.0
6.539999999999905, 80.0, 100.0
6.549999999999905, 80.0, 100.0
6.559999999999905, 80.0, 100.0
6.569999999999904, 80.0, 100.0
6.579999999999904, 80.0, 100.0
6.589999999999904, 80.0, 100.0
6.599999999999904, 80.0, 100.0
6.6099999999999035, 80.0, 100.0
6.619999999999903, 80.0, 100.0
6.629999999999903, 80.0, 100.0
6.639999999999903, 80.0, 100.0
6.649999999999903, 80.0, 100.0
6.659999999999902, 80.0, 100.0
6.669999999999902, 80.0, 100.0
6.679999999999902, 80.0, 100.0
6.689999999999902, 80.0, 100.0
6.699999999999902, 80.0, 100.0
6.709999999999901, 80.0, 100.0
6.719999999999901, 80.0, 100.0
6.729999999999901, 80.0, 100.0
6.739999999999901, 80.0, 100.0
6.7499999999999005, 80.0, 100.0
6.7599999999999, 80.0, 100.0
6.7699999999999, 80.0, 100.0
6.7799999999999, 80.0, 100.0
6.7899999999999, 80.0, 100.0
6.7999999999998995, 80.0, 100.0
6.809999999999899, 80.0, 100.0
6.819999999999899, 80.0, 100.0
6.829999999999899, 80.0, 100.0
6.839999999999899, 80.0, 100.0
6.849999999999898, 80.0, 100.0
6.859999999999898, 80.0, 100.0
6.869999999999898, 80.0, 100.0
6.879999999999898, 80.0, 100.0
6.8899999999998975, 80.0, 100.0
6.899999999999897, 80.0, 100.0
6.909999999999897, 80.0, 100.0
6.919999999999897, 80.0, 100.0
6.929999999999897, 80.0, 100.0
6.9399999999998965, 80.0, 100.0
6.949999999999896, 80.0, 100.0
6.959999999999896, 80.0, 100.0
6.969999999999896, 80.0, 100.0
6.979999999999896, 80.0, 100.0
6.989999999999895, 80.0, 100.0
6.999999999999895, 80.0, 100.0
7.009999999999895, 80.0, 100.0
7.019999999999895, 80.0, 100.0
7.0299999999998946, 80.0, 100.0
7.039999999999894, 80.0, 100.0
7.049999999999894, 80.0, 100.0
7.059999999999894, 80.0, 100.0
7.069999999999894, 80.0, 100.0
7.0799999999998935, 80.0, 100.0
7.089999999999893, 80.0, 100.0
7.099999999999893, 80.0, 100.0
7.109999999999893, 80.0, 100.0
7.119999999999893, 80.0, 100.0
7.129999999999892, 80.0, 100.0
7.139999999999892, 80.0, 100.0
7.149999999999892, 80.0, 100.0
7.159999999999892, 80.0, 100.0
7.169999999999892, 80.0, 100.0
7.179999999999891, 80.0, 100.0
7.189999999999891, 80.0, 100.0
7.199999999999891, 80.0, 100.0
7.209999999999891, 80.0, 100.0
7.2199999999998905, 80.0, 100.0
7.22999999999989, 80.0, 100.0
7.23999999999989, 80.0, 100.0
7.24999999999989, 80.0, 100.0
7.25999999999989, 80.0, 100.0
7.269999999999889, 80.0, 100.0
7.279999999999889, 80.0, 100.0
7.289999999999889, 80.0, 100.0
7.299999999999889, 80.0, 100.0
7.309999999999889, 80.0, 100.0
7.319999999999888, 80.0, 100.0
7.329999999999888, 80.0, 100.0
7.339999999999888, 80.0, 100.0
7.349999999999888, 80.0, 100.0
7.3599999999998875, 80.0, 100.0
7.369999999999887, 80.0, 100.0
7.379999999999887, 80.0, 100.0
7.389999999999887, 80.0, 100.0
7.399999999999887, 80.0, 100.0
7.4099999999998865, 80.0, 100.0
7.419999999999886, 80.0, 100.0
7.429999999999886, 80.0, 100.0
7.439999999999886, 80.0, 100.0
7.449999999999886, 80.0, 100.0
7.459999999999885, 80.0, 100.0
7.469999999999885, 80.0, 100.0
7.479999999999885, 80.0, 100.0
7.489999999999885, 80.0, 100.0
7.4999999999998845, 80.0, 100.0
7.509999999999884, 80.0, 100.0
7.519999999999884, 80.0, 100.0
7.529999999999884, 80.0, 100.0
7.539999999999884, 80.0, 100.0
7.5499999999998835, 80.0, 100.0
7.559999999999883, 80.0, 100.0
7.569999999999883, 80.0, 100.0
7.579999999999883, 80.0, 100.0
7.589999999999883, 80.0, 100.0
7.599999999999882, 80.0, 100.0
7.609999999999882, 80.0, 100.0
7.619999999999882, 80.0, 100.0
7.629999999999882, 80.0, 100.0
7.6399999999998816, 80.0, 100.0
7.649999999999881, 80.0, 100.0
7.659999999999881, 80.0, 100.0
7.669999999999881, 80.0, 100.0
7.679999999999881, 80.0, 100.0
7.6899999999998805, 80.0, 100.0
7.69999999999988, 80.0, 100.0
7.70999999999988, 80.0, 100.0
7.71999999999988, 80.0, 100.0
7.72999999999988, 80.0, 100.0
7.739999999999879, 80.0, 100.0
7.749999999999879, 80.0, 100.0
7.759999999999879, 80.0, 100.0
7.769999999999879, 80.0, 100.0
7.779999999999879, 80.0, 100.0
7.789999999999878, 80.0, 100.0
7.799999999999878, 80.0, 100.0
7.809999999999878, 80.0, 100.0
7.819999999999878, 80.0, 100.0
7.8299999999998775, 80.0, 100.0
7.839999999999877, 80.0, 100.0
7.849999999999877, 80.0, 100.0
7.859999999999877, 80.0, 100.0
7.869999999999877, 80.0, 100.0
7.879999999999876, 80.0, 100.0
7.889999999999876, 80.0, 100.0
7.899999999999876, 80.0, 100.0
7.909999999999876, 80.0, 100.0
7.919999999999876, 80.0, 100.0
7.929999999999875, 80.0, 100.0
7.939999999999875, 80.0, 100.0
7.949999999999875, 80.0, 100.0
7.959999999999875, 80.0, 100.0
7.9699999999998745, 80.0, 100.0
7.979999999999874, 80.0, 100.0
7.989999999999874, 80.0, 100.0
7.999999999999874, 80.0, 100.0
8.009999999999874, 80.0, 100.0
8.019999999999873, 80.0, 100.0
8.029999999999873, 80.0, 100.0
8.039999999999873, 80.0, 100.0
8.049999999999873, 80.0, 100.0
8.059999999999873, 80.0, 100.0
8.069999999999872, 80.0, 100.0
8.079999999999872, 80.0, 100.0
8.089999999999872, 80.0, 100.0
8.099999999999872, 80.0, 100.0
8.109999999999872, 80.0, 100.0
8.119999999999871, 80.0, 100.0
8.129999999999871, 80.0, 100.0
8.139999999999871, 80.0, 100.0
8.14999999999987, 80.0, 100.0
8.15999999999987, 80.0, 100.0
8.16999999999987, 80.0, 100.0
8.17999999999987, 80.0, 100.0
8.18999999999987, 80.0, 100.0
8.19999999999987, 80.0, 100.0
8.20999999999987, 80.0, 100.0
8.21999999999987, 80.0, 100.0
8.229999999999869, 80.0, 100.0
8.239999999999869, 80.0, 100.0
8.249999999999869, 80.0, 100.0
8.259999999999868, 80.0, 100.0
8.269999999999868, 80.0, 100.0
8.279999999999868, 80.0, 100.0
8.289999999999868, 80.0, 100.0
8.299999999999867, 80.0, 100.0
8.309999999999867, 80.0, 100.0
8.319999999999867, 80.0, 100.0
8.329999999999867, 80.0, 100.0
8.339999999999867, 80.0, 100.0
8.349999999999866, 80.0, 100.0
8.359999999999866, 80.0, 100.0
8.369999999999866, 80.0, 100.0
8.379999999999866, 80.0, 100.0
8.389999999999866, 80.0, 100.0
8.399999999999865, 80.0, 100.0
8.409999999999865, 80.0, 100.0
8.419999999999865, 80.0, 100.0
8.429999999999865, 80.0, 100.0
8.439999999999864, 80.0, 100.0
8.449999999999864, 80.0, 100.0
8.459999999999864, 80.0, 100.0
8.469999999999864, 80.0, 100.0
8.479999999999864, 80.0, 100.0
8.489999999999863, 80.0, 100.0
8.499999999999863, 80.0, 100.0
8.509999999999863, 80.0, 100.0
8.519999999999863, 80.0, 100.0
8.529999999999863, 80.0, 100.0
8.539999999999862, 80.0, 100.0
8.549999999999862, 80.0, 100.0
8.559999999999862, 80.0, 100.0
8.569999999999862, 80.0, 100.0
8.579999999999862, 80.0, 100.0
8.589999999999861, 80.0, 100.0
8.599999999999861, 80.0, 100.0
8.60999999999986, 80.0, 100.0
8.61999999999986, 80.0, 100.0
8.62999999999986, 80.0, 100.0
8.63999999999986, 80.0, 100.0
8.64999999999986, 80.0, 100.0
8.65999999999986, 80.0, 100.0
8.66999999999986, 80.0, 100.0
8.67999999999986, 80.0, 100.0
8.68999999999986, 80.0, 100.0
8.699999999999859, 80.0, 100.0
8.709999999999859, 80.0, 100.0
8.719999999999859, 80.0, 100.0
8.729999999999858, 80.0, 100.0
8.739999999999858, 80.0, 100.0
8.749999999999858, 80.0, 100.0
8.759999999999858, 80.0, 100.0
8.769999999999857, 80.0, 100.0
8.779999999999857, 80.0, 100.0
8.789999999999857, 80.0, 100.0
8.799999999999857, 80.0, 100.0
8.809999999999857, 80.0, 100.0
8.819999999999856, 80.0, 100.0
8.829999999999856, 80.0, 100.0
8.839999999999856, 80.0, 100.0
8.849999999999856, 80.0, 100.0
8.859999999999856, 80.0, 100.0
8.869999999999855, 80.0, 100.0
8.879999999999855, 80.0, 100.0
8.889999999999855, 80.0, 100.0
8.899999999999855, 80.0, 100.0
8.909999999999854, 80.0, 100.0
8.919999999999854, 80.0, 100.0
8.929999999999854, 80.0, 100.0
8.939999999999854, 80.0, 100.0
8.949999999999854, 80.0, 100.0
8.959999999999853, 80.0, 100.0
8.969999999999853, 80.0, 100.0
8.979999999999853, 80.0, 100.0
8.989999999999853, 80.0, 100.0
8.999999999999853, 80.0, 100.0
9.009999999999852, 80.0, 100.0
9.019999999999852, 80.0, 100.0
9.029999999999852, 80.0, 100.0
9.039999999999852, 80.0, 100.0
9.049999999999851, 80.0, 100.0
9.059999999999851, 80.0, 100.0
9.069999999999851, 80.0, 100.0
9.07999999999985, 80.0, 100.0
9.08999999999985, 80.0, 100.0
9.09999999999985, 80.0, 100.0
9.10999999999985, 80.0, 100.0
9.11999999999985, 80.0, 100.0
9.12999999999985, 80.0, 100.0
9.13999999999985, 80.0, 100.0
9.14999999999985, 80.0, 100.0
9.15999999999985, 80.0, 100.0
9.169999999999849, 80.0, 100.0
9.179999999999849, 80.0, 100.0
9.189999999999849, 80.0, 100.0
9.199999999999848, 80.0, 100.0
9.209999999999848, 80.0, 100.0
9.219999999999848, 80.0, 100.0
9.229999999999848, 80.0, 100.0
9.239999999999847, 80.0, 100.0
9.249999999999847, 80.0, 100.0
9.259999999999847, 80.0, 100.0
9.269999999999847, 80.0, 100.0
9.279999999999847, 80.0, 100.0
9.289999999999846, 80.0, 100.0
9.299999999999846, 80.0, 100.0
9.309999999999846, 80.0, 100.0
9.319999999999846, 80.0, 100.0
9.329999999999846, 80.0, 100.0
9.339999999999845, 80.0, 100.0
9.349999999999845, 80.0, 100.0
9.359999999999845, 80.0, 100.0
9.369999999999845, 80.0, 100.0
9.379999999999844, 80.0, 100.0
9.389999999999844, 80.0, 100.0
9.399999999999844, 80.0, 100.0
9.409999999999844, 80.0, 100.0
9.419999999999844, 80.0, 100.0
9.429999999999843, 80.0, 100.0
9.439999999999843, 80.0, 100.0
9.449999999999843, 80.0, 100.0
9.459999999999843, 80.0, 100.0
9.469999999999843, 80.0, 100.0
9.479999999999842, 80.0, 100.0
9.489999999999842, 80.0, 100.0
9.499999999999842, 80.0, 100.0
9.509999999999842, 80.0, 100.0
9.519999999999841, 80.0, 100.0
9.529999999999841, 80.0, 100.0
9.539999999999841, 80.0, 100.0
9.54999999999984, 80.0, 100.0
9.55999999999984, 80.0, 100.0
9.56999999999984, 80.0, 100.0
9.57999999999984, 80.0, 100.0
9.58999999999984, 80.0, 100.0
9.59999999999984, 80.0, 100.0
9.60999999999984, 80.0, 100.0
9.61999999999984, 80.0, 100.0
9.62999999999984, 80.0, 100.0
9.639999999999839, 80.0, 100.0
9.649999999999839, 80.0, 100.0
9.659999999999838, 80.0, 100.0
9.669999999999838, 80.0, 100.0
9.679999999999838, 80.0, 100.0
9.689999999999838, 80.0, 100.0
9.699999999999838, 80.0, 100.0
9.709999999999837, 80.0, 100.0
9.719999999999837, 80.0, 100.0
9.729999999999837, 80.0, 100.0
9.739999999999837, 80.0, 100.0
9.749999999999837, 80.0, 100.0
9.759999999999836, 80.0, 100.0
9.769999999999836, 80.0, 100.0
9.779999999999836, 80.0, 100.0
9.789999999999836, 80.0, 100.0
9.799999999999836, 80.0, 100.0
9.809999999999835, 80.0, 100.0
9.819999999999835, 80.0, 100.0
9.829999999999835, 80.0, 100.0
9.839999999999835, 80.0, 100.0
9.849999999999834, 80.0, 100.0
9.859999999999834, 80.0, 100.0
9.869999999999834, 80.0, 100.0
9.879999999999834, 80.0, 100.0
9.889999999999834, 80.0, 100.0
9.899999999999833, 80.0, 100.0
9.909999999999833, 80.0, 100.0
9.919999999999833, 80.0, 100.0
9.929999999999833, 80.0, 100.0
9.939999999999833, 80.0, 100.0
9.949999999999832, 80.0, 100.0
9.959999999999832, 80.0, 100.0
9.969999999999832, 80.0, 100.0
9.979999999999832, 80.0, 100.0
9.989999999999831, 80.0, 100.0
9.999999999999831, 80.0, 100.0
10.009999999999831, 80.0, 100.0
10.01999999999983, 80.0, 100.0
10.02999999999983, 80.0, 100.0
10.03999999999983, 80.0, 100.0
10.04999999999983, 80.0, 100.0
10.05999999999983, 80.0, 100.0
10.06999999999983, 80.0, 100.0
10.07999999999983, 80.0, 100.0
10.08999999999983, 80.0, 100.0
10.09999999999983, 80.0, 100.0
10.109999999999829, 80.0, 100.0
10.119999999999829, 80.0, 100.0
10.129999999999828, 80.0, 100.0
10.139999999999828, 80.0, 100.0
10.149999999999828, 80.0, 100.0
10.159999999999828, 80.0, 100.0
10.169999999999828, 80.0, 100.0
10.179999999999827, 80.0, 100.0
10.189999999999827, 80.0, 100.0
10.199999999999827, 80.0, 100.0
10.209999999999827, 80.0, 100.0
10.219999999999827, 80.0, 100.0
10.229999999999826, 80.0, 100.0
10.239999999999826, 80.0, 100.0
10.249999999999826, 80.0, 100.0
10.259999999999826, 80.0, 100.0
10.269999999999825, 80.0, 100.0
10.279999999999825, 80.0, 100.0
10.289999999999825, 80.0, 100.0
10.299999999999825, 80.0, 100.0
10.309999999999825, 80.0, 100.0
10.319999999999824, 80.0, 100.0
10.329999999999824, 80.0, 100.0
10.339999999999824, 80.0, 100.0
10.349999999999824, 80.0, 100.0
10.359999999999824, 80.0, 100.0
10.369999999999823, 80.0, 100.0
10.379999999999823, 80.0, 100.0
10.389999999999823, 80.0, 100.0
10.399999999999823, 80.0, 100.0
10.409999999999823, 80.0, 100.0
10.419999999999822, 80.0, 100.0
10.429999999999822, 80.0, 100.0
10.439999999999822, 80.0, 100.0
10.449999999999822, 80.0, 100.0
10.459999999999821, 80.0, 100.0
10.469999999999821, 80.0, 100.0
10.479999999999821, 80.0, 100.0
10.48999999999982, 80.0, 100.0
10.49999999999982, 80.0, 100.0
10.50999999999982, 80.0, 100.0
10.51999999999982, 80.0, 100.0
10.52999999999982, 80.0, 100.0
10.53999999999982, 80.0, 100.0
10.54999999999982, 80.0, 100.0
10.55999999999982, 80.0, 100.0
10.569999999999819, 80.0, 100.0
10.579999999999819, 80.0, 100.0
10.589999999999819, 80.0, 100.0
10.599999999999818, 80.0, 100.0
10.609999999999818, 80.0, 100.0
10.619999999999818, 80.0, 100.0
10.629999999999818, 80.0, 100.0
10.639999999999818, 80.0, 100.0
10.649999999999817, 80.0, 100.0
10.659999999999817, 80.0, 100.0
10.669999999999817, 80.0, 100.0
10.679999999999817, 80.0, 100.0
10.689999999999817, 80.0, 100.0
10.699999999999816, 80.0, 100.0
10.709999999999816, 80.0, 100.0
10.719999999999816, 80.0, 100.0
10.729999999999816, 80.0, 100.0
10.739999999999815, 80.0, 100.0
10.749999999999815, 80.0, 100.0
10.759999999999815, 80.0, 100.0
10.769999999999815, 80.0, 100.0
10.779999999999815, 80.0, 100.0
10.789999999999814, 80.0, 100.0
10.799999999999814, 80.0, 100.0
10.809999999999814, 80.0, 100.0
10.819999999999814, 80.0, 100.0
10.829999999999814, 80.0, 100.0
10.839999999999813, 80.0, 100.0
10.849999999999813, 80.0, 100.0
10.859999999999813, 80.0, 100.0
10.869999999999813, 80.0, 100.0
10.879999999999812, 80.0, 100.0
10.889999999999812, 80.0, 100.0
10.899999999999812, 80.0, 100.0
10.909999999999812, 80.0, 100.0
10.919999999999812, 80.0, 100.0
10.929999999999811, 80.0, 100.0
10.939999999999811, 80.0, 100.0
10.949999999999811, 80.0, 100.0
10.95999999999981, 80.0, 100.0
10.96999999999981, 80.0, 100.0
10.97999999999981, 80.0, 100.0
10.98999999999981, 80.0, 100.0
10.99999999999981, 80.0, 100.0
11.00999999999981, 80.0, 100.0
11.01999999999981, 80.0, 100.0
11.02999999999981, 80.0, 100.0
11.039999999999809, 80.0, 100.0
11.049999999999809, 80.0, 100.0
11.059999999999809, 80.0, 100.0
11.069999999999808, 80.0, 100.0
11.079999999999808, 80.0, 100.0
11.089999999999808, 80.0, 100.0
11.099999999999808, 80.0, 100.0
11.109999999999808, 80.0, 100.0
11.119999999999807, 80.0, 100.0
11.129999999999807, 80.0, 100.0
11.139999999999807, 80.0, 100.0
11.149999999999807, 80.0, 100.0
11.159999999999807, 80.0, 100.0
11.169999999999806, 80.0, 100.0
11.179999999999806, 80.0, 100.0
11.189999999999806, 80.0, 100.0
11.199999999999806, 80.0, 100.0
11.209999999999805, 80.0, 100.0
11.219999999999805, 80.0, 100.0
11.229999999999805, 80.0, 100.0
11.239999999999805, 80.0, 100.0
11.249999999999805, 80.0, 100.0
11.259999999999804, 80.0, 100.0
11.269999999999804, 80.0, 100.0
11.279999999999804, 80.0, 100.0
11.289999999999804, 80.0, 100.0
11.299999999999804, 80.0, 100.0
11.309999999999803, 80.0, 100.0
11.319999999999803, 80.0, 100.0
11.329999999999803, 80.0, 100.0
11.339999999999803, 80.0, 100.0
11.349999999999802, 80.0, 100.0
11.359999999999802, 80.0, 100.0
11.369999999999802, 80.0, 100.0
11.379999999999802, 80.0, 100.0
11.389999999999802, 80.0, 100.0
11.399999999999801, 80.0, 100.0
11.409999999999801, 80.0, 100.0
11.419999999999801, 80.0, 100.0
11.4299999999998, 80.0, 100.0
11.4399999999998, 80.0, 100.0
11.4499999999998, 80.0, 100.0
11.4599999999998, 80.0, 100.0
11.4699999999998, 80.0, 100.0
11.4799999999998, 80.0, 100.0
11.4899999999998, 80.0, 100.0
11.4999999999998, 80.0, 100.0
11.509999999999799, 80.0, 100.0
11.519999999999799, 80.0, 100.0
11.529999999999799, 80.0, 100.0
11.539999999999798, 80.0, 100.0
11.549999999999798, 80.0, 100.0
11.559999999999798, 80.0, 100.0
11.569999999999798, 80.0, 100.0
11.579999999999798, 80.0, 100.0
11.589999999999797, 80.0, 100.0
11.599999999999797, 80.0, 100.0
11.609999999999797, 80.0, 100.0
11.619999999999797, 80.0, 100.0
11.629999999999797, 80.0, 100.0
11.639999999999796, 80.0, 100.0
11.649999999999796, 80.0, 100.0
11.659999999999796, 80.0, 100.0
11.669999999999796, 80.0, 100.0
11.679999999999795, 80.0, 100.0
11.689999999999795, 80.0, 100.0
11.699999999999795, 80.0, 100.0
11.709999999999795, 80.0, 100.0
11.719999999999795, 80.0, 100.0
11.729999999999794, 80.0, 100.0
11.739999999999794, 80.0, 100.0
11.749999999999794, 80.0, 100.0
11.759999999999794, 80.0, 100.0
11.769999999999794, 80.0, 100.0
11.779999999999793, 80.0, 100.0
11.789999999999793, 80.0, 100.0
11.799999999999793, 80.0, 100.0
11.809999999999793, 80.0, 100.0
11.819999999999792, 80.0, 100.0
11.829999999999792, 80.0, 100.0
11.839999999999792, 80.0, 100.0
11.849999999999792, 80.0, 100.0
11.859999999999792, 80.0, 100.0
11.869999999999791, 80.0, 100.0
11.879999999999791, 80.0, 100.0
11.889999999999791, 80.0, 100.0
11.89999999999979, 80.0, 100.0
11.90999999999979, 80.0, 100.0
11.91999999999979, 80.0, 100.0
11.92999999999979, 80.0, 100.0
11.93999999999979, 80.0, 100.0
11.94999999999979, 80.0, 100.0
11.95999999999979, 80.0, 100.0
11.96999999999979, 80.0, 100.0
11.979999999999789, 80.0, 100.0
11.989999999999789, 80.0, 100.0
11.999999999999789, 80.0, 100.0
12.009999999999788, 80.0, 100.0
12.019999999999788, 80.0, 100.0
12.029999999999788, 80.0, 100.0
12.039999999999788, 80.0, 100.0
12.049999999999788, 80.0, 100.0
12.059999999999787, 80.0, 100.0
12.069999999999787, 80.0, 100.0
12.079999999999787, 80.0, 100.0
12.089999999999787, 80.0, 100.0
12.099999999999786, 80.0, 100.0
12.109999999999786, 80.0, 100.0
12.119999999999786, 80.0, 100.0
12.129999999999786, 80.0, 100.0
12.139999999999786, 80.0, 100.0
12.149999999999785, 80.0, 100.0
12.159999999999785, 80.0, 100.0
12.169999999999785, 80.0, 100.0
12.179999999999785, 80.0, 100.0
12.189999999999785, 80.0, 100.0
12.199999999999784, 80.0, 100.0
12.209999999999784, 80.0, 100.0
12.219999999999784, 80.0, 100.0
12.229999999999784, 80.0, 100.0
12.239999999999783, 80.0, 100.0
12.249999999999783, 80.0, 100.0
12.259999999999783, 80.0, 100.0
12.269999999999783, 80.0, 100.0
12.279999999999783, 80.0, 100.0
12.289999999999782, 80.0, 100.0
12.299999999999782, 80.0, 100.0
12.309999999999782, 80.0, 100.0
12.319999999999782, 80.0, 100.0
12.329999999999782, 80.0, 100.0
12.339999999999781, 80.0, 100.0
12.349999999999781, 80.0, 100.0
12.359999999999781, 80.0, 100.0
12.36999999999978, 80.0, 100.0
12.37999999999978, 80.0, 100.0
12.38999999999978, 80.0, 100.0
12.39999999999978, 80.0, 100.0
12.40999999999978, 80.0, 100.0
12.41999999999978, 80.0, 100.0
12.42999999999978, 80.0, 100.0
12.43999999999978, 80.0, 100.0
12.449999999999779, 80.0, 100.0
12.459999999999779, 80.0, 100.0
12.469999999999779, 80.0, 100.0
12.479999999999778, 80.0, 100.0
12.489999999999778, 80.0, 100.0
12.499999999999778, 80.0, 100.0
12.509999999999778, 80.0, 100.0
12.519999999999778, 80.0, 100.0
12.529999999999777, 80.0, 100.0
12.539999999999777, 80.0, 100.0
12.549999999999777, 80.0, 100.0
12.559999999999777, 80.0, 100.0
12.569999999999776, 80.0, 100.0
12.579999999999776, 80.0, 100.0
12.589999999999776, 80.0, 100.0
12.599999999999776, 80.0, 100.0
12.609999999999776, 80.0, 100.0
12.619999999999775, 80.0, 100.0
12.629999999999775, 80.0, 100.0
12.639999999999775, 80.0, 100.0
12.649999999999775, 80.0, 100.0
12.659999999999775, 80.0, 100.0
12.669999999999774, 80.0, 100.0
12.679999999999774, 80.0, 100.0
12.689999999999774, 80.0, 100.0
12.699999999999774, 80.0, 100.0
12.709999999999773, 80.0, 100.0
12.719999999999773, 80.0, 100.0
12.729999999999773, 80.0, 100.0
12.739999999999773, 80.0, 100.0
12.749999999999773, 80.0, 100.0
12.759999999999772, 80.0, 100.0
12.769999999999772, 80.0, 100.0
12.779999999999772, 80.0, 100.0
12.789999999999772, 80.0, 100.0
12.799999999999772, 80.0, 100.0
12.809999999999771, 80.0, 100.0
12.819999999999771, 80.0, 100.0
12.829999999999771, 80.0, 100.0
12.83999999999977, 80.0, 100.0
12.84999999999977, 80.0, 100.0
12.85999999999977, 80.0, 100.0
12.86999999999977, 80.0, 100.0
12.87999999999977, 80.0, 100.0
12.88999999999977, 80.0, 100.0
12.89999999999977, 80.0, 100.0
12.90999999999977, 80.0, 100.0
12.919999999999769, 80.0, 100.0
12.929999999999769, 80.0, 100.0
12.939999999999769, 80.0, 100.0
12.939999999999769, 80.0, 100.0
12.949999999999768, 68.3785308547775, 95.38790124708487
12.959999999999768, 58.76975091501345, 87.57414446598574
12.969999999999768, 66.3975314905937, 97.72940121401766
12.979999999999768, 71.3685053224077, 108.78149351989863
12.989999999999768, 73.87884588594302, 119.93483168617657
12.999999999999767, 74.29314834061518, 130.6112574388966
13.009999999999767, 73.0439667147982, 140.4420046459694
13.019999999999767, 70.56162668734856, 149.234076104711
13.029999999999767, 67.23217567464546, 156.92735378781592
13.039999999999766, 63.377464345262624, 163.5527604690454
13.049999999999766, 59.25052195391111, 169.19682348767688
13.059999999999766, 55.040182619466464, 173.97451263686557
13.069999999999766, 50.88035227213383, 178.01013106957484
13.079999999999766, 46.86078823177751, 181.42500420227648
13.089999999999765, 43.03750962364264, 184.33037845776633
13.099999999999765, 39.441876486230875, 186.82400910007163
13.109999999999765, 36.08798470566761, 188.98916975840007
13.119999999999765, 32.9783848899946, 190.89512116030042
13.129999999999765, 30.10831753277255, 192.59836058412247
13.139999999999764, 27.4687272638402, 194.1442056129782
13.149999999999764, 25.048323564954863, 195.56843946765287
13.159999999999764, 22.83492685897068, 196.89886642109488
13.169999999999764, 20.8162978084357, 198.15670515845002
13.179999999999763, 18.980605465326704, 199.35779650666538
13.189999999999763, 17.316652184349866, 200.51362927110736
13.199999999999763, 15.813941991986079, 201.63220140962494
13.209999999999763, 14.462654518423083, 202.71873881385366
13.219999999999763, 13.25356788339099, 203.77629421411274
13.229999999999762, 12.177960013863961, 204.80624654871
13.239999999999762, 11.227507704277997, 205.8087179960158
13.249999999999762, 10.394195394734812, 206.78292259537736
13.259999999999762, 9.67024040878867, 207.7274574183822
13.269999999999762, 9.048037703062434, 208.64054478534794
13.279999999999761, 8.52012462507977, 209.52023209769337
13.289999999999761, 8.079164455371341, 210.36455443937572
13.299999999999761, 7.717946410360765, 211.1716641151466
13.30999999999976, 7.429399147903925, 211.9399306511164
13.31999999999976, 7.206614532321461, 212.66801439555906
13.32999999999976, 7.042878392470738, 213.35491664496024
13.33999999999976, 6.931705175626449, 214.00000911424922
13.34999999999976, 6.866873705437509, 214.60304551689498
13.35999999999976, 6.842461647328477, 215.16415797958763
13.36999999999976, 6.852876730372921, 215.68384095954224
13.37999999999976, 6.892883238434811, 216.16292524292083
13.389999999999759, 6.957622738850909, 216.6025444723721
13.399999999999759, 7.042628443419547, 217.00409647925025
13.409999999999759, 7.143832978679589, 217.3692014859541
13.419999999999758, 7.257569670152168, 217.69965900380151
13.429999999999758, 7.380567712683434, 217.99740499171344
13.439999999999758, 7.509941804562143, 218.26447057125986
13.449999999999758, 7.643176968314539, 218.50294332458583
13.459999999999757, 7.778109370251592, 218.7149319426609
13.469999999999757, 7.91290399013012, 218.90253474994404
13.479999999999757, 8.04602998910067, 219.0678124139129
13.489999999999757, 8.176234586486464, 219.21276495808755
13.499999999999757, 8.302516191997723, 219.33931303747605
13.509999999999756, 8.424097457522894, 219.4492833064328
13.519999999999756, 8.540398818773927, 219.54439760998818
13.529999999999756, 8.651012998025545, 219.62626565889164
13.539999999999756, 8.75568084018432, 219.69638080319376
13.549999999999756, 8.854268759588265, 219.7561184959149
13.559999999999755, 8.946747987358078, 219.80673703366296
13.569999999999755, 9.033175730906617, 219.84938017136494
13.579999999999755, 9.113678289605172, 219.8850812300843
13.589999999999755, 9.188436114107994, 219.91476834697656
13.599999999999755, 9.257670751357706, 219.93927055191708
13.609999999999754, 9.321633582283443, 219.95932439374167
13.619999999999754, 9.380596233783873, 219.9755808783322
13.629999999999754, 9.434842529671803, 219.98861251933386
13.639999999999754, 9.484661835648996, 219.99892033888597
13.649999999999753, 9.530343649853512, 220.00694068952373
13.659999999999753, 9.572173291885683, 220.01305179881194
13.669999999999753, 9.610428548361055, 220.0175799650182
13.679999999999753, 9.645377140957345, 220.02080535514432
13.689999999999753, 9.677274892743334, 220.02296737599562
13.699999999999752, 9.706364479559895, 220.02426960488285
13.709999999999752, 9.732874664759105, 220.02488427930442
13.719999999999752, 9.75701992721352, 220.02495635487836
13.729999999999752, 9.779000403814967, 220.02460714823985
13.739999999999752, 9.79900207842149, 220.02393758694453
13.749999999999751, 9.817197159198626, 220.02303109196433
13.759999999999751, 9.833744595424315, 220.02195612045125
13.76999999999975, 9.848790693029647, 220.02076839736247
13.77999999999975, 9.862469795419006, 220.0195128645459
13.78999999999975, 9.874905002475076, 220.01822537519948
13.79999999999975, 9.886208906152135, 220.0169341604281
13.80999999999975, 9.89648432575689, 220.01566109308618
13.81999999999975, 9.905825029980617, 220.01442277233807
13.82999999999975, 9.91431643605491, 220.01323145049406
13.83999999999975, 9.922036279132119, 220.01209582176747
13.84999999999975, 9.929055247213963, 220.0110216907047
13.859999999999749, 9.935437578737877, 220.0100125362115
13.869999999999749, 9.941241621344354, 220.00906998536448
13.879999999999749, 9.946520351448418, 220.00819420957575
13.889999999999748, 9.951321855076324, 220.00738425418353
13.899999999999748, 9.955689771050187, 220.00663831117632
13.909999999999748, 9.959663698048658, 220.00595394352206
13.919999999999748, 9.96327956737461, 220.00532826846575
13.929999999999747, 9.966569983450537, 220.00475810616842
13.939999999999747, 9.969564534163096, 220.0042400991854
13.949999999999747, 9.97229007321044, 220.00377080750843
13.959999999999747, 9.974770976586331, 220.00334678321872
13.969999999999747, 9.977029375277306, 220.0029646282067
13.979999999999746, 9.97908536616424, 220.0026210378993
13.989999999999746, 9.980957203016576, 220.0023128334894
13.999999999999746, 9.982661469352983, 220.00203698477767
14.009999999999746, 9.984213234821834, 220.0017906254045
14.019999999999746, 9.985626196632712, 220.0015710619662
14.029999999999745, 9.986912807449281, 220.00137577826456
14.039999999999745, 9.98808439103645, 220.00120243573286
14.049999999999745, 9.989151246842566, 220.00104887090245
14.059999999999745, 9.990122744591241, 220.00091309062492
14.069999999999744, 9.991007409858106, 220.00079326563718
14.079999999999744, 9.99181300151552, 220.00068772294944
14.089999999999744, 9.992546581843218, 220.00059493744496
14.099999999999744, 9.993214580024778, 220.00051352300534
14.109999999999744, 9.993822849678569, 220.0004422234105
14.119999999999743, 9.99437672100703, 220.00037990321007
14.129999999999743, 9.994881048089438, 220.00032553871878
14.139999999999743, 9.995340251790301, 220.00027820925138
14.149999999999743, 9.995758358707699, 220.00023708868324
14.159999999999743, 9.996139036542925, 220.00020143739818
14.169999999999742, 9.996485626234184, 220.00017059466427
14.179999999999742, 9.996801171162481, 220.0001439714635
14.189999999999742, 9.997088443706838, 220.00012104378717
14.199999999999742, 9.997349969398224, 220.00010134639945
14.209999999999742, 9.997588048896722, 220.00008446706332
14.219999999999741, 9.997804777994249, 220.00007004121704
14.229999999999741, 9.998002065825272, 220.00005774708487
14.23999999999974, 9.99818165145012, 220.0000473012026
14.24999999999974, 9.998345118959614, 220.00003845433616
14.25999999999974, 9.998493911235418, 220.00003098776995
14.26999999999974, 9.998629342487718, 220.00002470994144
14.27999999999974, 9.998752609680384, 220.00001945339795
14.28999999999974, 9.998864802943386, 220.00001507205172
14.29999999999974, 9.998966915063015, 220.0000114387103
14.30999999999974, 9.999059850132081, 220.00000844285987
14.30999999999974, 9.999144431434718, 220.00000598868013
14.31999999999974, 25.201894843602332, 218.27708210637715
14.329999999999739, 38.976772007765106, 215.61903995459298
14.339999999999739, 51.38012681613569, 212.28554885247195
14.349999999999739, 62.493499845538516, 208.49304215653387
14.359999999999738, 72.41347008155884, 204.41816950503625
14.369999999999738, 81.24386895005188, 200.20213200684688
14.379999999999738, 89.09002607103315, 195.9553567679746
14.389999999999738, 96.05469720850299, 191.7621373113562
14.399999999999737, 102.2353405650089, 187.68500049422823
14.409999999999737, 107.72244126305374, 183.76866181391804
14.419999999999737, 112.59862592204291, 180.0435043276238
14.429999999999737, 116.93835321778985, 176.52856702016024
14.439999999999737, 120.80800817983211, 173.23406133719456
14.449999999999736, 124.26626550171595, 170.16345419078382
14.459999999999736, 127.36461931324715, 167.31516575158594
14.469999999999736, 130.14800350757315, 164.6839337430234
14.479999999999736, 132.6554481400459, 162.261895039791
14.489999999999736, 134.9207341957595, 160.03943184954844
14.499999999999735, 136.97302184412575, 158.00582484089705
14.509999999999735, 138.83743685816265, 156.1497501090798
14.519999999999735, 140.53560682187154, 154.45965138899493
14.529999999999735, 142.08614365211406, 152.92401376548403
14.539999999999734, 143.50507230416815, 151.53156047470867
14.549999999999734, 144.80620770729658, 150.27139031605
14.559999999999734, 146.00148330249195, 149.13306971273832
14.569999999999734, 147.10123527354625, 148.10669054194508
14.579999999999734, 148.11444686083888, 147.18290244948707
14.589999999999733, 149.0489571635354, 146.35292640860536
14.599999999999733, 149.91163867162703, 145.60855471234967
14.609999999999733, 150.7085474969023, 144.94214134344898
14.619999999999733, 151.44504994212602, 144.34658568806935
14.629999999999733, 152.1259286947642, 143.81531180101948
14.639999999999732, 152.75547157805863, 143.34224484712104
14.649999999999732, 153.3375454522176, 142.92178590062994
14.659999999999732, 153.87565754015168, 142.54878595188015
14.669999999999732, 154.37300615974556, 142.21851972324106
14.679999999999731, 154.83252257967737, 141.92665971521927
14.689999999999731, 155.2569054781535, 141.66925077225474
14.699999999999731, 155.64864927248766, 141.44268536392903
14.70999999999973, 156.01006740053356, 141.24367971112983
14.71999999999973, 156.34331147062778, 141.0692508406366
14.72999999999973, 156.65038705289214, 140.9166946198475
14.73999999999973, 156.93316675949404, 140.78356480163157
14.74999999999973, 157.19340115287937, 140.66765309437497
14.75999999999973, 157.4327279273141, 140.56697026188758
14.76999999999973, 157.65267972867204, 140.47972825032687
14.77999999999973, 157.85469090879948, 140.40432333356847
14.78999999999973, 158.04010345261233, 140.33932026378577
14.799999999999729, 158.21017226710117, 140.2834374099469
14.809999999999729, 158.36606998050317, 140.23553286324827
14.819999999999729, 158.50889136602507, 140.19459148506317
14.829999999999728, 158.63965747673478, 140.15971286976264
14.839999999999728, 158.75931955573978, 140.1301001917799
14.849999999999728, 158.8687627677782, 140.10504990358697
14.859999999999728, 158.96880978418085, 140.0839422488812
14.869999999999727, 159.0602242422111, 140.0662325532864
14.879999999999727, 159.14371409151482, 140.05144325329664
14.889999999999727, 159.21993483433923, 140.03915662304775
14.899999999999727, 159.28949266189287, 140.02900815780185
14.909999999999727, 159.35294748636096, 140.02068057276293
14.919999999999726, 159.41081586635386, 140.0138983759861
14.929999999999726, 159.4635738226904, 140.00842297466966
14.939999999999726, 159.51165954118713, 140.00404827498664
14.949999999999726, 159.5554759593562, 140.00059673677748
14.959999999999726, 159.5953932344651, 139.99791584584327
14.969999999999725, 159.6317510911621, 139.99587496819814
14.979999999999725, 159.6648610477305, 139.99436255241736
14.989999999999725, 159.69500852093233, 139.99328364810802
14.999999999999725, 159.72245481028514, 139.99255771049167
15.009999999999724, 159.74743896344756, 139.99211666308742
15.019999999999724, 159.77017952514254, 139.99190319248595
15.029999999999724, 159.79087617270991, 139.99186925118315
15.039999999999724, 159.8097112419405, 139.9919747463732
15.049999999999724, 159.82685114730242, 139.992186394467
15.059999999999723, 159.842447701029, 139.99247672288706
15.069999999999723, 159.85663933580076, 139.99282320238422
15.079999999999723, 159.86955223593037, 139.99320749471858
15.089999999999723, 159.881301382057, 139.99361480203936
15.099999999999723, 159.8919915143854, 139.99403330568697
15.109999999999722, 159.90171801947437, 139.99445368342342
15.119999999999722, 159.9105677454974, 139.99486869527718
15.129999999999722, 159.91861975077742, 139.9952728292674
15.139999999999722, 159.92594599024144, 139.9956619992557
15.149999999999721, 159.93261194425986, 139.99603328806487
15.159999999999721, 159.93867719413652, 139.99638472980948
15.169999999999721, 159.94419594830174, 139.99671512610732
15.17999999999972, 159.94921752304035, 139.997023891491
15.18999999999972, 159.95378678136177, 139.9973109239197
15.19999999999972, 159.9579445333948, 139.99757649680814
15.20999999999972, 159.96172790146767, 139.9978211694504
15.21999999999972, 159.96517065281668, 139.99804571312268
15.22999999999972, 159.9683035026572, 139.99825105050942
15.23999999999972, 159.97115439014868, 139.99843820641397
15.24999999999972, 159.97374872959352, 139.99860826799363
15.25999999999972, 159.97610963902608, 139.99876235300374
15.269999999999719, 159.97825814817745, 139.9989015847482
15.279999999999719, 159.9802133876388, 139.99902707262146
15.289999999999718, 159.98199276089574, 139.9991398972883
15.299999999999718, 159.98361210076501, 139.99924109968987
15.309999999999718, 159.98508581163458, 139.9993316731857
15.319999999999718, 159.98642699878664, 139.999412558248
15.329999999999718, 159.98764758597207, 139.99948463921478
15.339999999999717, 159.98875842230117, 139.99954874268806
15.349999999999717, 159.9897693794219, 139.99960563722965
15.359999999999717, 159.9906894398689, 139.99965603406534
15.369999999999717, 159.99152677738843, 139.99970058855774
15.379999999999717, 159.99228882997033, 139.9997399022494
15.389999999999716, 159.99298236625296, 139.99977452531402
15.399999999999716, 159.9936135459054, 139.99980495928406
15.409999999999716, 159.99418797453674, 139.9998316599472
15.419999999999716, 159.9947107536321, 139.9998550403273
15.429999999999715, 159.99518652596802, 139.99987547368224
15.439999999999715, 159.9956195169203, 139.99989329646624
15.449999999999715, 159.99601357203767, 139.99990881121698
15.459999999999715, 159.99637219122138, 139.99992228933777
15.469999999999715, 159.9966985598195, 139.99993397375366
15.479999999999714, 159.99699557691574, 139.9999440814269
15.489999999999714, 159.99726588106813, 139.99995280572307
15.499999999999714, 159.9975118737281, 139.9999603186234
15.509999999999714, 159.99773574055052, 139.99996677278224
15.519999999999714, 159.99793947078547, 139.99997230343158
15.529999999999713, 159.99812487492508, 139.99997703013628
15.539999999999713, 159.99829360076336, 139.99998105840564
15.549999999999713, 159.99844714801188, 139.99998448116753
15.559999999999713, 159.9985868816019, 139.99998738011243
15.569999999999713, 159.99871404379124, 139.99998982691514
15.579999999999712, 159.9988297651833, 139.99999188434205
15.589999999999712, 159.99893507475667, 139.99999360725187
15.599999999999712, 159.99903090899372, 139.99999504349788
