0.01, 50.0, 50.0
0.02, 50.0, 50.0
0.03, 50.0, 50.0
0.04, 50.0, 50.0
0.05, 50.0, 50.0
0.060000000000000005, 50.0, 50.0
0.07, 50.0, 50.0
0.08, 50.0, 50.0
0.09, 50.0, 50.0
0.09999999999999999, 50.0, 50.0
0.10999999999999999, 50.0, 50.0
0.11999999999999998, 50.0, 50.0
0.12999999999999998, 50.0, 50.0
0.13999999999999999, 50.0, 50.0
0.15, 50.0, 50.0
0.16, 50.0, 50.0
0.17, 50.0, 50.0
0.18000000000000002, 50.0, 50.0
0.19000000000000003, 50.0, 50.0
0.20000000000000004, 50.0, 50.0
0.21000000000000005, 50.0, 50.0
0.22000000000000006, 50.0, 50.0
0.23000000000000007, 50.0, 50.0
0.24000000000000007, 50.0, 50.0
0.25000000000000006, 50.0, 50.0
0.26000000000000006, 50.0, 50.0
0.2700000000000001, 50.0, 50.0
0.2800000000000001, 50.0, 50.0
0.2900000000000001, 50.0, 50.0
0.3000000000000001, 50.0, 50.0
0.3100000000000001, 50.0, 50.0
0.3200000000000001, 50.0, 50.0
0.3300000000000001, 50.0, 50.0
0.34000000000000014, 50.0, 50.0
0.35000000000000014, 50.0, 50.0
0.36000000000000015, 50.0, 50.0
0.37000000000000016, 50.0, 50.0
0.38000000000000017, 50.0, 50.0
0.3900000000000002, 50.0, 50.0
0.4000000000000002, 50.0, 50.0
0.4100000000000002, 50.0, 50.0
0.4200000000000002, 50.0, 50.0
0.4300000000000002, 50.0, 50.0
0.4400000000000002, 50.0, 50.0
0.45000000000000023, 50.0, 50.0
0.46000000000000024, 50.0, 50.0
0.47000000000000025, 50.0, 50.0
0.48000000000000026, 50.0, 50.0
0.49000000000000027, 50.0, 50.0
0.5000000000000002, 50.0, 50.0
0.5100000000000002, 50.0, 50.0
0.5200000000000002, 50.0, 50.0
0.5300000000000002, 50.0, 50.0
0.5400000000000003, 50.0, 50.0
0.5500000000000003, 50.0, 50.0
0.5600000000000003, 50.0, 50.0
0.5700000000000003, 50.0, 50.0
0.5800000000000003, 50.0, 50.0
0.5900000000000003, 50.0, 50.0
0.6000000000000003, 50.0, 50.0
0.6100000000000003, 50.0, 50.0
0.6200000000000003, 50.0, 50.0
0.6300000000000003, 50.0, 50.0
0.6400000000000003, 50.0, 50.0
0.6500000000000004, 50.0, 50.0
0.6600000000000004, 50.0, 50.0
0.6700000000000004, 50.0, 50.0
0.6800000000000004, 50.0, 50.0
0.6900000000000004, 50.0, 50.0
0.7000000000000004, 50.0, 50.0
0.7100000000000004, 50.0, 50.0
0.7200000000000004, 50.0, 50.0
0.7300000000000004, 50.0, 50.0
0.7400000000000004, 50.0, 50.0
0.7500000000000004, 50.0, 50.0
0.7600000000000005, 50.0, 50.0
0.7700000000000005, 50.0, 50.0
0.7800000000000005, 50.0, 50.0
0.7900000000000005, 50.0, 50.0
0.8000000000000005, 50.0, 50.0
0.8100000000000005, 50.0, 50.0
0.8200000000000005, 50.0, 50.0
0.8300000000000005, 50.0, 50.0
0.8400000000000005, 50.0, 50.0
0.8500000000000005, 50.0, 50.0
0.8600000000000005, 50.0, 50.0
0.8700000000000006, 50.0, 50.0
0.8800000000000006, 50.0, 50.0
0.8900000000000006, 50.0, 50.0
0.9000000000000006, 50.0, 50.0
0.9100000000000006, 50.0, 50.0
0.9200000000000006, 50.0, 50.0
0.9300000000000006, 50.0, 50.0
0.9400000000000006, 50.0, 50.0
0.9500000000000006, 50.0, 50.0
0.9600000000000006, 50.0, 50.0
0.9700000000000006, 50.0, 50.0
0.9800000000000006, 50.0, 50.0
0.9900000000000007, 50.0, 50.0
1.0000000000000007, 50.0, 50.0
1.0100000000000007, 50.0, 50.0
1.0200000000000007, 50.0, 50.0
1.0300000000000007, 50.0, 50.0
1.0400000000000007, 50.0, 50.0
1.0500000000000007, 50.0, 50.0
1.0600000000000007, 50.0, 50.0
1.0700000000000007, 50.0, 50.0
1.0800000000000007, 50.0, 50.0
1.0900000000000007, 50.0, 50.0
1.1000000000000008, 50.0, 50.0
1.1100000000000008, 50.0, 50.0
1.1200000000000008, 50.0, 50.0
1.1300000000000008, 50.0, 50.0
1.1400000000000008, 50.0, 50.0
1.1500000000000008, 50.0, 50.0
1.1600000000000008, 50.0, 50.0
1.1700000000000008, 50.0, 50.0
1.1800000000000008, 50.0, 50.0
1.1900000000000008, 50.0, 50.0
1.2000000000000008, 50.0, 50.0
1.2100000000000009, 50.0, 50.0
1.2200000000000009, 50.0, 50.0
1.2300000000000009, 50.0, 50.0
1.2400000000000009, 50.0, 50.0
1.2500000000000009, 50.0, 50.0
1.260000000000001, 50.0, 50.0
1.270000000000001, 50.0, 50.0
1.280000000000001, 50.0, 50.0
1.290000000000001, 50.0, 50.0
1.300000000000001, 50.0, 50.0
1.310000000000001, 50.0, 50.0
1.320000000000001, 50.0, 50.0
1.330000000000001, 50.0, 50.0
1.340000000000001, 50.0, 50.0
1.350000000000001, 50.0, 50.0
1.360000000000001, 50.0, 50.0
1.370000000000001, 50.0, 50.0
1.380000000000001, 50.0, 50.0
1.390000000000001, 50.0, 50.0
1.400000000000001, 50.0, 50.0
1.410000000000001, 50.0, 50.0
1.420000000000001, 50.0, 50.0
1.430000000000001, 50.0, 50.0
1.440000000000001, 50.0, 50.0
1.450000000000001, 50.0, 50.0
1.460000000000001, 50.0, 50.0
1.470000000000001, 50.0, 50.0
1.480000000000001, 50.0, 50.0
1.490000000000001, 50.0, 50.0
1.500000000000001, 50.0, 50.0
1.5100000000000011, 50.0, 50.0
1.5200000000000011, 50.0, 50.0
1.5300000000000011, 50.0, 50.0
1.5400000000000011, 50.0, 50.0
1.5500000000000012, 50.0, 50.0
1.5600000000000012, 50.0, 50.0
1.5700000000000012, 50.0, 50.0
1.5800000000000012, 50.0, 50.0
1.5900000000000012, 50.0, 50.0
1.6000000000000012, 50.0, 50.0
1.6100000000000012, 50.0, 50.0
1.6200000000000012, 50.0, 50.0
1.6300000000000012, 50.0, 50.0
1.6400000000000012, 50.0, 50.0
1.6500000000000012, 50.0, 50.0
1.6600000000000013, 50.0, 50.0
1.6700000000000013, 50.0, 50.0
1.6800000000000013, 50.0, 50.0
1.6900000000000013, 50.0, 50.0
1.7000000000000013, 50.0, 50.0
1.7100000000000013, 50.0, 50.0
1.7200000000000013, 50.0, 50.0
1.7300000000000013, 50.0, 50.0
1.7400000000000013, 50.0, 50.0
1.7500000000000013, 50.0, 50.0
1.7600000000000013, 50.0, 50.0
1.7700000000000014, 50.0, 50.0
1.7800000000000014, 50.0, 50.0
1.7900000000000014, 50.0, 50.0
1.8000000000000014, 50.0, 50.0
1.8100000000000014, 50.0, 50.0
1.8200000000000014, 50.0, 50.0
1.8300000000000014, 50.0, 50.0
1.8400000000000014, 50.0, 50.0
1.8500000000000014, 50.0, 50.0
1.8600000000000014, 50.0, 50.0
1.8700000000000014, 50.0, 50.0
1.8800000000000014, 50.0, 50.0
1.8900000000000015, 50.0, 50.0
1.9000000000000015, 50.0, 50.0
1.9100000000000015, 50.0, 50.0
1.9200000000000015, 50.0, 50.0
1.9300000000000015, 50.0, 50.0
1.9400000000000015, 50.0, 50.0
1.9500000000000015, 50.0, 50.0
1.9600000000000015, 50.0, 50.0
1.9700000000000015, 50.0, 50.0
1.9800000000000015, 50.0, 50.0
1.9900000000000015, 50.0, 50.0
2.0000000000000013, 50.0, 50.0
2.010000000000001, 50.0, 50.0
2.020000000000001, 50.0, 50.0
2.0300000000000007, 50.0, 50.0
2.0400000000000005, 50.0, 50.0
2.0500000000000003, 50.0, 50.0
2.06, 50.0, 50.0
2.07, 50.0, 50.0
2.0799999999999996, 50.0, 50.0
2.0899999999999994, 50.0, 50.0
2.099999999999999, 50.0, 50.0
2.109999999999999, 50.0, 50.0
2.1199999999999988, 50.0, 50.0
2.1299999999999986, 50.0, 50.0
2.1399999999999983, 50.0, 50.0
2.149999999999998, 50.0, 50.0
2.159999999999998, 50.0, 50.0
2.1699999999999977, 50.0, 50.0
2.1799999999999975, 50.0, 50.0
2.1899999999999973, 50.0, 50.0
2.199999999999997, 50.0, 50.0
2.209999999999997, 50.0, 50.0
2.2199999999999966, 50.0, 50.0
2.2299999999999964, 50.0, 50.0
2.239999999999996, 50.0, 50.0
2.249999999999996, 50.0, 50.0
2.259999999999996, 50.0, 50.0
2.2699999999999956, 50.0, 50.0
2.2799999999999954, 50.0, 50.0
2.289999999999995, 50.0, 50.0
2.299999999999995, 50.0, 50.0
2.3099999999999947, 50.0, 50.0
2.3199999999999945, 50.0, 50.0
2.3299999999999943, 50.0, 50.0
2.339999999999994, 50.0, 50.0
2.349999999999994, 50.0, 50.0
2.3599999999999937, 50.0, 50.0
2.3699999999999934, 50.0, 50.0
2.3799999999999932, 50.0, 50.0
2.389999999999993, 50.0, 50.0
2.399999999999993, 50.0, 50.0
2.4099999999999926, 50.0, 50.0
2.4199999999999924, 50.0, 50.0
2.429999999999992, 50.0, 50.0
2.439999999999992, 50.0, 50.0
2.4499999999999917, 50.0, 50.0
2.4599999999999915, 50.0, 50.0
2.4699999999999913, 50.0, 50.0
2.479999999999991, 50.0, 50.0
2.489999999999991, 50.0, 50.0
2.4999999999999907, 50.0, 50.0
2.5099999999999905, 50.0, 50.0
2.5199999999999902, 50.0, 50.0
2.52999999999999, 50.0, 50.0
2.53999999999999, 50.0, 50.0
2.5499999999999896, 50.0, 50.0
2.5599999999999894, 50.0, 50.0
2.569999999999989, 50.0, 50.0
2.579999999999989, 50.0, 50.0
2.5899999999999888, 50.0, 50.0
2.5999999999999885, 50.0, 50.0
2.6099999999999883, 50.0, 50.0
2.619999999999988, 50.0, 50.0
2.629999999999988, 50.0, 50.0
2.6399999999999877, 50.0, 50.0
2.6499999999999875, 50.0, 50.0
2.6599999999999873, 50.0, 50.0
2.669999999999987, 50.0, 50.0
2.679999999999987, 50.0, 50.0
2.6899999999999866, 50.0, 50.0
2.6999999999999864, 50.0, 50.0
2.709999999999986, 50.0, 50.0
2.719999999999986, 50.0, 50.0
2.7299999999999858, 50.0, 50.0
2.7399999999999856, 50.0, 50.0
2.7499999999999853, 50.0, 50.0
2.759999999999985, 50.0, 50.0
2.769999999999985, 50.0, 50.0
2.7799999999999847, 50.0, 50.0
2.7899999999999845, 50.0, 50.0
2.7999999999999843, 50.0, 50.0
2.809999999999984, 50.0, 50.0
2.819999999999984, 50.0, 50.0
2.8299999999999836, 50.0, 50.0
2.8399999999999834, 50.0, 50.0
2.849999999999983, 50.0, 50.0
2.859999999999983, 50.0, 50.0
2.869999999999983, 50.0, 50.0
2.8799999999999826, 50.0, 50.0
2.8899999999999824, 50.0, 50.0
2.899999999999982, 50.0, 50.0
2.909999999999982, 50.0, 50.0
2.9199999999999817, 50.0, 50.0
2.9299999999999815, 50.0, 50.0
2.9399999999999813, 50.0, 50.0
2.949999999999981, 50.0, 50.0
2.959999999999981, 50.0, 50.0
2.9699999999999807, 50.0, 50.0
2.9799999999999804, 50.0, 50.0
2.9899999999999802, 50.0, 50.0
2.99999999999998, 50.0, 50.0
3.00999999999998, 50.0, 50.0
3.0199999999999796, 50.0, 50.0
3.0299999999999794, 50.0, 50.0
3.039999999999979, 50.0, 50.0
3.049999999999979, 50.0, 50.0
3.0599999999999787, 50.0, 50.0
3.0699999999999785, 50.0, 50.0
3.0799999999999783, 50.0, 50.0
3.089999999999978, 50.0, 50.0
3.099999999999978, 50.0, 50.0
3.1099999999999777, 50.0, 50.0
3.1199999999999775, 50.0, 50.0
3.1299999999999772, 50.0, 50.0
3.139999999999977, 50.0, 50.0
3.149999999999977, 50.0, 50.0
3.1599999999999766, 50.0, 50.0
3.1699999999999764, 50.0, 50.0
3.179999999999976, 50.0, 50.0
3.189999999999976, 50.0, 50.0
3.1999999999999758, 50.0, 50.0
3.2099999999999755, 50.0, 50.0
3.2199999999999753, 50.0, 50.0
3.229999999999975, 50.0, 50.0
3.239999999999975, 50.0, 50.0
3.2499999999999747, 50.0, 50.0
3.2599999999999745, 50.0, 50.0
3.2699999999999743, 50.0, 50.0
3.279999999999974, 50.0, 50.0
3.289999999999974, 50.0, 50.0
3.2999999999999736, 50.0, 50.0
3.3099999999999734, 50.0, 50.0
3.319999999999973, 50.0, 50.0
3.329999999999973, 50.0, 50.0
3.3399999999999728, 50.0, 50.0
3.3499999999999726, 50.0, 50.0
3.3599999999999723, 50.0, 50.0
3.369999999999972, 50.0, 50.0
3.379999999999972, 50.0, 50.0
3.3899999999999717, 50.0, 50.0
3.3999999999999715, 50.0, 50.0
3.4099999999999713, 50.0, 50.0
3.419999999999971, 50.0, 50.0
3.429999999999971, 50.0, 50.0
3.4399999999999706, 50.0, 50.0
3.4499999999999704, 50.0, 50.0
3.45999999999997, 50.0, 50.0
3.46999999999997, 50.0, 50.0
3.47999999999997, 50.0, 50.0
3.4899999999999696, 50.0, 50.0
3.4999999999999694, 50.0, 50.0
3.509999999999969, 50.0, 50.0
3.519999999999969, 50.0, 50.0
3.5299999999999687, 50.0, 50.0
3.5399999999999685, 50.0, 50.0
3.5499999999999683, 50.0, 50.0
3.559999999999968, 50.0, 50.0
3.569999999999968, 50.0, 50.0
3.5799999999999677, 50.0, 50.0
3.5899999999999674, 50.0, 50.0
3.5999999999999672, 50.0, 50.0
3.609999999999967, 50.0, 50.0
3.619999999999967, 50.0, 50.0
3.6299999999999666, 50.0, 50.0
3.6399999999999664, 50.0, 50.0
3.649999999999966, 50.0, 50.0
3.659999999999966, 50.0, 50.0
3.6699999999999657, 50.0, 50.0
3.6799999999999655, 50.0, 50.0
3.6899999999999653, 50.0, 50.0
3.699999999999965, 50.0, 50.0
3.709999999999965, 50.0, 50.0
3.7199999999999647, 50.0, 50.0
3.7299999999999645, 50.0, 50.0
3.7399999999999642, 50.0, 50.0
3.749999999999964, 50.0, 50.0
3.759999999999964, 50.0, 50.0
3.7699999999999636, 50.0, 50.0
3.7799999999999634, 50.0, 50.0
3.789999999999963, 50.0, 50.0
3.799999999999963, 50.0, 50.0
3.8099999999999627, 50.0, 50.0
3.8199999999999625, 50.0, 50.0
3.8299999999999623, 50.0, 50.0
3.839999999999962, 50.0, 50.0
3.849999999999962, 50.0, 50.0
3.8599999999999617, 50.0, 50.0
3.8699999999999615, 50.0, 50.0
3.8799999999999613, 50.0, 50.0
3.889999999999961, 50.0, 50.0
3.899999999999961, 50.0, 50.0
3.9099999999999606, 50.0, 50.0
3.9199999999999604, 50.0, 50.0
3.92999999999996, 50.0, 50.0
3.93999999999996, 50.0, 50.0
3.9499999999999598, 50.0, 50.0
3.9599999999999596, 50.0, 50.0
3.9699999999999593, 50.0, 50.0
3.979999999999959, 50.0, 50.0
3.989999999999959, 50.0, 50.0
3.9999999999999587, 50.0, 50.0
4.009999999999959, 50.0, 50.0
4.019999999999959, 50.0, 50.0
4.0299999999999585, 50.0, 50.0
4.039999999999958, 50.0, 50.0
4.049999999999958, 50.0, 50.0
4.059999999999958, 50.0, 50.0
4.069999999999958, 50.0, 50.0
4.079999999999957, 50.0, 50.0
4.089999999999957, 50.0, 50.0
4.099999999999957, 50.0, 50.0
4.109999999999957, 50.0, 50.0
4.119999999999957, 50.0, 50.0
4.129999999999956, 50.0, 50.0
4.139999999999956, 50.0, 50.0
4.149999999999956, 50.0, 50.0
4.159999999999956, 50.0, 50.0
4.1699999999999555, 50.0, 50.0
4.179999999999955, 50.0, 50.0
4.189999999999955, 50.0, 50.0
4.199999999999955, 50.0, 50.0
4.209999999999955, 50.0, 50.0
4.2199999999999545, 50.0, 50.0
4.229999999999954, 50.0, 50.0
4.239999999999954, 50.0, 50.0
4.249999999999954, 50.0, 50.0
4.259999999999954, 50.0, 50.0
4.269999999999953, 50.0, 50.0
4.279999999999953, 50.0, 50.0
4.289999999999953, 50.0, 50.0
4.299999999999953, 50.0, 50.0
4.3099999999999525, 50.0, 50.0
4.319999999999952, 50.0, 50.0
4.329999999999952, 50.0, 50.0
4.339999999999952, 50.0, 50.0
4.349999999999952, 50.0, 50.0
4.3599999999999515, 50.0, 50.0
4.369999999999951, 50.0, 50.0
4.379999999999951, 50.0, 50.0
4.389999999999951, 50.0, 50.0
4.399999999999951, 50.0, 50.0
4.40999999999995, 50.0, 50.0
4.41999999999995, 50.0, 50.0
4.42999999999995, 50.0, 50.0
4.43999999999995, 50.0, 50.0
4.4499999999999496, 50.0, 50.0
4.459999999999949, 50.0, 50.0
4.469999999999949, 50.0, 50.0
4.479999999999949, 50.0, 50.0
4.489999999999949, 50.0, 50.0
4.4999999999999485, 50.0, 50.0
4.509999999999948, 50.0, 50.0
4.519999999999948, 50.0, 50.0
4.529999999999948, 50.0, 50.0
4.539999999999948, 50.0, 50.0
4.549999999999947, 50.0, 50.0
4.559999999999947, 50.0, 50.0
4.569999999999947, 50.0, 50.0
4.579999999999947, 50.0, 50.0
4.589999999999947, 50.0, 50.0
4.599999999999946, 50.0, 50.0
4.609999999999946, 50.0, 50.0
4.619999999999946, 50.0, 50.0
4.629999999999946, 50.0, 50.0
4.6399999999999455, 50.0, 50.0
4.649999999999945, 50.0, 50.0
4.659999999999945, 50.0, 50.0
4.669999999999945, 50.0, 50.0
4.679999999999945, 50.0, 50.0
4.689999999999944, 50.0, 50.0
4.699999999999944, 50.0, 50.0
4.709999999999944, 50.0, 50.0
4.719999999999944, 50.0, 50.0
4.729999999999944, 50.0, 50.0
4.739999999999943, 50.0, 50.0
4.749999999999943, 50.0, 50.0
4.759999999999943, 50.0, 50.0
4.769999999999943, 50.0, 50.0
4.7799999999999425, 50.0, 50.0
4.789999999999942, 50.0, 50.0
4.799999999999942, 50.0, 50.0
4.809999999999942, 50.0, 50.0
4.819999999999942, 50.0, 50.0
4.8299999999999415, 50.0, 50.0
4.839999999999941, 50.0, 50.0
4.849999999999941, 50.0, 50.0
4.859999999999941, 50.0, 50.0
4.869999999999941, 50.0, 50.0
4.87999999999994, 50.0, 50.0
4.88999999999994, 50.0, 50.0
4.89999999999994, 50.0, 50.0
4.90999999999994, 50.0, 50.0
4.9199999999999395, 50.0, 50.0
4.929999999999939, 50.0, 50.0
4.939999999999939, 50.0, 50.0
4.949999999999939, 50.0, 50.0
4.959999999999939, 50.0, 50.0
4.9699999999999385, 50.0, 50.0
4.979999999999938, 50.0, 50.0
4.989999999999938, 50.0, 50.0
4.999999999999938, 50.0, 50.0
5.009999999999938, 50.0, 50.0
5.019999999999937, 50.0, 50.0
5.029999999999937, 50.0, 50.0
5.039999999999937, 50.0, 50.0
5.049999999999937, 50.0, 50.0
5.0599999999999365, 50.0, 50.0
5.069999999999936, 50.0, 50.0
5.079999999999936, 50.0, 50.0
5.089999999999936, 50.0, 50.0
5.099999999999936, 50.0, 50.0
5.1099999999999355, 50.0, 50.0
5.119999999999935, 50.0, 50.0
5.129999999999935, 50.0, 50.0
5.139999999999935, 50.0, 50.0
5.149999999999935, 50.0, 50.0
5.159999999999934, 50.0, 50.0
5.169999999999934, 50.0, 50.0
5.179999999999934, 50.0, 50.0
5.189999999999934, 50.0, 50.0
5.199999999999934, 50.0, 50.0
5.209999999999933, 50.0, 50.0
5.219999999999933, 50.0, 50.0
5.229999999999933, 50.0, 50.0
5.239999999999933, 50.0, 50.0
5.2499999999999325, 50.0, 50.0
5.259999999999932, 50.0, 50.0
5.269999999999932, 50.0, 50.0
5.279999999999932, 50.0, 50.0
5.289999999999932, 50.0, 50.0
5.299999999999931, 50.0, 50.0
5.309999999999931, 50.0, 50.0
5.319999999999931, 50.0, 50.0
5.329999999999931, 50.0, 50.0
5.339999999999931, 50.0, 50.0
5.34999999999993, 50.0, 50.0
5.35999999999993, 50.0, 50.0
5.36999999999993, 50.0, 50.0
5.37999999999993, 50.0, 50.0
5.3899999999999295, 50.0, 50.0
5.399999999999929, 50.0, 50.0
5.409999999999929, 50.0, 50.0
5.419999999999929, 50.0, 50.0
5.429999999999929, 50.0, 50.0
5.4399999999999284, 50.0, 50.0
5.449999999999928, 50.0, 50.0
5.459999999999928, 50.0, 50.0
5.469999999999928, 50.0, 50.0
5.479999999999928, 50.0, 50.0
5.489999999999927, 50.0, 50.0
5.499999999999927, 50.0, 50.0
5.509999999999927, 50.0, 50.0
5.519999999999927, 50.0, 50.0
5.5299999999999265, 50.0, 50.0
5.539999999999926, 50.0, 50.0
5.549999999999926, 50.0, 50.0
5.559999999999926, 50.0, 50.0
5.569999999999926, 50.0, 50.0
5.5799999999999255, 50.0, 50.0
5.589999999999925, 50.0, 50.0
5.599999999999925, 50.0, 50.0
5.609999999999925, 50.0, 50.0
5.619999999999925, 50.0, 50.0
5.629999999999924, 50.0, 50.0
5.639999999999924, 50.0, 50.0
5.649999999999924, 50.0, 50.0
5.659999999999924, 50.0, 50.0
5.6699999999999235, 50.0, 50.0
5.679999999999923, 50.0, 50.0
5.689999999999923, 50.0, 50.0
5.699999999999923, 50.0, 50.0
5.709999999999923, 50.0, 50.0
5.7199999999999225, 50.0, 50.0
5.729999999999922, 50.0, 50.0
5.739999999999922, 50.0, 50.0
5.749999999999922, 50.0, 50.0
5.759999999999922, 50.0, 50.0
5.769999999999921, 50.0, 50.0
5.779999999999921, 50.0, 50.0
5.789999999999921, 50.0, 50.0
5.799999999999921, 50.0, 50.0
5.809999999999921, 50.0, 50.0
5.81999999999992, 50.0, 50.0
5.82999999999992, 50.0, 50.0
5.83999999999992, 50.0, 50.0
5.84999999999992, 50.0, 50.0
5.8599999999999195, 50.0, 50.0
5.869999999999919, 50.0, 50.0
5.879999999999919, 50.0, 50.0
5.889999999999919, 50.0, 50.0
5.899999999999919, 50.0, 50.0
5.909999999999918, 50.0, 50.0
5.919999999999918, 50.0, 50.0
5.929999999999918, 50.0, 50.0
5.939999999999918, 50.0, 50.0
5.949999999999918, 50.0, 50.0
5.959999999999917, 50.0, 50.0
5.969999999999917, 50.0, 50.0
5.979999999999917, 50.0, 50.0
5.989999999999917, 50.0, 50.0
5.9999999999999165, 50.0, 50.0
6.009999999999916, 50.0, 50.0
6.019999999999916, 50.0, 50.0
6.029999999999916, 50.0, 50.0
6.039999999999916, 50.0, 50.0
6.0499999999999154, 50.0, 50.0
6.059999999999915, 50.0, 50.0
6.069999999999915, 50.0, 50.0
6.079999999999915, 50.0, 50.0
6.089999999999915, 50.0, 50.0
6.099999999999914, 50.0, 50.0
6.109999999999914, 50.0, 50.0
6.119999999999914, 50.0, 50.0
6.129999999999914, 50.0, 50.0
6.1399999999999135, 50.0, 50.0
6.149999999999913, 50.0, 50.0
6.159999999999913, 50.0, 50.0
6.169999999999913, 50.0, 50.0
6.179999999999913, 50.0, 50.0
6.1899999999999125, 50.0, 50.0
6.199999999999912, 50.0, 50.0
6.209999999999912, 50.0, 50.0
6.219999999999912, 50.0, 50.0
6.229999999999912, 50.0, 50.0
6.239999999999911, 50.0, 50.0
6.249999999999911, 50.0, 50.0
6.259999999999911, 50.0, 50.0
6.269999999999911, 50.0, 50.0
6.2799999999999105, 50.0, 50.0
6.28999999999991, 50.0, 50.0
6.29999999999991, 50.0, 50.0
6.30999999999991, 50.0, 50.0
6.31999999999991, 50.0, 50.0
6.3299999999999095, 50.0, 50.0
6.339999999999909, 50.0, 50.0
6.349999999999909, 50.0, 50.0
6.359999999999909, 50.0, 50.0
6.369999999999909, 50.0, 50.0
6.379999999999908, 50.0, 50.0
6.389999999999908, 50.0, 50.0
6.399999999999908, 50.0, 50.0
6.409999999999908, 50.0, 50.0
6.419999999999908, 50.0, 50.0
6.429999999999907, 50.0, 50.0
6.439999999999907, 50.0, 50.0
6.449999999999907, 50.0, 50.0
6.459999999999907, 50.0, 50.0
6.4699999999999065, 50.0, 50.0
6.479999999999906, 50.0, 50.0
6.489999999999906, 50.0, 50.0
6.499999999999906, 50.0, 50.0
6.509999999999906, 50.0, 50.0
6.519999999999905, 50.0, 50.0
6.529999999999905, 50.0, 50.0
6.539999999999905, 50.0, 50.0
6.549999999999905, 50.0, 50.0
6.559999999999905, 50.0, 50.0
6.569999999999904, 50.0, 50.0
6.579999999999904, 50.0, 50.0
6.589999999999904, 50.0, 50.0
6.599999999999904, 50.0, 50.0
6.6099999999999035, 50.0, 50.0
6.619999999999903, 50.0, 50.0
6.629999999999903, 50.0, 50.0
6.639999999999903, 50.0, 50.0
6.649999999999903, 50.0, 50.0
6.659999999999902, 50.0, 50.0
6.669999999999902, 50.0, 50.0
6.679999999999902, 50.0, 50.0
6.689999999999902, 50.0, 50.0
6.699999999999902, 50.0, 50.0
6.709999999999901, 50.0, 50.0
6.719999999999901, 50.0, 50.0
6.729999999999901, 50.0, 50.0
6.739999999999901, 50.0, 50.0
6.7499999999999005, 50.0, 50.0
6.7599999999999, 50.0, 50.0
6.7699999999999, 50.0, 50.0
6.7799999999999, 50.0, 50.0
6.7899999999999, 50.0, 50.0
6.7999999999998995, 50.0, 50.0
6.809999999999899, 50.0, 50.0
6.819999999999899, 50.0, 50.0
6.829999999999899, 50.0, 50.0
6.839999999999899, 50.0, 50.0
6.849999999999898, 50.0, 50.0
6.859999999999898, 50.0, 50.0
6.869999999999898, 50.0, 50.0
6.879999999999898, 50.0, 50.0
6.8899999999998975, 50.0, 50.0
6.899999999999897, 50.0, 50.0
6.909999999999897, 50.0, 50.0
6.919999999999897, 50.0, 50.0
6.929999999999897, 50.0, 50.0
6.9399999999998965, 50.0, 50.0
6.949999999999896, 50.0, 50.0
6.959999999999896, 50.0, 50.0
6.969999999999896, 50.0, 50.0
6.979999999999896, 50.0, 50.0
6.989999999999895, 50.0, 50.0
6.999999999999895, 50.0, 50.0
7.009999999999895, 50.0, 50.0
7.019999999999895, 50.0, 50.0
7.0299999999998946, 50.0, 50.0
7.039999999999894, 50.0, 50.0
7.049999999999894, 50.0, 50.0
7.059999999999894, 50.0, 50.0
7.069999999999894, 50.0, 50.0
7.0799999999998935, 50.0, 50.0
7.089999999999893, 50.0, 50.0
7.099999999999893, 50.0, 50.0
7.109999999999893, 50.0, 50.0
7.119999999999893, 50.0, 50.0
7.129999999999892, 50.0, 50.0
7.139999999999892, 50.0, 50.0
7.149999999999892, 50.0, 50.0
7.159999999999892, 50.0, 50.0
7.169999999999892, 50.0, 50.0
7.179999999999891, 50.0, 50.0
7.189999999999891, 50.0, 50.0
7.199999999999891, 50.0, 50.0
7.209999999999891, 50.0, 50.0
7.2199999999998905, 50.0, 50.0
7.22999999999989, 50.0, 50.0
7.23999999999989, 50.0, 50.0
7.24999999999989, 50.0, 50.0
7.25999999999989, 50.0, 50.0
7.269999999999889, 50.0, 50.0
7.279999999999889, 50.0, 50.0
7.289999999999889, 50.0, 50.0
7.299999999999889, 50.0, 50.0
7.309999999999889, 50.0, 50.0
7.319999999999888, 50.0, 50.0
7.329999999999888, 50.0, 50.0
7.339999999999888, 50.0, 50.0
7.349999999999888, 50.0, 50.0
7.3599999999998875, 50.0, 50.0
7.369999999999887, 50.0, 50.0
7.379999999999887, 50.0, 50.0
7.389999999999887, 50.0, 50.0
7.399999999999887, 50.0, 50.0
7.4099999999998865, 50.0, 50.0
7.419999999999886, 50.0, 50.0
7.429999999999886, 50.0, 50.0
7.439999999999886, 50.0, 50.0
7.449999999999886, 50.0, 50.0
7.459999999999885, 50.0, 50.0
7.469999999999885, 50.0, 50.0
7.479999999999885, 50.0, 50.0
7.489999999999885, 50.0, 50.0
7.4999999999998845, 50.0, 50.0
7.509999999999884, 50.0, 50.0
7.519999999999884, 50.0, 50.0
7.529999999999884, 50.0, 50.0
7.539999999999884, 50.0, 50.0
7.5499999999998835, 50.0, 50.0
7.559999999999883, 50.0, 50.0
7.569999999999883, 50.0, 50.0
7.579999999999883, 50.0, 50.0
7.589999999999883, 50.0, 50.0
7.599999999999882, 50.0, 50.0
7.609999999999882, 50.0, 50.0
7.619999999999882, 50.0, 50.0
7.629999999999882, 50.0, 50.0
7.6399999999998816, 50.0, 50.0
7.649999999999881, 50.0, 50.0
7.659999999999881, 50.0, 50.0
7.669999999999881, 50.0, 50.0
7.679999999999881, 50.0, 50.0
7.6899999999998805, 50.0, 50.0
7.69999999999988, 50.0, 50.0
7.70999999999988, 50.0, 50.0
7.71999999999988, 50.0, 50.0
7.72999999999988, 50.0, 50.0
7.739999999999879, 50.0, 50.0
7.749999999999879, 50.0, 50.0
7.759999999999879, 50.0, 50.0
7.769999999999879, 50.0, 50.0
7.779999999999879, 50.0, 50.0
7.789999999999878, 50.0, 50.0
7.799999999999878, 50.0, 50.0
7.809999999999878, 50.0, 50.0
7.819999999999878, 50.0, 50.0
7.8299999999998775, 50.0, 50.0
7.839999999999877, 50.0, 50.0
7.849999999999877, 50.0, 50.0
7.859999999999877, 50.0, 50.0
7.869999999999877, 50.0, 50.0
7.879999999999876, 50.0, 50.0
7.889999999999876, 50.0, 50.0
7.899999999999876, 50.0, 50.0
7.909999999999876, 50.0, 50.0
7.919999999999876, 50.0, 50.0
7.929999999999875, 50.0, 50.0
7.939999999999875, 50.0, 50.0
7.949999999999875, 50.0, 50.0
7.959999999999875, 50.0, 50.0
7.9699999999998745, 50.0, 50.0
7.979999999999874, 50.0, 50.0
7.989999999999874, 50.0, 50.0
7.999999999999874, 50.0, 50.0
8.009999999999874, 50.0, 50.0
8.019999999999873, 50.0, 50.0
8.029999999999873, 50.0, 50.0
8.039999999999873, 50.0, 50.0
8.049999999999873, 50.0, 50.0
8.059999999999873, 50.0, 50.0
8.069999999999872, 50.0, 50.0
8.079999999999872, 50.0, 50.0
8.089999999999872, 50.0, 50.0
8.099999999999872, 50.0, 50.0
8.109999999999872, 50.0, 50.0
8.119999999999871, 50.0, 50.0
8.129999999999871, 50.0, 50.0
8.139999999999871, 50.0, 50.0
8.14999999999987, 50.0, 50.0
8.15999999999987, 50.0, 50.0
8.16999999999987, 50.0, 50.0
8.17999999999987, 50.0, 50.0
8.18999999999987, 50.0, 50.0
8.19999999999987, 50.0, 50.0
8.20999999999987, 50.0, 50.0
8.21999999999987, 50.0, 50.0
8.229999999999869, 50.0, 50.0
8.239999999999869, 50.0, 50.0
8.249999999999869, 50.0, 50.0
8.259999999999868, 50.0, 50.0
8.269999999999868, 50.0, 50.0
8.279999999999868, 50.0, 50.0
8.289999999999868, 50.0, 50.0
8.299999999999867, 50.0, 50.0
8.309999999999867, 50.0, 50.0
8.319999999999867, 50.0, 50.0
8.329999999999867, 50.0, 50.0
8.339999999999867, 50.0, 50.0
8.349999999999866, 50.0, 50.0
8.359999999999866, 50.0, 50.0
8.369999999999866, 50.0, 50.0
8.379999999999866, 50.0, 50.0
8.389999999999866, 50.0, 50.0
8.399999999999865, 50.0, 50.0
8.409999999999865, 50.0, 50.0
8.419999999999865, 50.0, 50.0
8.429999999999865, 50.0, 50.0
8.439999999999864, 50.0, 50.0
8.449999999999864, 50.0, 50.0
8.459999999999864, 50.0, 50.0
8.469999999999864, 50.0, 50.0
8.479999999999864, 50.0, 50.0
8.489999999999863, 50.0, 50.0
8.499999999999863, 50.0, 50.0
8.509999999999863, 50.0, 50.0
8.519999999999863, 50.0, 50.0
8.529999999999863, 50.0, 50.0
8.539999999999862, 50.0, 50.0
8.549999999999862, 50.0, 50.0
8.559999999999862, 50.0, 50.0
8.569999999999862, 50.0, 50.0
8.579999999999862, 50.0, 50.0
8.589999999999861, 50.0, 50.0
8.599999999999861, 50.0, 50.0
8.60999999999986, 50.0, 50.0
8.61999999999986, 50.0, 50.0
8.62999999999986, 50.0, 50.0
8.63999999999986, 50.0, 50.0
8.64999999999986, 50.0, 50.0
8.65999999999986, 50.0, 50.0
8.66999999999986, 50.0, 50.0
8.67999999999986, 50.0, 50.0
8.68999999999986, 50.0, 50.0
8.699999999999859, 50.0, 50.0
8.709999999999859, 50.0, 50.0
8.719999999999859, 50.0, 50.0
8.729999999999858, 50.0, 50.0
8.739999999999858, 50.0, 50.0
8.749999999999858, 50.0, 50.0
8.759999999999858, 50.0, 50.0
8.769999999999857, 50.0, 50.0
8.779999999999857, 50.0, 50.0
8.789999999999857, 50.0, 50.0
8.799999999999857, 50.0, 50.0
8.809999999999857, 50.0, 50.0
8.819999999999856, 50.0, 50.0
8.829999999999856, 50.0, 50.0
8.839999999999856, 50.0, 50.0
8.849999999999856, 50.0, 50.0
8.859999999999856, 50.0, 50.0
8.869999999999855, 50.0, 50.0
8.879999999999855, 50.0, 50.0
8.889999999999855, 50.0, 50.0
8.899999999999855, 50.0, 50.0
8.909999999999854, 50.0, 50.0
8.919999999999854, 50.0, 50.0
8.929999999999854, 50.0, 50.0
8.939999999999854, 50.0, 50.0
8.949999999999854, 50.0, 50.0
8.959999999999853, 50.0, 50.0
8.969999999999853, 50.0, 50.0
8.979999999999853, 50.0, 50.0
8.989999999999853, 50.0, 50.0
8.999999999999853, 50.0, 50.0
9.009999999999852, 50.0, 50.0
9.019999999999852, 50.0, 50.0
9.029999999999852, 50.0, 50.0
9.039999999999852, 50.0, 50.0
9.049999999999851, 50.0, 50.0
9.059999999999851, 50.0, 50.0
9.069999999999851, 50.0, 50.0
9.07999999999985, 50.0, 50.0
9.08999999999985, 50.0, 50.0
9.09999999999985, 50.0, 50.0
9.10999999999985, 50.0, 50.0
9.11999999999985, 50.0, 50.0
9.12999999999985, 50.0, 50.0
9.13999999999985, 50.0, 50.0
9.14999999999985, 50.0, 50.0
9.15999999999985, 50.0, 50.0
9.169999999999849, 50.0, 50.0
9.179999999999849, 50.0, 50.0
9.189999999999849, 50.0, 50.0
9.199999999999848, 50.0, 50.0
9.209999999999848, 50.0, 50.0
9.219999999999848, 50.0, 50.0
9.229999999999848, 50.0, 50.0
9.239999999999847, 50.0, 50.0
9.249999999999847, 50.0, 50.0
9.259999999999847, 50.0, 50.0
9.269999999999847, 50.0, 50.0
9.279999999999847, 50.0, 50.0
9.289999999999846, 50.0, 50.0
9.299999999999846, 50.0, 50.0
9.309999999999846, 50.0, 50.0
9.319999999999846, 50.0, 50.0
9.329999999999846, 50.0, 50.0
9.339999999999845, 50.0, 50.0
9.349999999999845, 50.0, 50.0
9.359999999999845, 50.0, 50.0
9.369999999999845, 50.0, 50.0
9.379999999999844, 50.0, 50.0
9.389999999999844, 50.0, 50.0
9.399999999999844, 50.0, 50.0
9.409999999999844, 50.0, 50.0
9.419999999999844, 50.0, 50.0
9.429999999999843, 50.0, 50.0
9.439999999999843, 50.0, 50.0
9.449999999999843, 50.0, 50.0
9.459999999999843, 50.0, 50.0
9.469999999999843, 50.0, 50.0
9.479999999999842, 50.0, 50.0
9.489999999999842, 50.0, 50.0
9.499999999999842, 50.0, 50.0
9.509999999999842, 50.0, 50.0
9.519999999999841, 50.0, 50.0
9.529999999999841, 50.0, 50.0
9.539999999999841, 50.0, 50.0
9.54999999999984, 50.0, 50.0
9.55999999999984, 50.0, 50.0
9.56999999999984, 50.0, 50.0
9.57999999999984, 50.0, 50.0
9.58999999999984, 50.0, 50.0
9.59999999999984, 50.0, 50.0
9.60999999999984, 50.0, 50.0
9.61999999999984, 50.0, 50.0
9.62999999999984, 50.0, 50.0
9.639999999999839, 50.0, 50.0
9.649999999999839, 50.0, 50.0
9.659999999999838, 50.0, 50.0
9.669999999999838, 50.0, 50.0
9.679999999999838, 50.0, 50.0
9.689999999999838, 50.0, 50.0
9.699999999999838, 50.0, 50.0
9.709999999999837, 50.0, 50.0
9.719999999999837, 50.0, 50.0
9.729999999999837, 50.0, 50.0
9.739999999999837, 50.0, 50.0
9.749999999999837, 50.0, 50.0
9.759999999999836, 50.0, 50.0
9.769999999999836, 50.0, 50.0
9.779999999999836, 50.0, 50.0
9.789999999999836, 50.0, 50.0
9.799999999999836, 50.0, 50.0
9.809999999999835, 50.0, 50.0
9.819999999999835, 50.0, 50.0
9.829999999999835, 50.0, 50.0
9.839999999999835, 50.0, 50.0
9.849999999999834, 50.0, 50.0
9.859999999999834, 50.0, 50.0
9.869999999999834, 50.0, 50.0
9.879999999999834, 50.0, 50.0
9.889999999999834, 50.0, 50.0
9.899999999999833, 50.0, 50.0
9.909999999999833, 50.0, 50.0
9.919999999999833, 50.0, 50.0
9.929999999999833, 50.0, 50.0
9.939999999999833, 50.0, 50.0
9.949999999999832, 50.0, 50.0
9.959999999999832, 50.0, 50.0
9.969999999999832, 50.0, 50.0
9.979999999999832, 50.0, 50.0
9.989999999999831, 50.0, 50.0
9.999999999999831, 50.0, 50.0
10.009999999999831, 50.0, 50.0
10.01999999999983, 50.0, 50.0
10.02999999999983, 50.0, 50.0
10.03999999999983, 50.0, 50.0
10.04999999999983, 50.0, 50.0
10.05999999999983, 50.0, 50.0
10.06999999999983, 50.0, 50.0
10.07999999999983, 50.0, 50.0
10.08999999999983, 50.0, 50.0
10.09999999999983, 50.0, 50.0
10.109999999999829, 50.0, 50.0
10.119999999999829, 50.0, 50.0
10.129999999999828, 50.0, 50.0
10.139999999999828, 50.0, 50.0
10.149999999999828, 50.0, 50.0
10.159999999999828, 50.0, 50.0
10.169999999999828, 50.0, 50.0
10.179999999999827, 50.0, 50.0
10.189999999999827, 50.0, 50.0
10.199999999999827, 50.0, 50.0
10.209999999999827, 50.0, 50.0
10.219999999999827, 50.0, 50.0
10.229999999999826, 50.0, 50.0
10.239999999999826, 50.0, 50.0
10.249999999999826, 50.0, 50.0
10.259999999999826, 50.0, 50.0
10.269999999999825, 50.0, 50.0
10.279999999999825, 50.0, 50.0
10.289999999999825, 50.0, 50.0
10.299999999999825, 50.0, 50.0
10.309999999999825, 50.0, 50.0
10.319999999999824, 50.0, 50.0
10.329999999999824, 50.0, 50.0
10.339999999999824, 50.0, 50.0
10.349999999999824, 50.0, 50.0
10.359999999999824, 50.0, 50.0
10.369999999999823, 50.0, 50.0
10.379999999999823, 50.0, 50.0
10.389999999999823, 50.0, 50.0
10.399999999999823, 50.0, 50.0
10.409999999999823, 50.0, 50.0
10.419999999999822, 50.0, 50.0
10.429999999999822, 50.0, 50.0
10.439999999999822, 50.0, 50.0
10.449999999999822, 50.0, 50.0
10.459999999999821, 50.0, 50.0
10.469999999999821, 50.0, 50.0
10.479999999999821, 50.0, 50.0
10.48999999999982, 50.0, 50.0
10.49999999999982, 50.0, 50.0
10.50999999999982, 50.0, 50.0
10.51999999999982, 50.0, 50.0
10.52999999999982, 50.0, 50.0
10.53999999999982, 50.0, 50.0
10.54999999999982, 50.0, 50.0
10.55999999999982, 50.0, 50.0
10.569999999999819, 50.0, 50.0
10.579999999999819, 50.0, 50.0
10.589999999999819, 50.0, 50.0
10.599999999999818, 50.0, 50.0
10.609999999999818, 50.0, 50.0
10.619999999999818, 50.0, 50.0
10.629999999999818, 50.0, 50.0
10.639999999999818, 50.0, 50.0
10.649999999999817, 50.0, 50.0
10.659999999999817, 50.0, 50.0
10.669999999999817, 50.0, 50.0
10.679999999999817, 50.0, 50.0
10.689999999999817, 50.0, 50.0
10.699999999999816, 50.0, 50.0
10.709999999999816, 50.0, 50.0
10.719999999999816, 50.0, 50.0
10.729999999999816, 50.0, 50.0
10.739999999999815, 50.0, 50.0
10.749999999999815, 50.0, 50.0
10.759999999999815, 50.0, 50.0
10.769999999999815, 50.0, 50.0
10.779999999999815, 50.0, 50.0
10.789999999999814, 50.0, 50.0
10.799999999999814, 50.0, 50.0
10.809999999999814, 50.0, 50.0
10.819999999999814, 50.0, 50.0
10.829999999999814, 50.0, 50.0
10.839999999999813, 50.0, 50.0
10.849999999999813, 50.0, 50.0
10.859999999999813, 50.0, 50.0
10.869999999999813, 50.0, 50.0
10.879999999999812, 50.0, 50.0
10.889999999999812, 50.0, 50.0
10.899999999999812, 50.0, 50.0
10.909999999999812, 50.0, 50.0
10.919999999999812, 50.0, 50.0
10.929999999999811, 50.0, 50.0
10.939999999999811, 50.0, 50.0
10.949999999999811, 50.0, 50.0
10.95999999999981, 50.0, 50.0
10.96999999999981, 50.0, 50.0
10.97999999999981, 50.0, 50.0
10.98999999999981, 50.0, 50.0
10.99999999999981, 50.0, 50.0
11.00999999999981, 50.0, 50.0
11.01999999999981, 50.0, 50.0
11.02999999999981, 50.0, 50.0
11.039999999999809, 50.0, 50.0
11.049999999999809, 50.0, 50.0
11.059999999999809, 50.0, 50.0
11.069999999999808, 50.0, 50.0
11.079999999999808, 50.0, 50.0
11.089999999999808, 50.0, 50.0
11.099999999999808, 50.0, 50.0
11.109999999999808, 50.0, 50.0
11.119999999999807, 50.0, 50.0
11.129999999999807, 50.0, 50.0
11.139999999999807, 50.0, 50.0
11.149999999999807, 50.0, 50.0
11.159999999999807, 50.0, 50.0
11.169999999999806, 50.0, 50.0
11.179999999999806, 50.0, 50.0
11.189999999999806, 50.0, 50.0
11.199999999999806, 50.0, 50.0
11.209999999999805, 50.0, 50.0
11.219999999999805, 50.0, 50.0
11.229999999999805, 50.0, 50.0
11.239999999999805, 50.0, 50.0
11.249999999999805, 50.0, 50.0
11.259999999999804, 50.0, 50.0
11.269999999999804, 50.0, 50.0
11.279999999999804, 50.0, 50.0
11.289999999999804, 50.0, 50.0
11.299999999999804, 50.0, 50.0
11.309999999999803, 50.0, 50.0
11.319999999999803, 50.0, 50.0
11.329999999999803, 50.0, 50.0
11.339999999999803, 50.0, 50.0
11.349999999999802, 50.0, 50.0
11.359999999999802, 50.0, 50.0
11.369999999999802, 50.0, 50.0
11.379999999999802, 50.0, 50.0
11.389999999999802, 50.0, 50.0
11.399999999999801, 50.0, 50.0
11.409999999999801, 50.0, 50.0
11.419999999999801, 50.0, 50.0
11.4299999999998, 50.0, 50.0
11.4399999999998, 50.0, 50.0
11.4499999999998, 50.0, 50.0
11.4599999999998, 50.0, 50.0
11.4699999999998, 50.0, 50.0
11.4799999999998, 50.0, 50.0
11.4899999999998, 50.0, 50.0
11.4999999999998, 50.0, 50.0
11.509999999999799, 50.0, 50.0
11.519999999999799, 50.0, 50.0
11.529999999999799, 50.0, 50.0
11.539999999999798, 50.0, 50.0
11.549999999999798, 50.0, 50.0
11.559999999999798, 50.0, 50.0
11.569999999999798, 50.0, 50.0
11.579999999999798, 50.0, 50.0
11.589999999999797, 50.0, 50.0
11.599999999999797, 50.0, 50.0
11.609999999999797, 50.0, 50.0
11.619999999999797, 50.0, 50.0
11.629999999999797, 50.0, 50.0
11.639999999999796, 50.0, 50.0
11.649999999999796, 50.0, 50.0
11.659999999999796, 50.0, 50.0
11.669999999999796, 50.0, 50.0
11.679999999999795, 50.0, 50.0
11.689999999999795, 50.0, 50.0
11.699999999999795, 50.0, 50.0
11.709999999999795, 50.0, 50.0
11.719999999999795, 50.0, 50.0
11.729999999999794, 50.0, 50.0
11.739999999999794, 50.0, 50.0
11.749999999999794, 50.0, 50.0
11.759999999999794, 50.0, 50.0
11.769999999999794, 50.0, 50.0
11.779999999999793, 50.0, 50.0
11.789999999999793, 50.0, 50.0
11.799999999999793, 50.0, 50.0
11.809999999999793, 50.0, 50.0
11.819999999999792, 50.0, 50.0
11.829999999999792, 50.0, 50.0
11.839999999999792, 50.0, 50.0
11.849999999999792, 50.0, 50.0
11.859999999999792, 50.0, 50.0
11.869999999999791, 50.0, 50.0
11.879999999999791, 50.0, 50.0
11.889999999999791, 50.0, 50.0
11.89999999999979, 50.0, 50.0
11.90999999999979, 50.0, 50.0
11.91999999999979, 50.0, 50.0
11.92999999999979, 50.0, 50.0
11.93999999999979, 50.0, 50.0
11.94999999999979, 50.0, 50.0
11.95999999999979, 50.0, 50.0
11.96999999999979, 50.0, 50.0
11.979999999999789, 50.0, 50.0
11.989999999999789, 50.0, 50.0
11.999999999999789, 50.0, 50.0
12.009999999999788, 50.0, 50.0
12.019999999999788, 50.0, 50.0
12.029999999999788, 50.0, 50.0
12.039999999999788, 50.0, 50.0
12.049999999999788, 50.0, 50.0
12.059999999999787, 50.0, 50.0
12.069999999999787, 50.0, 50.0
12.079999999999787, 50.0, 50.0
12.089999999999787, 50.0, 50.0
12.099999999999786, 50.0, 50.0
12.109999999999786, 50.0, 50.0
12.119999999999786, 50.0, 50.0
12.129999999999786, 50.0, 50.0
12.139999999999786, 50.0, 50.0
12.149999999999785, 50.0, 50.0
12.159999999999785, 50.0, 50.0
12.169999999999785, 50.0, 50.0
12.179999999999785, 50.0, 50.0
12.189999999999785, 50.0, 50.0
12.199999999999784, 50.0, 50.0
12.209999999999784, 50.0, 50.0
12.219999999999784, 50.0, 50.0
12.229999999999784, 50.0, 50.0
12.239999999999783, 50.0, 50.0
12.249999999999783, 50.0, 50.0
12.259999999999783, 50.0, 50.0
12.269999999999783, 50.0, 50.0
12.279999999999783, 50.0, 50.0
12.289999999999782, 50.0, 50.0
12.299999999999782, 50.0, 50.0
12.309999999999782, 50.0, 50.0
12.319999999999782, 50.0, 50.0
12.329999999999782, 50.0, 50.0
12.339999999999781, 50.0, 50.0
12.349999999999781, 50.0, 50.0
12.359999999999781, 50.0, 50.0
12.36999999999978, 50.0, 50.0
12.37999999999978, 50.0, 50.0
12.38999999999978, 50.0, 50.0
12.39999999999978, 50.0, 50.0
12.40999999999978, 50.0, 50.0
12.41999999999978, 50.0, 50.0
12.42999999999978, 50.0, 50.0
12.43999999999978, 50.0, 50.0
12.449999999999779, 50.0, 50.0
12.459999999999779, 50.0, 50.0
12.469999999999779, 50.0, 50.0
12.479999999999778, 50.0, 50.0
12.489999999999778, 50.0, 50.0
12.499999999999778, 50.0, 50.0
12.509999999999778, 50.0, 50.0
12.519999999999778, 50.0, 50.0
12.529999999999777, 50.0, 50.0
12.539999999999777, 50.0, 50.0
12.549999999999777, 50.0, 50.0
12.559999999999777, 50.0, 50.0
12.569999999999776, 50.0, 50.0
12.579999999999776, 50.0, 50.0
12.589999999999776, 50.0, 50.0
12.599999999999776, 50.0, 50.0
12.609999999999776, 50.0, 50.0
12.619999999999775, 50.0, 50.0
12.629999999999775, 50.0, 50.0
12.639999999999775, 50.0, 50.0
12.649999999999775, 50.0, 50.0
12.659999999999775, 50.0, 50.0
12.669999999999774, 50.0, 50.0
12.679999999999774, 50.0, 50.0
12.689999999999774, 50.0, 50.0
12.699999999999774, 50.0, 50.0
12.709999999999773, 50.0, 50.0
12.719999999999773, 50.0, 50.0
12.729999999999773, 50.0, 50.0
12.739999999999773, 50.0, 50.0
12.749999999999773, 50.0, 50.0
12.759999999999772, 50.0, 50.0
12.769999999999772, 50.0, 50.0
12.779999999999772, 50.0, 50.0
12.789999999999772, 50.0, 50.0
12.799999999999772, 50.0, 50.0
12.809999999999771, 50.0, 50.0
12.819999999999771, 50.0, 50.0
12.829999999999771, 50.0, 50.0
12.83999999999977, 50.0, 50.0
12.84999999999977, 50.0, 50.0
12.85999999999977, 50.0, 50.0
12.86999999999977, 50.0, 50.0
12.87999999999977, 50.0, 50.0
12.88999999999977, 50.0, 50.0
12.89999999999977, 50.0, 50.0
12.90999999999977, 50.0, 50.0
12.919999999999769, 50.0, 50.0
12.929999999999769, 50.0, 50.0
12.939999999999769, 50.0, 50.0
12.949999999999768, 50.0, 50.0
12.959999999999768, 50.0, 50.0
12.969999999999768, 50.0, 50.0
12.979999999999768, 50.0, 50.0
12.989999999999768, 50.0, 50.0
12.999999999999767, 50.0, 50.0
13.009999999999767, 50.0, 50.0
13.019999999999767, 50.0, 50.0
13.029999999999767, 50.0, 50.0
13.039999999999766, 50.0, 50.0
13.049999999999766, 50.0, 50.0
13.059999999999766, 50.0, 50.0
13.069999999999766, 50.0, 50.0
13.079999999999766, 50.0, 50.0
13.089999999999765, 50.0, 50.0
13.099999999999765, 50.0, 50.0
13.109999999999765, 50.0, 50.0
13.119999999999765, 50.0, 50.0
13.129999999999765, 50.0, 50.0
13.139999999999764, 50.0, 50.0
13.149999999999764, 50.0, 50.0
13.159999999999764, 50.0, 50.0
13.169999999999764, 50.0, 50.0
13.179999999999763, 50.0, 50.0
13.189999999999763, 50.0, 50.0
13.199999999999763, 50.0, 50.0
13.209999999999763, 50.0, 50.0
13.219999999999763, 50.0, 50.0
13.229999999999762, 50.0, 50.0
13.239999999999762, 50.0, 50.0
13.249999999999762, 50.0, 50.0
13.259999999999762, 50.0, 50.0
13.269999999999762, 50.0, 50.0
13.279999999999761, 50.0, 50.0
13.289999999999761, 50.0, 50.0
13.299999999999761, 50.0, 50.0
13.30999999999976, 50.0, 50.0
13.31999999999976, 50.0, 50.0
13.32999999999976, 50.0, 50.0
13.33999999999976, 50.0, 50.0
13.34999999999976, 50.0, 50.0
13.35999999999976, 50.0, 50.0
13.36999999999976, 50.0, 50.0
13.37999999999976, 50.0, 50.0
13.389999999999759, 50.0, 50.0
13.399999999999759, 50.0, 50.0
13.409999999999759, 50.0, 50.0
13.419999999999758, 50.0, 50.0
13.429999999999758, 50.0, 50.0
13.439999999999758, 50.0, 50.0
13.449999999999758, 50.0, 50.0
13.459999999999757, 50.0, 50.0
13.469999999999757, 50.0, 50.0
13.479999999999757, 50.0, 50.0
13.489999999999757, 50.0, 50.0
13.499999999999757, 50.0, 50.0
13.509999999999756, 50.0, 50.0
13.519999999999756, 50.0, 50.0
13.529999999999756, 50.0, 50.0
13.539999999999756, 50.0, 50.0
13.549999999999756, 50.0, 50.0
13.559999999999755, 50.0, 50.0
13.569999999999755, 50.0, 50.0
13.579999999999755, 50.0, 50.0
13.589999999999755, 50.0, 50.0
13.599999999999755, 50.0, 50.0
13.609999999999754, 50.0, 50.0
13.619999999999754, 50.0, 50.0
13.629999999999754, 50.0, 50.0
13.639999999999754, 50.0, 50.0
13.649999999999753, 50.0, 50.0
13.659999999999753, 50.0, 50.0
13.669999999999753, 50.0, 50.0
13.679999999999753, 50.0, 50.0
13.689999999999753, 50.0, 50.0
13.699999999999752, 50.0, 50.0
13.709999999999752, 50.0, 50.0
13.719999999999752, 50.0, 50.0
13.729999999999752, 50.0, 50.0
13.739999999999752, 50.0, 50.0
13.749999999999751, 50.0, 50.0
13.759999999999751, 50.0, 50.0
13.76999999999975, 50.0, 50.0
13.77999999999975, 50.0, 50.0
13.78999999999975, 50.0, 50.0
13.79999999999975, 50.0, 50.0
13.80999999999975, 50.0, 50.0
13.81999999999975, 50.0, 50.0
13.82999999999975, 50.0, 50.0
13.83999999999975, 50.0, 50.0
13.84999999999975, 50.0, 50.0
13.859999999999749, 50.0, 50.0
13.869999999999749, 50.0, 50.0
13.879999999999749, 50.0, 50.0
13.889999999999748, 50.0, 50.0
13.899999999999748, 50.0, 50.0
13.909999999999748, 50.0, 50.0
13.919999999999748, 50.0, 50.0
13.929999999999747, 50.0, 50.0
13.939999999999747, 50.0, 50.0
13.949999999999747, 50.0, 50.0
13.959999999999747, 50.0, 50.0
13.969999999999747, 50.0, 50.0
13.979999999999746, 50.0, 50.0
13.989999999999746, 50.0, 50.0
13.999999999999746, 50.0, 50.0
14.009999999999746, 50.0, 50.0
14.019999999999746, 50.0, 50.0
14.029999999999745, 50.0, 50.0
14.039999999999745, 50.0, 50.0
14.049999999999745, 50.0, 50.0
14.059999999999745, 50.0, 50.0
14.069999999999744, 50.0, 50.0
14.079999999999744, 50.0, 50.0
14.089999999999744, 50.0, 50.0
14.099999999999744, 50.0, 50.0
14.109999999999744, 50.0, 50.0
14.119999999999743, 50.0, 50.0
14.129999999999743, 50.0, 50.0
14.139999999999743, 50.0, 50.0
14.149999999999743, 50.0, 50.0
14.159999999999743, 50.0, 50.0
14.169999999999742, 50.0, 50.0
14.179999999999742, 50.0, 50.0
14.189999999999742, 50.0, 50.0
14.199999999999742, 50.0, 50.0
14.209999999999742, 50.0, 50.0
14.219999999999741, 50.0, 50.0
14.229999999999741, 50.0, 50.0
14.23999999999974, 50.0, 50.0
14.24999999999974, 50.0, 50.0
14.25999999999974, 50.0, 50.0
14.26999999999974, 50.0, 50.0
14.27999999999974, 50.0, 50.0
14.28999999999974, 50.0, 50.0
14.29999999999974, 50.0, 50.0
14.30999999999974, 50.0, 50.0
14.31999999999974, 50.0, 50.0
14.329999999999739, 50.0, 50.0
14.339999999999739, 50.0, 50.0
14.349999999999739, 50.0, 50.0
14.359999999999738, 50.0, 50.0
14.369999999999738, 50.0, 50.0
14.379999999999738, 50.0, 50.0
14.389999999999738, 50.0, 50.0
14.399999999999737, 50.0, 50.0
14.409999999999737, 50.0, 50.0
14.419999999999737, 50.0, 50.0
14.429999999999737, 50.0, 50.0
14.439999999999737, 50.0, 50.0
14.449999999999736, 50.0, 50.0
14.459999999999736, 50.0, 50.0
14.469999999999736, 50.0, 50.0
14.479999999999736, 50.0, 50.0
14.489999999999736, 50.0, 50.0
14.499999999999735, 50.0, 50.0
14.509999999999735, 50.0, 50.0
14.519999999999735, 50.0, 50.0
14.529999999999735, 50.0, 50.0
14.539999999999734, 50.0, 50.0
14.549999999999734, 50.0, 50.0
14.559999999999734, 50.0, 50.0
14.569999999999734, 50.0, 50.0
14.579999999999734, 50.0, 50.0
14.589999999999733, 50.0, 50.0
14.599999999999733, 50.0, 50.0
14.609999999999733, 50.0, 50.0
14.619999999999733, 50.0, 50.0
14.629999999999733, 50.0, 50.0
14.639999999999732, 50.0, 50.0
14.649999999999732, 50.0, 50.0
14.659999999999732, 50.0, 50.0
14.669999999999732, 50.0, 50.0
14.679999999999731, 50.0, 50.0
14.689999999999731, 50.0, 50.0
14.699999999999731, 50.0, 50.0
14.70999999999973, 50.0, 50.0
14.71999999999973, 50.0, 50.0
14.72999999999973, 50.0, 50.0
14.73999999999973, 50.0, 50.0
14.74999999999973, 50.0, 50.0
14.75999999999973, 50.0, 50.0
14.76999999999973, 50.0, 50.0
14.77999999999973, 50.0, 50.0
14.78999999999973, 50.0, 50.0
14.799999999999729, 50.0, 50.0
14.809999999999729, 50.0, 50.0
14.819999999999729, 50.0, 50.0
14.829999999999728, 50.0, 50.0
14.839999999999728, 50.0, 50.0
14.849999999999728, 50.0, 50.0
14.859999999999728, 50.0, 50.0
14.869999999999727, 50.0, 50.0
14.879999999999727, 50.0, 50.0
14.889999999999727, 50.0, 50.0
14.899999999999727, 50.0, 50.0
14.909999999999727, 50.0, 50.0
14.919999999999726, 50.0, 50.0
14.929999999999726, 50.0, 50.0
14.939999999999726, 50.0, 50.0
14.949999999999726, 50.0, 50.0
14.959999999999726, 50.0, 50.0
14.969999999999725, 50.0, 50.0
14.979999999999725, 50.0, 50.0
14.989999999999725, 50.0, 50.0
14.999999999999725, 50.0, 50.0
15.009999999999724, 50.0, 50.0
15.019999999999724, 50.0, 50.0
15.029999999999724, 50.0, 50.0
15.039999999999724, 50.0, 50.0
15.049999999999724, 50.0, 50.0
15.059999999999723, 50.0, 50.0
15.069999999999723, 50.0, 50.0
15.079999999999723, 50.0, 50.0
15.089999999999723, 50.0, 50.0
15.099999999999723, 50.0, 50.0
15.109999999999722, 50.0, 50.0
15.119999999999722, 50.0, 50.0
15.129999999999722, 50.0, 50.0
15.139999999999722, 50.0, 50.0
15.149999999999721, 50.0, 50.0
15.159999999999721, 50.0, 50.0
15.169999999999721, 50.0, 50.0
15.17999999999972, 50.0, 50.0
15.18999999999972, 50.0, 50.0
15.19999999999972, 50.0, 50.0
15.20999999999972, 50.0, 50.0
15.21999999999972, 50.0, 50.0
15.22999999999972, 50.0, 50.0
15.23999999999972, 50.0, 50.0
15.24999999999972, 50.0, 50.0
15.25999999999972, 50.0, 50.0
15.269999999999719, 50.0, 50.0
15.279999999999719, 50.0, 50.0
15.289999999999718, 50.0, 50.0
15.299999999999718, 50.0, 50.0
15.309999999999718, 50.0, 50.0
15.319999999999718, 50.0, 50.0
15.329999999999718, 50.0, 50.0
15.339999999999717, 50.0, 50.0
15.349999999999717, 50.0, 50.0
15.359999999999717, 50.0, 50.0
15.369999999999717, 50.0, 50.0
15.379999999999717, 50.0, 50.0
15.389999999999716, 50.0, 50.0
15.399999999999716, 50.0, 50.0
15.409999999999716, 50.0, 50.0
15.419999999999716, 50.0, 50.0
15.429999999999715, 50.0, 50.0
15.439999999999715, 50.0, 50.0
15.449999999999715, 50.0, 50.0
15.459999999999715, 50.0, 50.0
15.469999999999715, 50.0, 50.0
15.479999999999714, 50.0, 50.0
15.489999999999714, 50.0, 50.0
15.499999999999714, 50.0, 50.0
15.509999999999714, 50.0, 50.0
15.519999999999714, 50.0, 50.0
15.529999999999713, 50.0, 50.0
15.539999999999713, 50.0, 50.0
15.549999999999713, 50.0, 50.0
15.559999999999713, 50.0, 50.0
15.569999999999713, 50.0, 50.0
15.579999999999712, 50.0, 50.0
15.589999999999712, 50.0, 50.0
15.599999999999712, 50.0, 50.0
15.609999999999712, 50.0, 50.0
15.619999999999711, 50.0, 50.0
15.629999999999711, 50.0, 50.0
15.639999999999711, 50.0, 50.0
15.64999999999971, 50.0, 50.0
15.65999999999971, 50.0, 50.0
15.66999999999971, 50.0, 50.0
15.67999999999971, 50.0, 50.0
15.68999999999971, 50.0, 50.0
15.69999999999971, 50.0, 50.0
15.70999999999971, 50.0, 50.0
15.71999999999971, 50.0, 50.0
15.729999999999709, 50.0, 50.0
15.739999999999709, 50.0, 50.0
15.749999999999709, 50.0, 50.0
15.759999999999708, 50.0, 50.0
15.769999999999708, 50.0, 50.0
15.779999999999708, 50.0, 50.0
15.789999999999708, 50.0, 50.0
15.799999999999708, 50.0, 50.0
15.809999999999707, 50.0, 50.0
15.819999999999707, 50.0, 50.0
15.829999999999707, 50.0, 50.0
15.839999999999707, 50.0, 50.0
15.849999999999707, 50.0, 50.0
15.859999999999706, 50.0, 50.0
15.869999999999706, 50.0, 50.0
15.879999999999706, 50.0, 50.0
15.889999999999706, 50.0, 50.0
15.899999999999705, 50.0, 50.0
15.909999999999705, 50.0, 50.0
15.919999999999705, 50.0, 50.0
15.929999999999705, 50.0, 50.0
15.939999999999705, 50.0, 50.0
15.949999999999704, 50.0, 50.0
15.959999999999704, 50.0, 50.0
15.969999999999704, 50.0, 50.0
15.979999999999704, 50.0, 50.0
15.989999999999704, 50.0, 50.0
15.999999999999703, 50.0, 50.0
16.009999999999703, 50.0, 50.0
16.019999999999705, 50.0, 50.0
16.029999999999706, 50.0, 50.0
16.039999999999708, 50.0, 50.0
16.04999999999971, 50.0, 50.0
16.05999999999971, 50.0, 50.0
16.069999999999713, 50.0, 50.0
16.079999999999714, 50.0, 50.0
16.089999999999716, 50.0, 50.0
16.099999999999717, 50.0, 50.0
16.10999999999972, 50.0, 50.0
16.11999999999972, 50.0, 50.0
16.129999999999722, 50.0, 50.0
16.139999999999723, 50.0, 50.0
16.149999999999725, 50.0, 50.0
16.159999999999727, 50.0, 50.0
16.169999999999728, 50.0, 50.0
16.17999999999973, 50.0, 50.0
16.18999999999973, 50.0, 50.0
16.199999999999733, 50.0, 50.0
16.209999999999734, 50.0, 50.0
16.219999999999736, 50.0, 50.0
16.229999999999738, 50.0, 50.0
16.23999999999974, 50.0, 50.0
16.24999999999974, 50.0, 50.0
16.259999999999742, 50.0, 50.0
16.269999999999744, 50.0, 50.0
16.279999999999745, 50.0, 50.0
16.289999999999747, 50.0, 50.0
16.29999999999975, 50.0, 50.0
16.30999999999975, 50.0, 50.0
16.31999999999975, 50.0, 50.0
16.329999999999753, 50.0, 50.0
16.339999999999755, 50.0, 50.0
16.349999999999756, 50.0, 50.0
16.359999999999758, 50.0, 50.0
16.36999999999976, 50.0, 50.0
16.37999999999976, 50.0, 50.0
16.389999999999763, 50.0, 50.0
16.399999999999764, 50.0, 50.0
16.409999999999766, 50.0, 50.0
16.419999999999767, 50.0, 50.0
16.42999999999977, 50.0, 50.0
16.43999999999977, 50.0, 50.0
16.449999999999772, 50.0, 50.0
16.459999999999773, 50.0, 50.0
16.469999999999775, 50.0, 50.0
16.479999999999777, 50.0, 50.0
16.489999999999778, 50.0, 50.0
16.49999999999978, 50.0, 50.0
16.50999999999978, 50.0, 50.0
16.519999999999783, 50.0, 50.0
16.529999999999784, 50.0, 50.0
16.539999999999786, 50.0, 50.0
16.549999999999788, 50.0, 50.0
16.55999999999979, 50.0, 50.0
16.56999999999979, 50.0, 50.0
16.579999999999792, 50.0, 50.0
16.589999999999794, 50.0, 50.0
16.599999999999795, 50.0, 50.0
16.609999999999797, 50.0, 50.0
16.6199999999998, 50.0, 50.0
16.6299999999998, 50.0, 50.0
16.6399999999998, 50.0, 50.0
16.649999999999803, 50.0, 50.0
16.659999999999805, 50.0, 50.0
16.669999999999806, 50.0, 50.0
16.679999999999808, 50.0, 50.0
16.68999999999981, 50.0, 50.0
16.69999999999981, 50.0, 50.0
16.709999999999813, 50.0, 50.0
16.719999999999814, 50.0, 50.0
16.729999999999816, 50.0, 50.0
16.739999999999817, 50.0, 50.0
16.74999999999982, 50.0, 50.0
16.75999999999982, 50.0, 50.0
16.769999999999822, 50.0, 50.0
16.779999999999824, 50.0, 50.0
16.789999999999825, 50.0, 50.0
16.799999999999827, 50.0, 50.0
16.809999999999828, 50.0, 50.0
16.81999999999983, 50.0, 50.0
16.82999999999983, 50.0, 50.0
16.839999999999833, 50.0, 50.0
16.849999999999834, 50.0, 50.0
16.859999999999836, 50.0, 50.0
16.869999999999838, 50.0, 50.0
16.87999999999984, 50.0, 50.0
16.88999999999984, 50.0, 50.0
16.899999999999842, 50.0, 50.0
16.909999999999844, 50.0, 50.0
16.919999999999845, 50.0, 50.0
16.929999999999847, 50.0, 50.0
16.93999999999985, 50.0, 50.0
16.94999999999985, 50.0, 50.0
16.95999999999985, 50.0, 50.0
16.969999999999853, 50.0, 50.0
16.979999999999855, 50.0, 50.0
16.989999999999856, 50.0, 50.0
16.999999999999858, 50.0, 50.0
17.00999999999986, 50.0, 50.0
17.01999999999986, 50.0, 50.0
17.029999999999863, 50.0, 50.0
17.039999999999864, 50.0, 50.0
17.049999999999866, 50.0, 50.0
17.059999999999867, 50.0, 50.0
17.06999999999987, 50.0, 50.0
17.07999999999987, 50.0, 50.0
17.089999999999872, 50.0, 50.0
17.099999999999874, 50.0, 50.0
17.109999999999875, 50.0, 50.0
17.119999999999877, 50.0, 50.0
17.129999999999878, 50.0, 50.0
17.13999999999988, 50.0, 50.0
17.14999999999988, 50.0, 50.0
17.159999999999883, 50.0, 50.0
17.169999999999884, 50.0, 50.0
17.179999999999886, 50.0, 50.0
17.189999999999888, 50.0, 50.0
17.19999999999989, 50.0, 50.0
17.20999999999989, 50.0, 50.0
17.219999999999892, 50.0, 50.0
17.229999999999894, 50.0, 50.0
17.239999999999895, 50.0, 50.0
17.249999999999897, 50.0, 50.0
17.2599999999999, 50.0, 50.0
17.2699999999999, 50.0, 50.0
17.2799999999999, 50.0, 50.0
17.289999999999903, 50.0, 50.0
17.299999999999905, 50.0, 50.0
17.309999999999906, 50.0, 50.0
17.319999999999908, 50.0, 50.0
17.32999999999991, 50.0, 50.0
17.33999999999991, 50.0, 50.0
17.349999999999913, 50.0, 50.0
17.359999999999914, 50.0, 50.0
17.369999999999916, 50.0, 50.0
17.379999999999917, 50.0, 50.0
17.38999999999992, 50.0, 50.0
17.39999999999992, 50.0, 50.0
17.409999999999922, 50.0, 50.0
17.419999999999924, 50.0, 50.0
17.429999999999925, 50.0, 50.0
17.439999999999927, 50.0, 50.0
17.44999999999993, 50.0, 50.0
17.45999999999993, 50.0, 50.0
17.46999999999993, 50.0, 50.0
17.479999999999933, 50.0, 50.0
17.489999999999934, 50.0, 50.0
17.499999999999936, 50.0, 50.0
17.509999999999938, 50.0, 50.0
17.51999999999994, 50.0, 50.0
17.52999999999994, 50.0, 50.0
17.539999999999942, 50.0, 50.0
17.549999999999944, 50.0, 50.0
17.559999999999945, 50.0, 50.0
17.569999999999947, 50.0, 50.0
17.57999999999995, 50.0, 50.0
17.58999999999995, 50.0, 50.0
17.59999999999995, 50.0, 50.0
17.609999999999953, 50.0, 50.0
17.619999999999955, 50.0, 50.0
17.629999999999956, 50.0, 50.0
17.639999999999958, 50.0, 50.0
17.64999999999996, 50.0, 50.0
17.65999999999996, 50.0, 50.0
17.669999999999963, 50.0, 50.0
17.679999999999964, 50.0, 50.0
17.689999999999966, 50.0, 50.0
17.699999999999967, 50.0, 50.0
17.70999999999997, 50.0, 50.0
17.71999999999997, 50.0, 50.0
17.729999999999972, 50.0, 50.0
17.739999999999974, 50.0, 50.0
17.749999999999975, 50.0, 50.0
17.759999999999977, 50.0, 50.0
17.76999999999998, 50.0, 50.0
17.77999999999998, 50.0, 50.0
17.78999999999998, 50.0, 50.0
17.799999999999983, 50.0, 50.0
17.809999999999985, 50.0, 50.0
17.819999999999986, 50.0, 50.0
17.829999999999988, 50.0, 50.0
17.83999999999999, 50.0, 50.0
17.84999999999999, 50.0, 50.0
17.859999999999992, 50.0, 50.0
17.869999999999994, 50.0, 50.0
17.879999999999995, 50.0, 50.0
17.889999999999997, 50.0, 50.0
17.9, 50.0, 50.0
17.91, 50.0, 50.0
17.92, 50.0, 50.0
17.930000000000003, 50.0, 50.0
17.940000000000005, 50.0, 50.0
17.950000000000006, 50.0, 50.0
17.960000000000008, 50.0, 50.0
17.97000000000001, 50.0, 50.0
17.98000000000001, 50.0, 50.0
17.990000000000013, 50.0, 50.0
18.000000000000014, 50.0, 50.0
18.010000000000016, 50.0, 50.0
18.020000000000017, 50.0, 50.0
18.03000000000002, 50.0, 50.0
18.04000000000002, 50.0, 50.0
18.050000000000022, 50.0, 50.0
18.060000000000024, 50.0, 50.0
18.070000000000025, 50.0, 50.0
18.080000000000027, 50.0, 50.0
18.09000000000003, 50.0, 50.0
18.10000000000003, 50.0, 50.0
18.11000000000003, 50.0, 50.0
18.120000000000033, 50.0, 50.0
18.130000000000035, 50.0, 50.0
18.140000000000036, 50.0, 50.0
18.150000000000038, 50.0, 50.0
18.16000000000004, 50.0, 50.0
18.17000000000004, 50.0, 50.0
18.180000000000042, 50.0, 50.0
18.190000000000044, 50.0, 50.0
18.200000000000045, 50.0, 50.0
18.210000000000047, 50.0, 50.0
18.22000000000005, 50.0, 50.0
18.23000000000005, 50.0, 50.0
18.24000000000005, 50.0, 50.0
18.250000000000053, 50.0, 50.0
18.260000000000055, 50.0, 50.0
18.270000000000056, 50.0, 50.0
18.280000000000058, 50.0, 50.0
18.29000000000006, 50.0, 50.0
18.30000000000006, 50.0, 50.0
18.310000000000063, 50.0, 50.0
18.320000000000064, 50.0, 50.0
18.330000000000066, 50.0, 50.0
18.340000000000067, 50.0, 50.0
18.35000000000007, 50.0, 50.0
18.36000000000007, 50.0, 50.0
18.370000000000072, 50.0, 50.0
18.380000000000074, 50.0, 50.0
18.390000000000075, 50.0, 50.0
18.400000000000077, 50.0, 50.0
18.41000000000008, 50.0, 50.0
18.42000000000008, 50.0, 50.0
18.43000000000008, 50.0, 50.0
18.440000000000083, 50.0, 50.0
18.450000000000085, 50.0, 50.0
18.460000000000086, 50.0, 50.0
18.470000000000088, 50.0, 50.0
18.48000000000009, 50.0, 50.0
18.49000000000009, 50.0, 50.0
18.500000000000092, 50.0, 50.0
18.510000000000094, 50.0, 50.0
18.520000000000095, 50.0, 50.0
18.530000000000097, 50.0, 50.0
18.5400000000001, 50.0, 50.0
18.5500000000001, 50.0, 50.0
18.5600000000001, 50.0, 50.0
18.570000000000103, 50.0, 50.0
18.580000000000105, 50.0, 50.0
18.590000000000106, 50.0, 50.0
18.600000000000108, 50.0, 50.0
18.61000000000011, 50.0, 50.0
18.62000000000011, 50.0, 50.0
18.630000000000113, 50.0, 50.0
18.640000000000114, 50.0, 50.0
18.650000000000116, 50.0, 50.0
18.660000000000117, 50.0, 50.0
18.67000000000012, 50.0, 50.0
18.68000000000012, 50.0, 50.0
18.690000000000122, 50.0, 50.0
18.700000000000124, 50.0, 50.0
18.710000000000125, 50.0, 50.0
18.720000000000127, 50.0, 50.0
18.73000000000013, 50.0, 50.0
18.74000000000013, 50.0, 50.0
18.75000000000013, 50.0, 50.0
18.760000000000133, 50.0, 50.0
18.770000000000135, 50.0, 50.0
18.780000000000136, 50.0, 50.0
18.790000000000138, 50.0, 50.0
18.80000000000014, 50.0, 50.0
18.81000000000014, 50.0, 50.0
18.820000000000142, 50.0, 50.0
18.830000000000144, 50.0, 50.0
18.840000000000146, 50.0, 50.0
18.850000000000147, 50.0, 50.0
18.86000000000015, 50.0, 50.0
18.87000000000015, 50.0, 50.0
18.88000000000015, 50.0, 50.0
18.890000000000153, 50.0, 50.0
18.900000000000155, 50.0, 50.0
18.910000000000156, 50.0, 50.0
18.920000000000158, 50.0, 50.0
18.93000000000016, 50.0, 50.0
18.94000000000016, 50.0, 50.0
18.950000000000163, 50.0, 50.0
18.960000000000164, 50.0, 50.0
18.970000000000166, 50.0, 50.0
18.980000000000167, 50.0, 50.0
18.99000000000017, 50.0, 50.0
19.00000000000017, 50.0, 50.0
19.010000000000172, 50.0, 50.0
19.020000000000174, 50.0, 50.0
19.030000000000175, 50.0, 50.0
19.040000000000177, 50.0, 50.0
19.05000000000018, 50.0, 50.0
19.06000000000018, 50.0, 50.0
19.07000000000018, 50.0, 50.0
19.080000000000183, 50.0, 50.0
19.090000000000185, 50.0, 50.0
19.100000000000186, 50.0, 50.0
19.110000000000188, 50.0, 50.0
19.12000000000019, 50.0, 50.0
19.13000000000019, 50.0, 50.0
19.140000000000192, 50.0, 50.0
19.150000000000194, 50.0, 50.0
19.160000000000196, 50.0, 50.0
19.170000000000197, 50.0, 50.0
19.1800000000002, 50.0, 50.0
19.1900000000002, 50.0, 50.0
19.200000000000202, 50.0, 50.0
19.210000000000203, 50.0, 50.0
19.220000000000205, 50.0, 50.0
19.230000000000206, 50.0, 50.0
19.240000000000208, 50.0, 50.0
19.25000000000021, 50.0, 50.0
19.26000000000021, 50.0, 50.0
19.270000000000213, 50.0, 50.0
19.280000000000214, 50.0, 50.0
19.290000000000216, 50.0, 50.0
19.300000000000217, 50.0, 50.0
19.31000000000022, 50.0, 50.0
19.32000000000022, 50.0, 50.0
19.330000000000222, 50.0, 50.0
19.340000000000224, 50.0, 50.0
19.350000000000225, 50.0, 50.0
19.360000000000227, 50.0, 50.0
19.37000000000023, 50.0, 50.0
19.38000000000023, 50.0, 50.0
19.39000000000023, 50.0, 50.0
19.400000000000233, 50.0, 50.0
19.410000000000235, 50.0, 50.0
19.420000000000236, 50.0, 50.0
19.430000000000238, 50.0, 50.0
19.44000000000024, 50.0, 50.0
19.45000000000024, 50.0, 50.0
19.460000000000242, 50.0, 50.0
19.470000000000244, 50.0, 50.0
19.480000000000246, 50.0, 50.0
19.490000000000247, 50.0, 50.0
19.50000000000025, 50.0, 50.0
19.51000000000025, 50.0, 50.0
19.520000000000252, 50.0, 50.0
19.530000000000253, 50.0, 50.0
19.540000000000255, 50.0, 50.0
19.550000000000257, 50.0, 50.0
19.560000000000258, 50.0, 50.0
19.57000000000026, 50.0, 50.0
19.58000000000026, 50.0, 50.0
19.590000000000263, 50.0, 50.0
19.600000000000264, 50.0, 50.0
19.610000000000266, 50.0, 50.0
19.620000000000267, 50.0, 50.0
19.63000000000027, 50.0, 50.0
19.64000000000027, 50.0, 50.0
19.650000000000272, 50.0, 50.0
19.660000000000274, 50.0, 50.0
19.670000000000275, 50.0, 50.0
19.680000000000277, 50.0, 50.0
19.69000000000028, 50.0, 50.0
19.70000000000028, 50.0, 50.0
19.71000000000028, 50.0, 50.0
19.720000000000283, 50.0, 50.0
19.730000000000285, 50.0, 50.0
19.740000000000286, 50.0, 50.0
19.750000000000288, 50.0, 50.0
19.76000000000029, 50.0, 50.0
19.77000000000029, 50.0, 50.0
19.780000000000292, 50.0, 50.0
19.790000000000294, 50.0, 50.0
19.800000000000296, 50.0, 50.0
19.810000000000297, 50.0, 50.0
19.8200000000003, 50.0, 50.0
19.8300000000003, 50.0, 50.0
19.840000000000302, 50.0, 50.0
19.850000000000303, 50.0, 50.0
19.860000000000305, 50.0, 50.0
19.870000000000307, 50.0, 50.0
19.880000000000308, 50.0, 50.0
19.89000000000031, 50.0, 50.0
19.90000000000031, 50.0, 50.0
19.910000000000313, 50.0, 50.0
19.920000000000314, 50.0, 50.0
19.930000000000316, 50.0, 50.0
19.940000000000317, 50.0, 50.0
19.95000000000032, 50.0, 50.0
19.96000000000032, 50.0, 50.0
19.970000000000322, 50.0, 50.0
19.980000000000324, 50.0, 50.0
19.990000000000325, 50.0, 50.0
20.000000000000327, 50.0, 50.0
20.01000000000033, 50.0, 50.0
20.02000000000033, 50.0, 50.0
20.03000000000033, 50.0, 50.0
20.040000000000333, 50.0, 50.0
20.050000000000335, 50.0, 50.0
20.060000000000336, 50.0, 50.0
20.070000000000338, 50.0, 50.0
20.08000000000034, 50.0, 50.0
20.09000000000034, 50.0, 50.0
20.100000000000342, 50.0, 50.0
20.110000000000344, 50.0, 50.0
20.120000000000346, 50.0, 50.0
20.130000000000347, 50.0, 50.0
20.14000000000035, 50.0, 50.0
20.15000000000035, 50.0, 50.0
20.160000000000352, 50.0, 50.0
20.170000000000353, 50.0, 50.0
20.180000000000355, 50.0, 50.0
20.190000000000357, 50.0, 50.0
20.200000000000358, 50.0, 50.0
20.21000000000036, 50.0, 50.0
20.22000000000036, 50.0, 50.0
20.230000000000363, 50.0, 50.0
20.240000000000364, 50.0, 50.0
20.250000000000366, 50.0, 50.0
20.260000000000367, 50.0, 50.0
20.27000000000037, 50.0, 50.0
20.28000000000037, 50.0, 50.0
20.290000000000372, 50.0, 50.0
20.300000000000374, 50.0, 50.0
20.310000000000375, 50.0, 50.0
20.320000000000377, 50.0, 50.0
20.33000000000038, 50.0, 50.0
20.34000000000038, 50.0, 50.0
20.35000000000038, 50.0, 50.0
20.360000000000383, 50.0, 50.0
20.370000000000385, 50.0, 50.0
20.380000000000386, 50.0, 50.0
20.390000000000388, 50.0, 50.0
20.40000000000039, 50.0, 50.0
20.41000000000039, 50.0, 50.0
20.420000000000393, 50.0, 50.0
20.430000000000394, 50.0, 50.0
20.440000000000396, 50.0, 50.0
20.450000000000397, 50.0, 50.0
20.4600000000004, 50.0, 50.0
20.4700000000004, 50.0, 50.0
20.480000000000402, 50.0, 50.0
20.490000000000403, 50.0, 50.0
20.500000000000405, 50.0, 50.0
20.510000000000407, 50.0, 50.0
20.520000000000408, 50.0, 50.0
20.53000000000041, 50.0, 50.0
20.54000000000041, 50.0, 50.0
20.550000000000413, 50.0, 50.0
20.560000000000414, 50.0, 50.0
20.570000000000416, 50.0, 50.0
20.580000000000418, 50.0, 50.0
20.59000000000042, 50.0, 50.0
20.60000000000042, 50.0, 50.0
20.610000000000422, 50.0, 50.0
20.620000000000424, 50.0, 50.0
20.630000000000425, 50.0, 50.0
20.640000000000427, 50.0, 50.0
20.65000000000043, 50.0, 50.0
20.66000000000043, 50.0, 50.0
20.67000000000043, 50.0, 50.0
20.680000000000433, 50.0, 50.0
20.690000000000435, 50.0, 50.0
20.700000000000436, 50.0, 50.0
20.710000000000438, 50.0, 50.0
20.72000000000044, 50.0, 50.0
20.73000000000044, 50.0, 50.0
20.740000000000443, 50.0, 50.0
20.750000000000444, 50.0, 50.0
20.760000000000446, 50.0, 50.0
20.770000000000447, 50.0, 50.0
20.78000000000045, 50.0, 50.0
20.79000000000045, 50.0, 50.0
20.800000000000452, 50.0, 50.0
20.810000000000453, 50.0, 50.0
20.820000000000455, 50.0, 50.0
20.830000000000457, 50.0, 50.0
20.840000000000458, 50.0, 50.0
20.85000000000046, 50.0, 50.0
20.86000000000046, 50.0, 50.0
20.870000000000463, 50.0, 50.0
20.880000000000464, 50.0, 50.0
20.890000000000466, 50.0, 50.0
20.900000000000468, 50.0, 50.0
20.91000000000047, 50.0, 50.0
20.92000000000047, 50.0, 50.0
20.930000000000472, 50.0, 50.0
20.940000000000474, 50.0, 50.0
20.950000000000475, 50.0, 50.0
20.960000000000477, 50.0, 50.0
20.97000000000048, 50.0, 50.0
20.98000000000048, 50.0, 50.0
20.99000000000048, 50.0, 50.0
21.000000000000483, 50.0, 50.0
21.010000000000485, 50.0, 50.0
21.020000000000486, 50.0, 50.0
21.030000000000488, 50.0, 50.0
21.04000000000049, 50.0, 50.0
21.05000000000049, 50.0, 50.0
21.060000000000493, 50.0, 50.0
21.070000000000494, 50.0, 50.0
21.080000000000496, 50.0, 50.0
21.090000000000497, 50.0, 50.0
21.1000000000005, 50.0, 50.0
21.1100000000005, 50.0, 50.0
21.120000000000502, 50.0, 50.0
21.130000000000503, 50.0, 50.0
21.140000000000505, 50.0, 50.0
21.150000000000507, 50.0, 50.0
21.160000000000508, 50.0, 50.0
21.17000000000051, 50.0, 50.0
21.18000000000051, 50.0, 50.0
21.190000000000513, 50.0, 50.0
21.200000000000514, 50.0, 50.0
21.210000000000516, 50.0, 50.0
21.220000000000518, 50.0, 50.0
21.23000000000052, 50.0, 50.0
21.24000000000052, 50.0, 50.0
21.250000000000522, 50.0, 50.0
21.260000000000524, 50.0, 50.0
21.270000000000525, 50.0, 50.0
21.280000000000527, 50.0, 50.0
21.29000000000053, 50.0, 50.0
21.30000000000053, 50.0, 50.0
21.31000000000053, 50.0, 50.0
21.320000000000533, 50.0, 50.0
21.330000000000535, 50.0, 50.0
21.340000000000536, 50.0, 50.0
21.350000000000538, 50.0, 50.0
21.36000000000054, 50.0, 50.0
21.37000000000054, 50.0, 50.0
21.380000000000543, 50.0, 50.0
21.390000000000544, 50.0, 50.0
21.400000000000546, 50.0, 50.0
21.410000000000547, 50.0, 50.0
21.42000000000055, 50.0, 50.0
21.43000000000055, 50.0, 50.0
21.440000000000552, 50.0, 50.0
21.450000000000554, 50.0, 50.0
21.460000000000555, 50.0, 50.0
21.470000000000557, 50.0, 50.0
21.480000000000558, 50.0, 50.0
21.49000000000056, 50.0, 50.0
21.50000000000056, 50.0, 50.0
21.510000000000563, 50.0, 50.0
21.520000000000564, 50.0, 50.0
21.530000000000566, 50.0, 50.0
21.540000000000568, 50.0, 50.0
21.55000000000057, 50.0, 50.0
21.56000000000057, 50.0, 50.0
21.570000000000572, 50.0, 50.0
21.580000000000574, 50.0, 50.0
21.590000000000575, 50.0, 50.0
21.600000000000577, 50.0, 50.0
21.61000000000058, 50.0, 50.0
21.62000000000058, 50.0, 50.0
21.63000000000058, 50.0, 50.0
21.640000000000583, 50.0, 50.0
21.650000000000585, 50.0, 50.0
21.660000000000586, 50.0, 50.0
21.670000000000588, 50.0, 50.0
21.68000000000059, 50.0, 50.0
21.69000000000059, 50.0, 50.0
21.700000000000593, 50.0, 50.0
21.710000000000594, 50.0, 50.0
21.720000000000596, 50.0, 50.0
21.730000000000597, 50.0, 50.0
21.7400000000006, 50.0, 50.0
21.7500000000006, 50.0, 50.0
21.760000000000602, 50.0, 50.0
21.770000000000604, 50.0, 50.0
21.780000000000605, 50.0, 50.0
21.790000000000607, 50.0, 50.0
21.80000000000061, 50.0, 50.0
21.81000000000061, 50.0, 50.0
21.82000000000061, 50.0, 50.0
21.830000000000613, 50.0, 50.0
21.840000000000614, 50.0, 50.0
21.850000000000616, 50.0, 50.0
21.860000000000618, 50.0, 50.0
21.87000000000062, 50.0, 50.0
21.88000000000062, 50.0, 50.0
21.890000000000622, 50.0, 50.0
21.900000000000624, 50.0, 50.0
21.910000000000625, 50.0, 50.0
21.920000000000627, 50.0, 50.0
21.93000000000063, 50.0, 50.0
21.94000000000063, 50.0, 50.0
21.95000000000063, 50.0, 50.0
21.960000000000633, 50.0, 50.0
21.970000000000635, 50.0, 50.0
21.980000000000636, 50.0, 50.0
21.990000000000638, 50.0, 50.0
22.00000000000064, 50.0, 50.0
22.01000000000064, 50.0, 50.0
22.020000000000643, 50.0, 50.0
22.030000000000644, 50.0, 50.0
22.040000000000646, 50.0, 50.0
22.050000000000647, 50.0, 50.0
22.06000000000065, 50.0, 50.0
22.07000000000065, 50.0, 50.0
22.080000000000652, 50.0, 50.0
22.090000000000654, 50.0, 50.0
22.100000000000655, 50.0, 50.0
22.110000000000657, 50.0, 50.0
22.12000000000066, 50.0, 50.0
22.13000000000066, 50.0, 50.0
22.14000000000066, 50.0, 50.0
22.150000000000663, 50.0, 50.0
22.160000000000664, 50.0, 50.0
22.170000000000666, 50.0, 50.0
22.180000000000668, 50.0, 50.0
22.19000000000067, 50.0, 50.0
22.20000000000067, 50.0, 50.0
22.210000000000672, 50.0, 50.0
22.220000000000674, 50.0, 50.0
22.230000000000675, 50.0, 50.0
22.240000000000677, 50.0, 50.0
22.25000000000068, 50.0, 50.0
22.26000000000068, 50.0, 50.0
22.27000000000068, 50.0, 50.0
22.280000000000683, 50.0, 50.0
22.290000000000685, 50.0, 50.0
22.300000000000686, 50.0, 50.0
22.310000000000688, 50.0, 50.0
22.32000000000069, 50.0, 50.0
22.33000000000069, 50.0, 50.0
22.340000000000693, 50.0, 50.0
22.350000000000694, 50.0, 50.0
22.360000000000696, 50.0, 50.0
22.370000000000697, 50.0, 50.0
22.3800000000007, 50.0, 50.0
22.3900000000007, 50.0, 50.0
22.400000000000702, 50.0, 50.0
22.410000000000704, 50.0, 50.0
22.420000000000705, 50.0, 50.0
22.430000000000707, 50.0, 50.0
22.44000000000071, 50.0, 50.0
22.45000000000071, 50.0, 50.0
22.46000000000071, 50.0, 50.0
22.470000000000713, 50.0, 50.0
22.480000000000715, 50.0, 50.0
22.490000000000716, 50.0, 50.0
22.500000000000718, 50.0, 50.0
22.51000000000072, 50.0, 50.0
22.52000000000072, 50.0, 50.0
22.530000000000722, 50.0, 50.0
22.540000000000724, 50.0, 50.0
22.550000000000725, 50.0, 50.0
22.560000000000727, 50.0, 50.0
22.57000000000073, 50.0, 50.0
22.58000000000073, 50.0, 50.0
22.59000000000073, 50.0, 50.0
22.600000000000733, 50.0, 50.0
22.610000000000735, 50.0, 50.0
22.620000000000736, 50.0, 50.0
22.630000000000738, 50.0, 50.0
22.64000000000074, 50.0, 50.0
22.65000000000074, 50.0, 50.0
22.660000000000743, 50.0, 50.0
22.670000000000744, 50.0, 50.0
22.680000000000746, 50.0, 50.0
22.690000000000747, 50.0, 50.0
22.70000000000075, 50.0, 50.0
22.71000000000075, 50.0, 50.0
22.720000000000752, 50.0, 50.0
22.730000000000754, 50.0, 50.0
22.740000000000755, 50.0, 50.0
22.750000000000757, 50.0, 50.0
22.76000000000076, 50.0, 50.0
22.77000000000076, 50.0, 50.0
22.78000000000076, 50.0, 50.0
22.790000000000763, 50.0, 50.0
22.800000000000765, 50.0, 50.0
22.810000000000766, 50.0, 50.0
22.820000000000768, 50.0, 50.0
22.83000000000077, 50.0, 50.0
22.84000000000077, 50.0, 50.0
22.850000000000772, 50.0, 50.0
22.860000000000774, 50.0, 50.0
22.870000000000775, 50.0, 50.0
22.880000000000777, 50.0, 50.0
22.89000000000078, 50.0, 50.0
22.90000000000078, 50.0, 50.0
22.91000000000078, 50.0, 50.0
22.920000000000783, 50.0, 50.0
22.930000000000785, 50.0, 50.0
22.940000000000786, 50.0, 50.0
22.950000000000788, 50.0, 50.0
22.96000000000079, 50.0, 50.0
22.97000000000079, 50.0, 50.0
22.980000000000793, 50.0, 50.0
22.990000000000794, 50.0, 50.0
23.000000000000796, 50.0, 50.0
23.010000000000797, 50.0, 50.0
23.0200000000008, 50.0, 50.0
23.0300000000008, 50.0, 50.0
23.040000000000802, 50.0, 50.0
23.050000000000804, 50.0, 50.0
23.060000000000805, 50.0, 50.0
23.070000000000807, 50.0, 50.0
23.08000000000081, 50.0, 50.0
23.09000000000081, 50.0, 50.0
23.10000000000081, 50.0, 50.0
23.110000000000813, 50.0, 50.0
23.120000000000815, 50.0, 50.0
23.130000000000816, 50.0, 50.0
23.140000000000818, 50.0, 50.0
23.15000000000082, 50.0, 50.0
23.16000000000082, 50.0, 50.0
23.170000000000822, 50.0, 50.0
23.180000000000824, 50.0, 50.0
23.190000000000826, 50.0, 50.0
23.200000000000827, 50.0, 50.0
23.21000000000083, 50.0, 50.0
23.22000000000083, 50.0, 50.0
23.23000000000083, 50.0, 50.0
23.240000000000833, 50.0, 50.0
23.250000000000835, 50.0, 50.0
23.260000000000836, 50.0, 50.0
23.270000000000838, 50.0, 50.0
23.28000000000084, 50.0, 50.0
23.29000000000084, 50.0, 50.0
23.300000000000843, 50.0, 50.0
23.310000000000844, 50.0, 50.0
23.320000000000846, 50.0, 50.0
23.330000000000847, 50.0, 50.0
23.34000000000085, 50.0, 50.0
23.35000000000085, 50.0, 50.0
23.360000000000852, 50.0, 50.0
23.370000000000854, 50.0, 50.0
23.380000000000855, 50.0, 50.0
23.390000000000857, 50.0, 50.0
23.40000000000086, 50.0, 50.0
23.41000000000086, 50.0, 50.0
23.42000000000086, 50.0, 50.0
23.430000000000863, 50.0, 50.0
23.440000000000865, 50.0, 50.0
23.450000000000866, 50.0, 50.0
23.460000000000868, 50.0, 50.0
23.47000000000087, 50.0, 50.0
23.48000000000087, 50.0, 50.0
23.490000000000872, 50.0, 50.0
23.500000000000874, 50.0, 50.0
23.510000000000876, 50.0, 50.0
23.520000000000877, 50.0, 50.0
23.53000000000088, 50.0, 50.0
23.54000000000088, 50.0, 50.0
23.550000000000882, 50.0, 50.0
23.560000000000883, 50.0, 50.0
23.570000000000885, 50.0, 50.0
23.580000000000886, 50.0, 50.0
23.590000000000888, 50.0, 50.0
23.60000000000089, 50.0, 50.0
23.61000000000089, 50.0, 50.0
23.620000000000893, 50.0, 50.0
23.630000000000894, 50.0, 50.0
23.640000000000896, 50.0, 50.0
23.650000000000897, 50.0, 50.0
23.6600000000009, 50.0, 50.0
23.6700000000009, 50.0, 50.0
23.680000000000902, 50.0, 50.0
23.690000000000904, 50.0, 50.0
23.700000000000905, 50.0, 50.0
23.710000000000907, 50.0, 50.0
23.72000000000091, 50.0, 50.0
23.73000000000091, 50.0, 50.0
23.74000000000091, 50.0, 50.0
23.750000000000913, 50.0, 50.0
23.760000000000915, 50.0, 50.0
23.770000000000916, 50.0, 50.0
23.780000000000918, 50.0, 50.0
23.79000000000092, 50.0, 50.0
23.80000000000092, 50.0, 50.0
23.810000000000922, 50.0, 50.0
23.820000000000924, 50.0, 50.0
23.830000000000926, 50.0, 50.0
23.840000000000927, 50.0, 50.0
23.85000000000093, 50.0, 50.0
23.86000000000093, 50.0, 50.0
23.870000000000932, 50.0, 50.0
23.880000000000933, 50.0, 50.0
23.890000000000935, 50.0, 50.0
23.900000000000936, 50.0, 50.0
23.910000000000938, 50.0, 50.0
23.92000000000094, 50.0, 50.0
23.93000000000094, 50.0, 50.0
23.940000000000943, 50.0, 50.0
23.950000000000944, 50.0, 50.0
23.960000000000946, 50.0, 50.0
23.970000000000947, 50.0, 50.0
23.98000000000095, 50.0, 50.0
23.99000000000095, 50.0, 50.0
24.000000000000952, 50.0, 50.0
24.010000000000954, 50.0, 50.0
24.020000000000955, 50.0, 50.0
24.030000000000957, 50.0, 50.0
24.04000000000096, 50.0, 50.0
24.05000000000096, 50.0, 50.0
24.06000000000096, 50.0, 50.0
24.070000000000963, 50.0, 50.0
24.080000000000965, 50.0, 50.0
24.090000000000966, 50.0, 50.0
24.100000000000968, 50.0, 50.0
24.11000000000097, 50.0, 50.0
24.12000000000097, 50.0, 50.0
24.130000000000972, 50.0, 50.0
24.140000000000974, 50.0, 50.0
24.150000000000976, 50.0, 50.0
24.160000000000977, 50.0, 50.0
24.17000000000098, 50.0, 50.0
24.18000000000098, 50.0, 50.0
24.190000000000982, 50.0, 50.0
24.200000000000983, 50.0, 50.0
24.210000000000985, 50.0, 50.0
24.220000000000987, 50.0, 50.0
24.230000000000988, 50.0, 50.0
24.24000000000099, 50.0, 50.0
24.25000000000099, 50.0, 50.0
24.260000000000993, 50.0, 50.0
24.270000000000994, 50.0, 50.0
24.280000000000996, 50.0, 50.0
24.290000000000997, 50.0, 50.0
24.300000000001, 50.0, 50.0
24.310000000001, 50.0, 50.0
24.320000000001002, 50.0, 50.0
24.330000000001004, 50.0, 50.0
24.340000000001005, 50.0, 50.0
24.350000000001007, 50.0, 50.0
24.36000000000101, 50.0, 50.0
24.37000000000101, 50.0, 50.0
24.38000000000101, 50.0, 50.0
24.390000000001013, 50.0, 50.0
24.400000000001015, 50.0, 50.0
24.410000000001016, 50.0, 50.0
24.420000000001018, 50.0, 50.0
24.43000000000102, 50.0, 50.0
24.44000000000102, 50.0, 50.0
24.450000000001022, 50.0, 50.0
24.460000000001024, 50.0, 50.0
24.470000000001026, 50.0, 50.0
24.480000000001027, 50.0, 50.0
24.49000000000103, 50.0, 50.0
24.50000000000103, 50.0, 50.0
24.510000000001032, 50.0, 50.0
24.520000000001033, 50.0, 50.0
24.530000000001035, 50.0, 50.0
24.540000000001037, 50.0, 50.0
24.550000000001038, 50.0, 50.0
24.56000000000104, 50.0, 50.0
24.57000000000104, 50.0, 50.0
24.580000000001043, 50.0, 50.0
24.590000000001044, 50.0, 50.0
24.600000000001046, 50.0, 50.0
24.610000000001047, 50.0, 50.0
24.62000000000105, 50.0, 50.0
24.63000000000105, 50.0, 50.0
24.640000000001052, 50.0, 50.0
24.650000000001054, 50.0, 50.0
24.660000000001055, 50.0, 50.0
24.670000000001057, 50.0, 50.0
24.68000000000106, 50.0, 50.0
24.69000000000106, 50.0, 50.0
24.70000000000106, 50.0, 50.0
24.710000000001063, 50.0, 50.0
24.720000000001065, 50.0, 50.0
24.730000000001066, 50.0, 50.0
24.740000000001068, 50.0, 50.0
24.75000000000107, 50.0, 50.0
24.76000000000107, 50.0, 50.0
24.770000000001072, 50.0, 50.0
24.780000000001074, 50.0, 50.0
24.790000000001076, 50.0, 50.0
24.800000000001077, 50.0, 50.0
24.81000000000108, 50.0, 50.0
24.82000000000108, 50.0, 50.0
24.830000000001082, 50.0, 50.0
24.840000000001083, 50.0, 50.0
24.850000000001085, 50.0, 50.0
24.860000000001087, 50.0, 50.0
24.870000000001088, 50.0, 50.0
24.88000000000109, 50.0, 50.0
24.89000000000109, 50.0, 50.0
24.900000000001093, 50.0, 50.0
24.910000000001094, 50.0, 50.0
24.920000000001096, 50.0, 50.0
24.930000000001098, 50.0, 50.0
24.9400000000011, 50.0, 50.0
24.9500000000011, 50.0, 50.0
24.960000000001102, 50.0, 50.0
24.970000000001104, 50.0, 50.0
24.980000000001105, 50.0, 50.0
24.990000000001107, 50.0, 50.0
25.00000000000111, 50.0, 50.0
25.01000000000111, 50.0, 50.0
25.02000000000111, 50.0, 50.0
25.030000000001113, 50.0, 50.0
25.040000000001115, 50.0, 50.0
25.050000000001116, 50.0, 50.0
25.060000000001118, 50.0, 50.0
25.07000000000112, 50.0, 50.0
25.08000000000112, 50.0, 50.0
25.090000000001123, 50.0, 50.0
25.100000000001124, 50.0, 50.0
25.110000000001126, 50.0, 50.0
25.120000000001127, 50.0, 50.0
25.13000000000113, 50.0, 50.0
25.14000000000113, 50.0, 50.0
25.150000000001132, 50.0, 50.0
25.160000000001133, 50.0, 50.0
25.170000000001135, 50.0, 50.0
25.180000000001137, 50.0, 50.0
25.190000000001138, 50.0, 50.0
25.20000000000114, 50.0, 50.0
25.21000000000114, 50.0, 50.0
25.220000000001143, 50.0, 50.0
25.230000000001144, 50.0, 50.0
25.240000000001146, 50.0, 50.0
25.250000000001148, 50.0, 50.0
25.26000000000115, 50.0, 50.0
25.27000000000115, 50.0, 50.0
25.280000000001152, 50.0, 50.0
25.290000000001154, 50.0, 50.0
25.300000000001155, 50.0, 50.0
25.310000000001157, 50.0, 50.0
25.32000000000116, 50.0, 50.0
25.33000000000116, 50.0, 50.0
25.34000000000116, 50.0, 50.0
25.350000000001163, 50.0, 50.0
25.360000000001165, 50.0, 50.0
25.370000000001166, 50.0, 50.0
25.380000000001168, 50.0, 50.0
25.39000000000117, 50.0, 50.0
25.40000000000117, 50.0, 50.0
25.410000000001173, 50.0, 50.0
25.420000000001174, 50.0, 50.0
25.430000000001176, 50.0, 50.0
25.440000000001177, 50.0, 50.0
25.45000000000118, 50.0, 50.0
25.46000000000118, 50.0, 50.0
25.470000000001182, 50.0, 50.0
25.480000000001183, 50.0, 50.0
25.490000000001185, 50.0, 50.0
25.500000000001187, 50.0, 50.0
25.510000000001188, 50.0, 50.0
25.52000000000119, 50.0, 50.0
25.53000000000119, 50.0, 50.0
25.540000000001193, 50.0, 50.0
25.550000000001194, 50.0, 50.0
25.560000000001196, 50.0, 50.0
25.570000000001198, 50.0, 50.0
25.5800000000012, 50.0, 50.0
25.5900000000012, 50.0, 50.0
25.600000000001202, 50.0, 50.0
25.610000000001204, 50.0, 50.0
25.620000000001205, 50.0, 50.0
25.630000000001207, 50.0, 50.0
25.64000000000121, 50.0, 50.0
25.65000000000121, 50.0, 50.0
25.66000000000121, 50.0, 50.0
25.670000000001213, 50.0, 50.0
25.680000000001215, 50.0, 50.0
25.690000000001216, 50.0, 50.0
25.700000000001218, 50.0, 50.0
25.71000000000122, 50.0, 50.0
25.72000000000122, 50.0, 50.0
25.730000000001223, 50.0, 50.0
25.740000000001224, 50.0, 50.0
25.750000000001226, 50.0, 50.0
25.760000000001227, 50.0, 50.0
25.77000000000123, 50.0, 50.0
25.78000000000123, 50.0, 50.0
25.790000000001232, 50.0, 50.0
25.800000000001234, 50.0, 50.0
25.810000000001235, 50.0, 50.0
25.820000000001237, 50.0, 50.0
25.830000000001238, 50.0, 50.0
25.84000000000124, 50.0, 50.0
25.85000000000124, 50.0, 50.0
25.860000000001243, 50.0, 50.0
25.870000000001244, 50.0, 50.0
25.880000000001246, 50.0, 50.0
25.890000000001248, 50.0, 50.0
25.90000000000125, 50.0, 50.0
25.91000000000125, 50.0, 50.0
25.920000000001252, 50.0, 50.0
25.930000000001254, 50.0, 50.0
25.940000000001255, 50.0, 50.0
25.950000000001257, 50.0, 50.0
25.96000000000126, 50.0, 50.0
25.97000000000126, 50.0, 50.0
25.98000000000126, 50.0, 50.0
25.990000000001263, 50.0, 50.0
26.000000000001265, 50.0, 50.0
26.010000000001266, 50.0, 50.0
26.020000000001268, 50.0, 50.0
26.03000000000127, 50.0, 50.0
26.04000000000127, 50.0, 50.0
26.050000000001273, 50.0, 50.0
26.060000000001274, 50.0, 50.0
26.070000000001276, 50.0, 50.0
26.080000000001277, 50.0, 50.0
26.09000000000128, 50.0, 50.0
26.10000000000128, 50.0, 50.0
26.110000000001282, 50.0, 50.0
26.120000000001284, 50.0, 50.0
26.130000000001285, 50.0, 50.0
26.140000000001287, 50.0, 50.0
26.150000000001288, 50.0, 50.0
26.16000000000129, 50.0, 50.0
26.17000000000129, 50.0, 50.0
26.180000000001293, 50.0, 50.0
26.190000000001294, 50.0, 50.0
26.200000000001296, 50.0, 50.0
26.210000000001298, 50.0, 50.0
26.2200000000013, 50.0, 50.0
26.2300000000013, 50.0, 50.0
26.240000000001302, 50.0, 50.0
26.250000000001304, 50.0, 50.0
26.260000000001305, 50.0, 50.0
26.270000000001307, 50.0, 50.0
26.28000000000131, 50.0, 50.0
26.29000000000131, 50.0, 50.0
26.30000000000131, 50.0, 50.0
26.310000000001313, 50.0, 50.0
26.320000000001315, 50.0, 50.0
26.330000000001316, 50.0, 50.0
26.340000000001318, 50.0, 50.0
26.35000000000132, 50.0, 50.0
26.36000000000132, 50.0, 50.0
26.370000000001323, 50.0, 50.0
26.380000000001324, 50.0, 50.0
26.390000000001326, 50.0, 50.0
26.400000000001327, 50.0, 50.0
26.41000000000133, 50.0, 50.0
26.42000000000133, 50.0, 50.0
26.430000000001332, 50.0, 50.0
26.440000000001334, 50.0, 50.0
26.450000000001335, 50.0, 50.0
26.460000000001337, 50.0, 50.0
26.47000000000134, 50.0, 50.0
26.48000000000134, 50.0, 50.0
26.49000000000134, 50.0, 50.0
26.500000000001343, 50.0, 50.0
26.510000000001344, 50.0, 50.0
26.520000000001346, 50.0, 50.0
26.530000000001348, 50.0, 50.0
26.54000000000135, 50.0, 50.0
26.55000000000135, 50.0, 50.0
26.560000000001352, 50.0, 50.0
26.570000000001354, 50.0, 50.0
26.580000000001355, 50.0, 50.0
26.590000000001357, 50.0, 50.0
26.60000000000136, 50.0, 50.0
26.61000000000136, 50.0, 50.0
26.62000000000136, 50.0, 50.0
26.630000000001363, 50.0, 50.0
26.640000000001365, 50.0, 50.0
26.650000000001366, 50.0, 50.0
26.660000000001368, 50.0, 50.0
26.67000000000137, 50.0, 50.0
26.68000000000137, 50.0, 50.0
26.690000000001373, 50.0, 50.0
26.700000000001374, 50.0, 50.0
26.710000000001376, 50.0, 50.0
26.720000000001377, 50.0, 50.0
26.73000000000138, 50.0, 50.0
26.74000000000138, 50.0, 50.0
26.750000000001382, 50.0, 50.0
26.760000000001384, 50.0, 50.0
26.770000000001385, 50.0, 50.0
26.780000000001387, 50.0, 50.0
26.79000000000139, 50.0, 50.0
26.80000000000139, 50.0, 50.0
26.81000000000139, 50.0, 50.0
26.820000000001393, 50.0, 50.0
26.830000000001395, 50.0, 50.0
26.840000000001396, 50.0, 50.0
26.850000000001398, 50.0, 50.0
26.8600000000014, 50.0, 50.0
26.8700000000014, 50.0, 50.0
26.880000000001402, 50.0, 50.0
26.890000000001404, 50.0, 50.0
26.900000000001405, 50.0, 50.0
26.910000000001407, 50.0, 50.0
26.92000000000141, 50.0, 50.0
26.93000000000141, 50.0, 50.0
26.94000000000141, 50.0, 50.0
26.950000000001413, 50.0, 50.0
26.960000000001415, 50.0, 50.0
26.970000000001416, 50.0, 50.0
26.980000000001418, 50.0, 50.0
26.99000000000142, 50.0, 50.0
27.00000000000142, 50.0, 50.0
27.010000000001423, 50.0, 50.0
27.020000000001424, 50.0, 50.0
27.030000000001426, 50.0, 50.0
27.040000000001427, 50.0, 50.0
27.05000000000143, 50.0, 50.0
27.06000000000143, 50.0, 50.0
27.070000000001432, 50.0, 50.0
27.080000000001434, 50.0, 50.0
27.090000000001435, 50.0, 50.0
27.100000000001437, 50.0, 50.0
27.11000000000144, 50.0, 50.0
27.12000000000144, 50.0, 50.0
27.13000000000144, 50.0, 50.0
27.140000000001443, 50.0, 50.0
27.150000000001445, 50.0, 50.0
27.160000000001446, 50.0, 50.0
27.170000000001448, 50.0, 50.0
27.18000000000145, 50.0, 50.0
27.19000000000145, 50.0, 50.0
27.200000000001452, 50.0, 50.0
27.210000000001454, 50.0, 50.0
27.220000000001455, 50.0, 50.0
27.230000000001457, 50.0, 50.0
27.24000000000146, 50.0, 50.0
27.25000000000146, 50.0, 50.0
27.26000000000146, 50.0, 50.0
27.270000000001463, 50.0, 50.0
27.280000000001465, 50.0, 50.0
27.290000000001466, 50.0, 50.0
27.300000000001468, 50.0, 50.0
27.31000000000147, 50.0, 50.0
27.32000000000147, 50.0, 50.0
27.330000000001473, 50.0, 50.0
27.340000000001474, 50.0, 50.0
27.350000000001476, 50.0, 50.0
27.360000000001477, 50.0, 50.0
27.37000000000148, 50.0, 50.0
27.38000000000148, 50.0, 50.0
27.390000000001482, 50.0, 50.0
27.400000000001484, 50.0, 50.0
27.410000000001485, 50.0, 50.0
27.420000000001487, 50.0, 50.0
27.43000000000149, 50.0, 50.0
27.44000000000149, 50.0, 50.0
27.45000000000149, 50.0, 50.0
27.460000000001493, 50.0, 50.0
27.470000000001495, 50.0, 50.0
27.480000000001496, 50.0, 50.0
27.490000000001498, 50.0, 50.0
27.5000000000015, 50.0, 50.0
27.5100000000015, 50.0, 50.0
27.520000000001502, 50.0, 50.0
27.530000000001504, 50.0, 50.0
27.540000000001505, 50.0, 50.0
27.550000000001507, 50.0, 50.0
27.56000000000151, 50.0, 50.0
27.57000000000151, 50.0, 50.0
27.58000000000151, 50.0, 50.0
27.590000000001513, 50.0, 50.0
27.600000000001515, 50.0, 50.0
27.610000000001516, 50.0, 50.0
27.620000000001518, 50.0, 50.0
27.63000000000152, 50.0, 50.0
27.64000000000152, 50.0, 50.0
27.650000000001523, 50.0, 50.0
27.660000000001524, 50.0, 50.0
27.670000000001526, 50.0, 50.0
27.680000000001527, 50.0, 50.0
27.69000000000153, 50.0, 50.0
27.70000000000153, 50.0, 50.0
27.710000000001532, 50.0, 50.0
27.720000000001534, 50.0, 50.0
27.730000000001535, 50.0, 50.0
27.740000000001537, 50.0, 50.0
27.75000000000154, 50.0, 50.0
27.76000000000154, 50.0, 50.0
27.77000000000154, 50.0, 50.0
27.780000000001543, 50.0, 50.0
27.790000000001545, 50.0, 50.0
27.800000000001546, 50.0, 50.0
27.810000000001548, 50.0, 50.0
27.82000000000155, 50.0, 50.0
27.83000000000155, 50.0, 50.0
27.840000000001552, 50.0, 50.0
27.850000000001554, 50.0, 50.0
27.860000000001556, 50.0, 50.0
27.870000000001557, 50.0, 50.0
27.88000000000156, 50.0, 50.0
27.89000000000156, 50.0, 50.0
27.90000000000156, 50.0, 50.0
27.910000000001563, 50.0, 50.0
27.920000000001565, 50.0, 50.0
27.930000000001566, 50.0, 50.0
27.940000000001568, 50.0, 50.0
27.95000000000157, 50.0, 50.0
27.96000000000157, 50.0, 50.0
27.970000000001573, 50.0, 50.0
27.980000000001574, 50.0, 50.0
27.990000000001576, 50.0, 50.0
28.000000000001577, 50.0, 50.0
28.01000000000158, 50.0, 50.0
28.02000000000158, 50.0, 50.0
28.030000000001582, 50.0, 50.0
28.040000000001584, 50.0, 50.0
28.050000000001585, 50.0, 50.0
28.060000000001587, 50.0, 50.0
28.07000000000159, 50.0, 50.0
28.08000000000159, 50.0, 50.0
28.09000000000159, 50.0, 50.0
28.100000000001593, 50.0, 50.0
28.110000000001595, 50.0, 50.0
28.120000000001596, 50.0, 50.0
28.130000000001598, 50.0, 50.0
28.1400000000016, 50.0, 50.0
28.1500000000016, 50.0, 50.0
28.160000000001602, 50.0, 50.0
28.170000000001604, 50.0, 50.0
28.180000000001606, 50.0, 50.0
28.190000000001607, 50.0, 50.0
28.20000000000161, 50.0, 50.0
28.21000000000161, 50.0, 50.0
28.220000000001612, 50.0, 50.0
28.230000000001613, 50.0, 50.0
28.240000000001615, 50.0, 50.0
28.250000000001616, 50.0, 50.0
28.260000000001618, 50.0, 50.0
28.27000000000162, 50.0, 50.0
28.28000000000162, 50.0, 50.0
28.290000000001623, 50.0, 50.0
28.300000000001624, 50.0, 50.0
28.310000000001626, 50.0, 50.0
28.320000000001627, 50.0, 50.0
28.33000000000163, 50.0, 50.0
28.34000000000163, 50.0, 50.0
28.350000000001632, 50.0, 50.0
28.360000000001634, 50.0, 50.0
28.370000000001635, 50.0, 50.0
28.380000000001637, 50.0, 50.0
28.39000000000164, 50.0, 50.0
28.40000000000164, 50.0, 50.0
28.41000000000164, 50.0, 50.0
28.420000000001643, 50.0, 50.0
28.430000000001645, 50.0, 50.0
28.440000000001646, 50.0, 50.0
28.450000000001648, 50.0, 50.0
28.46000000000165, 50.0, 50.0
28.47000000000165, 50.0, 50.0
28.480000000001652, 50.0, 50.0
28.490000000001654, 50.0, 50.0
28.500000000001656, 50.0, 50.0
28.510000000001657, 50.0, 50.0
28.52000000000166, 50.0, 50.0
28.53000000000166, 50.0, 50.0
28.540000000001662, 50.0, 50.0
28.550000000001663, 50.0, 50.0
28.560000000001665, 50.0, 50.0
28.570000000001667, 50.0, 50.0
28.580000000001668, 50.0, 50.0
28.59000000000167, 50.0, 50.0
28.60000000000167, 50.0, 50.0
28.610000000001673, 50.0, 50.0
28.620000000001674, 50.0, 50.0
28.630000000001676, 50.0, 50.0
28.640000000001677, 50.0, 50.0
28.65000000000168, 50.0, 50.0
28.66000000000168, 50.0, 50.0
28.670000000001682, 50.0, 50.0
28.680000000001684, 50.0, 50.0
28.690000000001685, 50.0, 50.0
28.700000000001687, 50.0, 50.0
28.71000000000169, 50.0, 50.0
28.72000000000169, 50.0, 50.0
28.73000000000169, 50.0, 50.0
28.740000000001693, 50.0, 50.0
28.750000000001695, 50.0, 50.0
28.760000000001696, 50.0, 50.0
28.770000000001698, 50.0, 50.0
28.7800000000017, 50.0, 50.0
28.7900000000017, 50.0, 50.0
28.800000000001702, 50.0, 50.0
28.810000000001704, 50.0, 50.0
28.820000000001706, 50.0, 50.0
28.830000000001707, 50.0, 50.0
28.84000000000171, 50.0, 50.0
28.85000000000171, 50.0, 50.0
28.860000000001712, 50.0, 50.0
28.870000000001713, 50.0, 50.0
28.880000000001715, 50.0, 50.0
28.890000000001717, 50.0, 50.0
28.900000000001718, 50.0, 50.0
28.91000000000172, 50.0, 50.0
28.92000000000172, 50.0, 50.0
28.930000000001723, 50.0, 50.0
28.940000000001724, 50.0, 50.0
28.950000000001726, 50.0, 50.0
28.960000000001727, 50.0, 50.0
28.97000000000173, 50.0, 50.0
28.98000000000173, 50.0, 50.0
28.990000000001732, 50.0, 50.0
29.000000000001734, 50.0, 50.0
29.010000000001735, 50.0, 50.0
29.020000000001737, 50.0, 50.0
29.03000000000174, 50.0, 50.0
29.04000000000174, 50.0, 50.0
29.05000000000174, 50.0, 50.0
29.060000000001743, 50.0, 50.0
29.070000000001745, 50.0, 50.0
29.080000000001746, 50.0, 50.0
29.090000000001748, 50.0, 50.0
29.10000000000175, 50.0, 50.0
29.11000000000175, 50.0, 50.0
29.120000000001752, 50.0, 50.0
29.130000000001754, 50.0, 50.0
29.140000000001756, 50.0, 50.0
29.150000000001757, 50.0, 50.0
29.16000000000176, 50.0, 50.0
29.17000000000176, 50.0, 50.0
29.180000000001762, 50.0, 50.0
29.190000000001763, 50.0, 50.0
29.200000000001765, 50.0, 50.0
29.210000000001767, 50.0, 50.0
29.220000000001768, 50.0, 50.0
29.23000000000177, 50.0, 50.0
29.24000000000177, 50.0, 50.0
29.250000000001773, 50.0, 50.0
29.260000000001774, 50.0, 50.0
29.270000000001776, 50.0, 50.0
29.280000000001777, 50.0, 50.0
29.29000000000178, 50.0, 50.0
29.30000000000178, 50.0, 50.0
29.310000000001782, 50.0, 50.0
29.320000000001784, 50.0, 50.0
29.330000000001785, 50.0, 50.0
29.340000000001787, 50.0, 50.0
29.35000000000179, 50.0, 50.0
29.36000000000179, 50.0, 50.0
29.37000000000179, 50.0, 50.0
29.380000000001793, 50.0, 50.0
29.390000000001795, 50.0, 50.0
29.400000000001796, 50.0, 50.0
29.410000000001798, 50.0, 50.0
29.4200000000018, 50.0, 50.0
29.4300000000018, 50.0, 50.0
29.440000000001803, 50.0, 50.0
29.450000000001804, 50.0, 50.0
29.460000000001806, 50.0, 50.0
29.470000000001807, 50.0, 50.0
29.48000000000181, 50.0, 50.0
29.49000000000181, 50.0, 50.0
29.500000000001812, 50.0, 50.0
29.510000000001813, 50.0, 50.0
29.520000000001815, 50.0, 50.0
29.530000000001817, 50.0, 50.0
29.540000000001818, 50.0, 50.0
29.55000000000182, 50.0, 50.0
29.56000000000182, 50.0, 50.0
29.570000000001823, 50.0, 50.0
29.580000000001824, 50.0, 50.0
29.590000000001826, 50.0, 50.0
29.600000000001828, 50.0, 50.0
29.61000000000183, 50.0, 50.0
29.62000000000183, 50.0, 50.0
29.630000000001832, 50.0, 50.0
29.640000000001834, 50.0, 50.0
29.650000000001835, 50.0, 50.0
29.660000000001837, 50.0, 50.0
29.67000000000184, 50.0, 50.0
29.68000000000184, 50.0, 50.0
29.69000000000184, 50.0, 50.0
29.700000000001843, 50.0, 50.0
29.710000000001845, 50.0, 50.0
29.720000000001846, 50.0, 50.0
29.730000000001848, 50.0, 50.0
29.74000000000185, 50.0, 50.0
29.75000000000185, 50.0, 50.0
29.760000000001853, 50.0, 50.0
29.770000000001854, 50.0, 50.0
29.780000000001856, 50.0, 50.0
29.790000000001857, 50.0, 50.0
29.80000000000186, 50.0, 50.0
29.81000000000186, 50.0, 50.0
29.820000000001862, 50.0, 50.0
29.830000000001863, 50.0, 50.0
29.840000000001865, 50.0, 50.0
29.850000000001867, 50.0, 50.0
29.860000000001868, 50.0, 50.0
29.87000000000187, 50.0, 50.0
29.88000000000187, 50.0, 50.0
29.890000000001873, 50.0, 50.0
29.900000000001874, 50.0, 50.0
29.910000000001876, 50.0, 50.0
29.920000000001878, 50.0, 50.0
29.93000000000188, 50.0, 50.0
29.94000000000188, 50.0, 50.0
29.950000000001882, 50.0, 50.0
29.960000000001884, 50.0, 50.0
29.970000000001885, 50.0, 50.0
29.980000000001887, 50.0, 50.0
29.99000000000189, 50.0, 50.0
30.00000000000189, 50.0, 50.0
30.01000000000189, 50.0, 50.0
30.020000000001893, 50.0, 50.0
30.030000000001895, 50.0, 50.0
30.040000000001896, 50.0, 50.0
30.050000000001898, 50.0, 50.0
30.0600000000019, 50.0, 50.0
30.0700000000019, 50.0, 50.0
30.080000000001903, 50.0, 50.0
30.090000000001904, 50.0, 50.0
30.100000000001906, 50.0, 50.0
30.110000000001907, 50.0, 50.0
30.12000000000191, 50.0, 50.0
30.13000000000191, 50.0, 50.0
30.140000000001912, 50.0, 50.0
30.150000000001913, 50.0, 50.0
30.160000000001915, 50.0, 50.0
30.170000000001917, 50.0, 50.0
30.180000000001918, 50.0, 50.0
30.19000000000192, 50.0, 50.0
30.20000000000192, 50.0, 50.0
30.210000000001923, 50.0, 50.0
30.220000000001924, 50.0, 50.0
30.220000000001924, 50.0, 50.0
30.230000000001926, 65.35758298191726, 53.60680536673737
30.240000000001928, 79.02848412908865, 60.066738784567804
30.25000000000193, 90.57902924468279, 68.56291058654767
30.26000000000193, 99.86605923156624, 78.3278827278113
30.270000000001932, 106.95682192080064, 88.70759672101495
30.280000000001934, 112.05302290063337, 99.18732053416903
30.290000000001935, 115.42792920941287, 109.39173161597074
30.300000000001937, 117.37941612231546, 119.06981470165566
30.31000000000194, 118.19822880900627, 128.0727183273891
30.32000000000194, 118.14893874780587, 136.33008545065718
30.33000000000194, 117.46050515469945, 143.8281429618562
30.340000000001943, 116.3234956290599, 150.59116829333564
30.350000000001945, 114.89150715602115, 156.66683340393215
30.360000000001946, 113.28491905433748, 162.1152589180754
30.370000000001948, 111.59566786105911, 167.00127330841516
30.38000000000195, 109.89219775147257, 171.38925230197606
30.39000000000195, 108.2240916920019, 175.3399235019969
30.400000000001953, 106.62613579746716, 178.9085970970474
30.410000000001954, 105.1217309427935, 182.1443841776673
30.420000000001956, 103.72566272103118, 185.09006538281542
30.430000000001957, 102.44629261797705, 187.78236206949003
30.44000000000196, 101.28725537321124, 190.25243526305945
30.45000000000196, 100.24875151975769, 192.52649401025516
30.460000000001962, 99.3285181155906, 194.62643631854675
30.470000000001964, 98.52254998186898, 196.57047534615674
30.480000000001965, 97.82563157960575, 198.3737236825479
30.490000000001967, 97.2317278144838, 200.04872188514943
30.500000000001968, 96.73427147051527, 201.60590591163088
30.51000000000197, 96.32637599021078, 203.05401324120993
30.52000000000197, 96.00099497686928, 204.40043043806483
30.530000000001973, 95.75104396484704, 205.65148646898155
30.540000000001974, 95.5694954874261, 206.812696786815
30.550000000001976, 95.44945505334891, 207.888963386634
30.560000000001978, 95.38422311689304, 208.8847359571558
30.57000000000198, 95.36734631001804, 209.8041390218197
30.58000000000198, 95.39265994271281, 210.6510696688139
30.590000000001982, 95.45432293929701, 211.42927014820384
30.600000000001984, 95.54684585766375, 212.1423792860315
30.610000000001985, 95.66511234922932, 212.79396633712304
30.620000000001987, 95.80439429089942, 213.3875505721053
30.63000000000199, 95.96036080242254, 213.9266095697219
30.64000000000199, 96.12908141099793, 214.41457886305813
30.65000000000199, 96.30702370802486, 214.85484526887313
30.660000000001993, 96.49104593696956, 215.25073591523696
30.670000000001995, 96.67838504003728, 215.60550467741595
30.680000000001996, 96.86664076393897, 215.92231743936605
30.690000000001998, 97.05375647539525, 216.2042373223443
30.700000000002, 97.23799736257432, 216.4542107668288
30.710000000002, 97.41792669956543, 216.67505512234297
30.720000000002003, 97.59238082932329, 216.86944819428064
30.730000000002004, 97.76044347962508, 217.03992001884583
30.740000000002006, 97.92141997050831, 217.18884698720976
30.750000000002007, 98.07481180471704, 217.31844831747406
30.76000000000201, 98.22029205909732, 217.43078477673578
30.77000000000201, 98.35768191853433, 217.5277594835354
30.780000000002012, 98.48692861828938, 217.6111205707994
30.790000000002014, 98.60808498824473, 217.68246545830903
30.800000000002015, 98.72129072573313, 217.74324646882343
30.810000000002017, 98.82675546382139, 217.79477752032935
30.82000000000202, 98.92474365005818, 217.83824163566015
30.83000000000202, 99.01556120720207, 217.8746990273011
30.84000000000202, 99.09954391230298, 217.9050955372189
30.850000000002023, 99.17704740336971, 217.93027123697428
30.860000000002024, 99.24843870311678, 217.95096902047015
30.870000000002026, 99.3140891361734, 217.96784304906095
30.880000000002028, 99.37436850878663, 217.9814669353086
30.89000000000203, 99.42964041755043, 217.99234157661817
30.90000000000203, 99.4802585551431, 218.0009025727664
30.910000000002032, 99.52656388560457, 218.00752718161397
30.920000000002034, 99.56888256855073, 218.01254078490956
30.930000000002035, 99.60752452021056, 218.01622285102835
30.940000000002037, 99.6427825086873, 218.01881239383334
30.95000000000204, 99.67493169088601, 218.02051293676786
30.96000000000204, 99.70422950871367, 218.02149699899903
30.97000000000204, 99.73091587212707, 218.0219101261827
30.980000000002043, 99.75521356614128, 218.02187449246716
30.990000000002045, 99.77732882784893, 218.02149210295343
31.000000000002046, 99.79745204772927, 218.0208476272292
31.010000000002048, 99.81575855698429, 218.02001089502002
31.02000000000205, 99.83240946930468, 218.0190390846603
31.03000000000205, 99.84755255134868, 218.01797863415783
31.040000000002053, 99.86132310134165, 218.01686690326798
31.050000000002054, 99.87384481961737, 218.01573361333732
31.060000000002056, 99.88523065868065, 218.01460208983084
31.070000000002057, 99.89558364353356, 218.01349033051181
31.08000000000206, 99.90499765563877, 218.01241192026757
31.09000000000206, 99.91355817605537, 218.01137681162228
31.100000000002062, 99.92134298503461, 218.01039198808976
31.110000000002064, 99.92842281676255, 218.00946202572283
31.120000000002065, 99.93486196903564, 218.0085895665312
31.130000000002067, 99.9407188685001, 218.00777571587832
31.14000000000207, 99.9460465927194, 218.00702037453257
31.15000000000207, 99.95089335079301, 218.00632251474465
31.16000000000207, 99.95530292456579, 218.00568040854344
31.170000000002073, 99.959315072669, 218.00509181538516
31.180000000002075, 99.96296589974435, 218.00455413534812
31.190000000002076, 99.96628819324143, 218.00406453322756
31.200000000002078, 99.96931173016371, 218.00362003814726
31.21000000000208, 99.97206355608174, 218.0032176226544
31.22000000000208, 99.97456823864613, 218.0028542646961
31.230000000002082, 99.97684809772643, 218.00252699537992
31.240000000002084, 99.97892341418213, 218.0022329349892
31.250000000002085, 99.98081261914439, 218.0019693193511
31.260000000002087, 99.98253246555674, 218.001733518332
31.27000000000209, 99.98409818359275, 218.0015230479566
31.28000000000209, 99.98552362144088, 218.00133557740918
31.29000000000209, 99.9868213728244, 218.00116893196963
31.300000000002093, 99.98800289250683, 218.00102109276267
31.310000000002095, 99.98907860092355, 218.00089019404948
31.320000000002096, 99.99005797897689, 218.00077451866397
31.330000000002098, 99.99094965393648, 218.00067249208882
31.3400000000021, 99.99176147729821, 218.00058267557515
31.3500000000021, 99.99250059537408, 218.00050375863336
31.360000000002103, 99.99317351331094, 218.00043455115866
31.370000000002104, 99.99378615316826, 218.00037397539992
31.380000000002106, 99.99434390662407, 218.00032105793665
31.390000000002107, 99.9948516828217, 218.00027492179066
31.40000000000211, 99.9953139518203, 218.0002347787689
31.41000000000211, 99.99573478406589, 218.0001999221077
31.420000000002112, 99.99611788625938, 218.00016971946826
31.430000000002114, 99.99646663396022, 218.00014360631675
31.440000000002115, 99.99678410123177, 218.00012107970807
31.450000000002117, 99.99707308760419, 218.000101692482
31.46000000000212, 99.9973361426041, 218.00008504787175
31.47000000000212, 99.99757558807552, 218.00007079451848
31.48000000000212, 99.99779353849586, 218.0000586218801
31.490000000002123, 99.99799191947018, 218.00004825601934
31.500000000002125, 99.99817248457029, 218.00003945575295
31.510000000002126, 99.99833683066898, 218.0000320091427
31.520000000002128, 99.99848641190569, 218.0000257303072
31.53000000000213, 99.99862255240721, 218.00002045653378
31.54000000000213, 99.99874645787534, 218.000016045669
31.550000000002132, 99.99885922614322, 218.00001237376682
31.560000000002134, 99.99896185679269, 218.0000093329744
31.570000000002135, 99.99905525991643, 218.00000682963582
