0.01, 10.0, 80.0
0.02, 10.0, 80.0
0.03, 10.0, 80.0
0.04, 10.0, 80.0
0.05, 10.0, 80.0
0.060000000000000005, 10.0, 80.0
0.07, 10.0, 80.0
0.08, 10.0, 80.0
0.09, 10.0, 80.0
0.09999999999999999, 10.0, 80.0
0.10999999999999999, 10.0, 80.0
0.11999999999999998, 10.0, 80.0
0.12999999999999998, 10.0, 80.0
0.13999999999999999, 10.0, 80.0
0.15, 10.0, 80.0
0.16, 10.0, 80.0
0.17, 10.0, 80.0
0.18000000000000002, 10.0, 80.0
0.19000000000000003, 10.0, 80.0
0.20000000000000004, 10.0, 80.0
0.21000000000000005, 10.0, 80.0
0.22000000000000006, 10.0, 80.0
0.23000000000000007, 10.0, 80.0
0.24000000000000007, 10.0, 80.0
0.25000000000000006, 10.0, 80.0
0.26000000000000006, 10.0, 80.0
0.2700000000000001, 10.0, 80.0
0.2800000000000001, 10.0, 80.0
0.2900000000000001, 10.0, 80.0
0.3000000000000001, 10.0, 80.0
0.3100000000000001, 10.0, 80.0
0.3200000000000001, 10.0, 80.0
0.3300000000000001, 10.0, 80.0
0.34000000000000014, 10.0, 80.0
0.35000000000000014, 10.0, 80.0
0.36000000000000015, 10.0, 80.0
0.37000000000000016, 10.0, 80.0
0.38000000000000017, 10.0, 80.0
0.3900000000000002, 10.0, 80.0
0.4000000000000002, 10.0, 80.0
0.4100000000000002, 10.0, 80.0
0.4200000000000002, 10.0, 80.0
0.4300000000000002, 10.0, 80.0
0.4400000000000002, 10.0, 80.0
0.45000000000000023, 10.0, 80.0
0.46000000000000024, 10.0, 80.0
0.47000000000000025, 10.0, 80.0
0.48000000000000026, 10.0, 80.0
0.49000000000000027, 10.0, 80.0
0.5000000000000002, 10.0, 80.0
0.5100000000000002, 10.0, 80.0
0.5200000000000002, 10.0, 80.0
0.5300000000000002, 10.0, 80.0
0.5400000000000003, 10.0, 80.0
0.5500000000000003, 10.0, 80.0
0.5600000000000003, 10.0, 80.0
0.5700000000000003, 10.0, 80.0
0.5800000000000003, 10.0, 80.0
0.5900000000000003, 10.0, 80.0
0.6000000000000003, 10.0, 80.0
0.6100000000000003, 10.0, 80.0
0.6200000000000003, 10.0, 80.0
0.6300000000000003, 10.0, 80.0
0.6400000000000003, 10.0, 80.0
0.6500000000000004, 10.0, 80.0
0.6600000000000004, 10.0, 80.0
0.6700000000000004, 10.0, 80.0
0.6800000000000004, 10.0, 80.0
0.6900000000000004, 10.0, 80.0
0.7000000000000004, 10.0, 80.0
0.7100000000000004, 10.0, 80.0
0.7200000000000004, 10.0, 80.0
0.7300000000000004, 10.0, 80.0
0.7400000000000004, 10.0, 80.0
0.7500000000000004, 10.0, 80.0
0.7600000000000005, 10.0, 80.0
0.7700000000000005, 10.0, 80.0
0.7800000000000005, 10.0, 80.0
0.7900000000000005, 10.0, 80.0
0.8000000000000005, 10.0, 80.0
0.8100000000000005, 10.0, 80.0
0.8200000000000005, 10.0, 80.0
0.8300000000000005, 10.0, 80.0
0.8400000000000005, 10.0, 80.0
0.8500000000000005, 10.0, 80.0
0.8600000000000005, 10.0, 80.0
0.8700000000000006, 10.0, 80.0
0.8800000000000006, 10.0, 80.0
0.8900000000000006, 10.0, 80.0
0.9000000000000006, 10.0, 80.0
0.9100000000000006, 10.0, 80.0
0.9200000000000006, 10.0, 80.0
0.9300000000000006, 10.0, 80.0
0.9400000000000006, 10.0, 80.0
0.9500000000000006, 10.0, 80.0
0.9600000000000006, 10.0, 80.0
0.9700000000000006, 10.0, 80.0
0.9800000000000006, 10.0, 80.0
0.9900000000000007, 10.0, 80.0
1.0000000000000007, 10.0, 80.0
1.0100000000000007, 10.0, 80.0
1.0200000000000007, 10.0, 80.0
1.0300000000000007, 10.0, 80.0
1.0400000000000007, 10.0, 80.0
1.0500000000000007, 10.0, 80.0
1.0600000000000007, 10.0, 80.0
1.0700000000000007, 10.0, 80.0
1.0800000000000007, 10.0, 80.0
1.0900000000000007, 10.0, 80.0
1.1000000000000008, 10.0, 80.0
1.1100000000000008, 10.0, 80.0
1.1200000000000008, 10.0, 80.0
1.1300000000000008, 10.0, 80.0
1.1400000000000008, 10.0, 80.0
1.1500000000000008, 10.0, 80.0
1.1600000000000008, 10.0, 80.0
1.1700000000000008, 10.0, 80.0
1.1800000000000008, 10.0, 80.0
1.1900000000000008, 10.0, 80.0
1.2000000000000008, 10.0, 80.0
1.2100000000000009, 10.0, 80.0
1.2200000000000009, 10.0, 80.0
1.2300000000000009, 10.0, 80.0
1.2400000000000009, 10.0, 80.0
1.2500000000000009, 10.0, 80.0
1.260000000000001, 10.0, 80.0
1.270000000000001, 10.0, 80.0
1.280000000000001, 10.0, 80.0
1.290000000000001, 10.0, 80.0
1.300000000000001, 10.0, 80.0
1.310000000000001, 10.0, 80.0
1.320000000000001, 10.0, 80.0
1.330000000000001, 10.0, 80.0
1.340000000000001, 10.0, 80.0
1.350000000000001, 10.0, 80.0
1.360000000000001, 10.0, 80.0
1.370000000000001, 10.0, 80.0
1.380000000000001, 10.0, 80.0
1.390000000000001, 10.0, 80.0
1.400000000000001, 10.0, 80.0
1.410000000000001, 10.0, 80.0
1.420000000000001, 10.0, 80.0
1.430000000000001, 10.0, 80.0
1.440000000000001, 10.0, 80.0
1.450000000000001, 10.0, 80.0
1.460000000000001, 10.0, 80.0
1.470000000000001, 10.0, 80.0
1.480000000000001, 10.0, 80.0
1.490000000000001, 10.0, 80.0
1.500000000000001, 10.0, 80.0
1.5100000000000011, 10.0, 80.0
1.5200000000000011, 10.0, 80.0
1.5300000000000011, 10.0, 80.0
1.5400000000000011, 10.0, 80.0
1.5500000000000012, 10.0, 80.0
1.5600000000000012, 10.0, 80.0
1.5700000000000012, 10.0, 80.0
1.5800000000000012, 10.0, 80.0
1.5900000000000012, 10.0, 80.0
1.6000000000000012, 10.0, 80.0
1.6100000000000012, 10.0, 80.0
1.6200000000000012, 10.0, 80.0
1.6300000000000012, 10.0, 80.0
1.6400000000000012, 10.0, 80.0
1.6500000000000012, 10.0, 80.0
1.6600000000000013, 10.0, 80.0
1.6700000000000013, 10.0, 80.0
1.6800000000000013, 10.0, 80.0
1.6900000000000013, 10.0, 80.0
1.7000000000000013, 10.0, 80.0
1.7100000000000013, 10.0, 80.0
1.7200000000000013, 10.0, 80.0
1.7300000000000013, 10.0, 80.0
1.7400000000000013, 10.0, 80.0
1.7500000000000013, 10.0, 80.0
1.7600000000000013, 10.0, 80.0
1.7700000000000014, 10.0, 80.0
1.7800000000000014, 10.0, 80.0
1.7900000000000014, 10.0, 80.0
1.8000000000000014, 10.0, 80.0
1.8100000000000014, 10.0, 80.0
1.8200000000000014, 10.0, 80.0
1.8300000000000014, 10.0, 80.0
1.8400000000000014, 10.0, 80.0
1.8500000000000014, 10.0, 80.0
1.8600000000000014, 10.0, 80.0
1.8700000000000014, 10.0, 80.0
1.8800000000000014, 10.0, 80.0
1.8900000000000015, 10.0, 80.0
1.9000000000000015, 10.0, 80.0
1.9100000000000015, 10.0, 80.0
1.9200000000000015, 10.0, 80.0
1.9300000000000015, 10.0, 80.0
1.9400000000000015, 10.0, 80.0
1.9500000000000015, 10.0, 80.0
1.9600000000000015, 10.0, 80.0
1.9700000000000015, 10.0, 80.0
1.9800000000000015, 10.0, 80.0
1.9900000000000015, 10.0, 80.0
2.0000000000000013, 10.0, 80.0
2.010000000000001, 10.0, 80.0
2.020000000000001, 10.0, 80.0
2.0300000000000007, 10.0, 80.0
2.0400000000000005, 10.0, 80.0
2.0500000000000003, 10.0, 80.0
2.06, 10.0, 80.0
2.07, 10.0, 80.0
2.0799999999999996, 10.0, 80.0
2.0899999999999994, 10.0, 80.0
2.099999999999999, 10.0, 80.0
2.109999999999999, 10.0, 80.0
2.1199999999999988, 10.0, 80.0
2.1299999999999986, 10.0, 80.0
2.1399999999999983, 10.0, 80.0
2.149999999999998, 10.0, 80.0
2.159999999999998, 10.0, 80.0
2.1699999999999977, 10.0, 80.0
2.1799999999999975, 10.0, 80.0
2.1899999999999973, 10.0, 80.0
2.199999999999997, 10.0, 80.0
2.209999999999997, 10.0, 80.0
2.2199999999999966, 10.0, 80.0
2.2299999999999964, 10.0, 80.0
2.239999999999996, 10.0, 80.0
2.249999999999996, 10.0, 80.0
2.259999999999996, 10.0, 80.0
2.2699999999999956, 10.0, 80.0
2.2799999999999954, 10.0, 80.0
2.289999999999995, 10.0, 80.0
2.299999999999995, 10.0, 80.0
2.3099999999999947, 10.0, 80.0
2.3199999999999945, 10.0, 80.0
2.3299999999999943, 10.0, 80.0
2.339999999999994, 10.0, 80.0
2.349999999999994, 10.0, 80.0
2.3599999999999937, 10.0, 80.0
2.3699999999999934, 10.0, 80.0
2.3699999999999934, 10.0, 80.0
2.3799999999999932, 8.839973012851788, 79.47622773165445
2.389999999999993, 7.951091692934667, 78.61603081544493
2.399999999999993, 8.577099787732262, 79.69765562776811
2.4099999999999926, 8.903403903608735, 80.85917861103515
2.4199999999999924, 8.956971425280456, 82.00635548326608
2.429999999999992, 8.785843749944332, 83.07318883758951
2.439999999999992, 8.445412341878976, 84.02081626382595
2.4499999999999917, 7.989043804930265, 84.83262926166667
2.4599999999999915, 7.462785539214922, 85.50814182410245
2.4699999999999913, 6.903220852501315, 86.05717189630644
2.479999999999991, 6.337409468298224, 86.49509920239163
2.489999999999991, 5.783994044012988, 86.83941415118096
2.4999999999999907, 5.254798643621027, 87.10745843348586
2.5099999999999905, 4.75648877981476, 87.31511895976708
2.5199999999999902, 4.292058329303384, 87.47620839924315
2.52999999999999, 3.8620449476485876, 87.6022953947739
2.53999999999999, 3.4654591220879887, 87.70279986846647
2.5499999999999896, 3.1004558682584893, 87.78522293077576
2.5599999999999894, 2.7647957318000898, 87.85542685985033
2.569999999999989, 2.4561440909688104, 87.91791532828742
2.579999999999989, 2.1722524387868067, 87.97608804410164
2.5899999999999888, 1.9110571550128008, 88.03245927670187
2.5999999999999885, 1.6707229204516527, 88.0888386955811
2.6099999999999883, 1.4496506243454008, 88.14647762359506
2.619999999999988, 1.2464637772007134, 88.2061857923883
2.629999999999988, 1.0599830363126117, 88.26842411087603
2.6399999999999877, 0.8891952610179099, 88.33337856027036
2.6499999999999875, 0.7332212717927469, 88.40101956923247
2.6599999999999873, 0.591284942965339, 88.47115036528693
2.669999999999987, 0.46268520937909374, 88.54344698446928
2.679999999999987, 0.3467718584788853, 88.6174919156417
2.6899999999999866, 0.24292550032681254, 88.69280278094185
2.6999999999999864, 0.15054178297093823, 88.7688570079783
2.709999999999986, 0.06901969902829634, 88.84511311973968
2.719999999999986, -0.0022463210893760577, 88.92102903717142
2.7299999999999858, -0.06387093357494299, 88.99607763843186
2.7399999999999856, -0.11647948924150554, 89.06975973031854
2.7499999999999853, -0.16070722306961616, 89.14161454539389
2.759999999999985, -0.19719653091882733, 89.21122786922287
2.769999999999985, -0.22659282681692977, 89.27823791437177
2.7799999999999847, -0.24953944575534906, 89.34233908207064
2.7899999999999845, -0.2666720156091124, 89.40328378139452
2.7999999999999843, -0.27861267101082904, 89.46088250399468
2.809999999999984, -0.2859644249929133, 89.51500237596844
2.819999999999984, -0.2893059540592494, 89.56556442497447
2.8299999999999836, -0.28918699188402747, 89.61253980894955
2.8399999999999834, -0.28612446853372564, 89.65594525249885
2.849999999999983, -0.2805994780110511, 89.69583792869356
2.859999999999983, -0.2730551085952811, 89.7323100086293
2.869999999999983, -0.26389512898116063, 89.76548308003262
2.8799999999999826, -0.25348348920385083, 89.79550261098233
2.8899999999999824, -0.24214456895212955, 89.82253260700486
2.899999999999982, -0.23016408691278528, 89.84675058090207
2.909999999999982, -0.21779057274833605, 89.86834292600916
2.9199999999999817, -0.20523729745250205, 89.8875007562855
2.9299999999999815, -0.19268455726653128, 89.90441625159156
2.9399999999999813, -0.18028221010787562, 89.9192795243356
2.949999999999981, -0.16815237057736795, 89.93227600477432
2.959999999999981, -0.15639217912394085, 89.94358432679776
2.9699999999999807, -0.14507657198494758, 89.95337468400551
2.9799999999999804, -0.13426099031742508, 89.96180761712633
2.9899999999999802, -0.12398397884463541, 89.96903318806542
2.99999999999998, -0.11426963584463813, 89.97519049273028
3.00999999999998, -0.10512988701208648, 89.98040746388477
3.0199999999999796, -0.09656656535844883, 89.98480091619868
3.0299999999999794, -0.08857328771339978, 89.98847678798735
3.039999999999979, -0.0811371254761466, 89.99153053749312
3.049999999999979, -0.0742400730391025, 89.99404765560293
3.0599999999999787, -0.0678603218241254, 89.9961042613282
3.0699999999999785, -0.06197335123149544, 89.99776775094652
3.0799999999999783, -0.056552850129053506, 89.99909747622186
3.089999999999978, -0.05157148394346493, 90.00014543143125
3.099999999999978, -0.047001523102209994, 90.00095693292323
3.1099999999999777, -0.042815348655394145, 90.00157127854798
3.1199999999999775, -0.03898585051380568, 90.00202237749203
3.1299999999999772, -0.035486732994192895, 90.00233934381055
3.139999999999977, -0.03229274136998505, 90.00254704928427
3.149999999999977, -0.029379821975335563, 90.0026666331576
3.1599999999999766, -0.026725227176385938, 90.00271596787313
3.1699999999999764, -0.024307575265079515, 90.00271008114173
3.179999999999976, -0.022106874093134464, 90.00266153561873
3.189999999999976, -0.020104516080344813, 90.00258076813657
3.1999999999999758, -0.01828325112537268, 90.00247639091258
3.2099999999999755, -0.016627142933241426, 90.00235545744474
3.2199999999999753, -0.01512151335956979, 90.00222369596233
3.229999999999975, -0.013752878559557619, 90.00208571334267
3.239999999999975, -0.012508880018154478, 90.00194517236486
3.2499999999999747, -0.011378212922131974, 90.00180494507023
3.2599999999999745, -0.010350553808390154, 90.00166724485379
3.2699999999999743, -0.009416488978040117, 90.00153373973778
3.279999999999974, -0.008567444794305233, 90.00140564908884
3.289999999999974, -0.0077956206756433, 90.00128382584339
3.2999999999999736, -0.007093925345483887, 90.00116882610946
3.3099999999999734, -0.006455916698813685, 90.0010609678221
3.319999999999973, -0.005875745486325263, 90.00096037994686
3.329999999999973, -0.005348102892448866, 90.00086704355581
3.3399999999999728, -0.0048681719884761795, 90.00078082594203
3.3499999999999726, -0.004431582971046613, 90.00070150879435
3.3599999999999723, -0.004034372045048263, 90.00062881132375
3.369999999999972, -0.0036729437746654586, 90.00056240911486
3.379999999999972, -0.0033440367036509885, 90.00050194937198
3.3899999999999717, -0.003044692033180536, 90.00044706313595
3.3999999999999715, -0.002772225140602502, 90.00039737496687
3.4099999999999713, -0.0025241997231586987, 90.00035251051582
3.419999999999971, -0.00229840435580121, 90.00031210234685
3.429999999999971, -0.002092831260339569, 90.00027579431566
3.4399999999999706, -0.0019056570933453987, 90.00024324476513
3.4499999999999704, -0.001735225571744306, 90.00021412875704
3.45999999999997, -0.0015800317672422031, 90.00018813952445
3.46999999999997, -0.001438707913205906, 90.00016498929992
3.47999999999997, -0.0013100105800052913, 90.00014440964858
3.4899999999999696, -0.0011928090868779993, 90.00012615141411
3.4999999999999694, -0.001086075029921792, 90.0001099843664
3.509999999999969, -0.0009888728167394827, 90.0000956966249
3.509999999999969, -0.0009003511084841429, 90.00008309391764
3.519999999999969, 6.578479738115144, 88.78958224743161
3.5299999999999687, 12.528822501143235, 87.46364409097382
3.5399999999999685, 17.90491122929199, 86.07122262691368
3.5499999999999683, 22.759024578638865, 84.6511766285172
3.559999999999968, 27.140346727407636, 83.23384388986777
3.569999999999968, 31.094626830010707, 81.8424436248479
3.5799999999999677, 34.66402810789313, 80.49430718355386
3.5899999999999674, 37.88711734259998, 79.20194425122897
3.5999999999999672, 40.79895490181261, 77.97395610033718
3.609999999999967, 43.43125360535614, 76.8158099237887
3.619999999999967, 45.81258170889835, 75.73048931618102
3.6299999999999666, 47.96859110490132, 74.7190360146246
3.6399999999999664, 49.922256613391674, 73.78099739256066
3.649999999999966, 51.694116081100994, 72.91479317079035
3.659999999999966, 53.302504055079694, 72.11801355586014
3.6699999999999657, 54.76377417146188, 71.38765967023627
3.6799999999999655, 56.092507217957426, 70.72033579310121
3.6899999999999653, 57.30170319378119, 70.11240164510023
3.699999999999965, 58.402956693343384, 69.56009176123504
3.709999999999965, 59.40661565671055, 69.05960792243073
3.7199999999999647, 60.321924024360804, 68.60718966509536
3.7299999999999645, 61.15714915828316, 68.19916705810756
3.7399999999999642, 61.91969508807471, 67.8319992217683
3.749999999999964, 62.61620274281061, 67.50230145396463
3.759999999999964, 63.2526383633267, 67.20686331424194
3.7699999999999636, 63.83437127546546, 66.94265958535205
3.7799999999999634, 64.36624215830008, 66.70685567307964
3.789999999999963, 64.85262287404755, 66.49680870837685
3.799999999999963, 65.29746884696787, 66.3100653716143
3.8099999999999627, 65.70436489333069, 66.1443572586815
3.8199999999999625, 66.07656531800345, 65.99759444539043
3.8299999999999623, 66.41702900848884, 65.86785777382012
3.839999999999962, 66.72845017638379, 65.7533902764952
3.849999999999962, 67.01328532054443, 65.65258806707662
3.8599999999999617, 67.27377691645054, 65.56399095576599
3.8699999999999615, 67.51197427268939, 65.48627299074836
3.8799999999999613, 67.72975193815357, 65.41823308114064
3.889999999999961, 67.92882599230364, 65.35878581996467
3.899999999999961, 68.11076850538413, 65.30695259591339
3.9099999999999606, 68.2770204154224, 65.26185305873882
3.9199999999999604, 68.42890303375687, 65.22269698384454
3.92999999999996, 68.56762836029115, 65.1887765662179
3.93999999999996, 68.69430836320737, 65.15945916146697
3.9499999999999598, 68.8099633550637, 65.13418048185952
3.9599999999999596, 68.91552957763497, 65.11243824743292
3.9699999999999593, 69.01186609114515, 65.09378628608533
3.979999999999959, 69.09976104933098, 65.07782907176914
3.989999999999959, 69.17993742973925, 65.06421668624672
3.9999999999999587, 69.25305827850401, 65.0526401871388
4.009999999999959, 69.31973152030666, 65.04282736303487
4.019999999999959, 69.38051437705963, 65.03453885511075
4.0299999999999585, 69.43591743286238, 65.02756462389807
4.039999999999958, 69.48640837777677, 65.02172073948185
4.049999999999958, 69.53241545879754, 65.01684647338594
4.059999999999958, 69.57433066291738, 65.0128016706747
4.069999999999958, 69.61251265428466, 65.00946438129635
4.079999999999957, 69.64728948502848, 65.00672873036856
4.089999999999957, 69.678961097292, 65.00450300791988
4.099999999999957, 69.70780163230248, 65.00270795951347
4.109999999999957, 69.73406156085387, 65.00127526016364
4.119999999999957, 69.75796964833685, 65.00014615498344
4.129999999999956, 69.77973476638044, 64.99927025105214
4.139999999999956, 69.7995475622372, 64.99860444604612
4.149999999999956, 69.81758199622209, 64.99811198022066
4.159999999999956, 69.83399675678345, 64.99776159935153
4.1699999999999555, 69.84893656212502, 64.99752681723415
4.179999999999955, 69.86253335669826, 64.9973852672871
4.189999999999955, 69.8749074103328, 64.99731813371153
4.199999999999955, 69.88616832726248, 64.99730965351219
4.209999999999955, 69.89641597182876, 64.99734668149071
4.2199999999999545, 69.90574131719676, 64.99741831107234
4.229999999999954, 69.91422722300037, 64.99751554452642
4.239999999999954, 69.92194914743612, 64.99763100678743
4.249999999999954, 69.92897579895204, 64.99775869767878
4.259999999999954, 69.93536973232351, 64.99789377788856
4.269999999999953, 69.94118789357375, 64.99803238454561
4.279999999999953, 69.9464821178801, 64.9981714726992
4.289999999999953, 69.95129958430836, 64.9983086794188
4.299999999999953, 69.95568323093646, 64.9984422076035
4.3099999999999525, 69.95967213366228, 64.99857072692771
4.319999999999952, 69.96330185174223, 64.99869328965252
4.329999999999952, 69.96660474287236, 64.99880925930397
4.339999999999952, 69.9696102504052, 64.99891825046194
4.349999999999952, 69.97234516509018, 64.9990200781207
4.3599999999999515, 69.97483386353504, 64.99911471527425
4.369999999999951, 69.97709852540693, 64.9992022575516
4.379999999999951, 69.9791593312271, 64.99928289387799
4.389999999999951, 69.98103464245935, 64.99935688227247
4.399999999999951, 69.98274116545032, 64.99942453001051
4.40999999999995, 69.98429410064806, 64.99948617748385
4.41999999999995, 69.98570727840435, 64.99954218518134
4.42999999999995, 69.98699328255384, 64.99959292329461
4.43999999999995, 69.9881635628604, 64.99963876352196
4.4499999999999496, 69.9892285373261, 64.9996800727051
4.459999999999949, 69.99019768527141, 64.99971720798668
4.469999999999949, 69.99107963201511, 64.99975051322195
4.479999999999949, 69.99188222590956, 64.99978031641902
4.489999999999949, 69.9926126084197, 64.99980692801552
4.4999999999999485, 69.99327727787302, 64.99983063983049
4.509999999999948, 69.99388214745174, 64.99985172455527
4.519999999999948, 69.99443259794727, 64.9998704356694
4.529999999999948, 69.9949335257502, 64.99988700768684
4.539999999999948, 69.99538938650672, 64.9999016566535
4.549999999999947, 69.99580423483326, 64.99991458083117
4.559999999999947, 69.99618176044613, 64.99992596151448
4.569999999999947, 69.99652532103022, 64.99993596393762
4.579999999999947, 69.99683797214189, 64.99994473823575
4.589999999999947, 69.9971224944144, 64.99995242043319
4.599999999999946, 69.99738141830957, 64.99995913343618
4.609999999999946, 69.99761704663788, 64.99996498801339
4.619999999999946, 69.9978314750484, 64.99997008375075
4.629999999999946, 69.99802661067226, 64.99997450997125
4.6399999999999455, 69.99820418908632, 64.99997834661254
4.649999999999945, 69.9983657897489, 64.99998166505777
4.659999999999945, 69.99851285004524, 64.99998452891685
4.669999999999945, 69.9986466780685, 64.99998699475661
4.679999999999945, 69.99876846425002, 64.99998911277966
4.689999999999944, 69.99887929194297, 64.99999092745264
4.699999999999944, 69.99898014705343, 64.99999247808502
4.709999999999944, 69.99907192680494, 64.99999379936035
