0.01, 0.0, 50.0
0.02, 0.0, 50.0
0.03, 0.0, 50.0
0.04, 0.0, 50.0
0.05, 0.0, 50.0
0.060000000000000005, 0.0, 50.0
0.07, 0.0, 50.0
0.08, 0.0, 50.0
0.09, 0.0, 50.0
0.09999999999999999, 0.0, 50.0
0.10999999999999999, 0.0, 50.0
0.11999999999999998, 0.0, 50.0
0.12999999999999998, 0.0, 50.0
0.13999999999999999, 0.0, 50.0
0.15, 0.0, 50.0
0.16, 0.0, 50.0
0.17, 0.0, 50.0
0.18000000000000002, 0.0, 50.0
0.19000000000000003, 0.0, 50.0
0.20000000000000004, 0.0, 50.0
0.21000000000000005, 0.0, 50.0
0.22000000000000006, 0.0, 50.0
0.23000000000000007, 0.0, 50.0
0.24000000000000007, 0.0, 50.0
0.25000000000000006, 0.0, 50.0
0.26000000000000006, 0.0, 50.0
0.2700000000000001, 0.0, 50.0
0.2800000000000001, 0.0, 50.0
0.2900000000000001, 0.0, 50.0
0.3000000000000001, 0.0, 50.0
0.3100000000000001, 0.0, 50.0
0.3200000000000001, 0.0, 50.0
0.3300000000000001, 0.0, 50.0
0.34000000000000014, 0.0, 50.0
0.35000000000000014, 0.0, 50.0
0.36000000000000015, 0.0, 50.0
0.37000000000000016, 0.0, 50.0
0.38000000000000017, 0.0, 50.0
0.3900000000000002, 0.0, 50.0
0.4000000000000002, 0.0, 50.0
0.4100000000000002, 0.0, 50.0
0.4200000000000002, 0.0, 50.0
0.4300000000000002, 0.0, 50.0
0.4400000000000002, 0.0, 50.0
0.45000000000000023, 0.0, 50.0
0.46000000000000024, 0.0, 50.0
0.47000000000000025, 0.0, 50.0
0.48000000000000026, 0.0, 50.0
0.49000000000000027, 0.0, 50.0
0.5000000000000002, 0.0, 50.0
0.5100000000000002, 0.0, 50.0
0.5200000000000002, 0.0, 50.0
0.5300000000000002, 0.0, 50.0
0.5400000000000003, 0.0, 50.0
0.5500000000000003, 0.0, 50.0
0.5600000000000003, 0.0, 50.0
0.5700000000000003, 0.0, 50.0
0.5800000000000003, 0.0, 50.0
0.5900000000000003, 0.0, 50.0
0.6000000000000003, 0.0, 50.0
0.6100000000000003, 0.0, 50.0
0.6200000000000003, 0.0, 50.0
0.6300000000000003, 0.0, 50.0
0.6400000000000003, 0.0, 50.0
0.6500000000000004, 0.0, 50.0
0.6600000000000004, 0.0, 50.0
0.6700000000000004, 0.0, 50.0
0.6800000000000004, 0.0, 50.0
0.6900000000000004, 0.0, 50.0
0.7000000000000004, 0.0, 50.0
0.7100000000000004, 0.0, 50.0
0.7200000000000004, 0.0, 50.0
0.7300000000000004, 0.0, 50.0
0.7400000000000004, 0.0, 50.0
0.7500000000000004, 0.0, 50.0
0.7600000000000005, 0.0, 50.0
0.7700000000000005, 0.0, 50.0
0.7800000000000005, 0.0, 50.0
0.7900000000000005, 0.0, 50.0
0.8000000000000005, 0.0, 50.0
0.8100000000000005, 0.0, 50.0
0.8200000000000005, 0.0, 50.0
0.8300000000000005, 0.0, 50.0
0.8400000000000005, 0.0, 50.0
0.8500000000000005, 0.0, 50.0
0.8600000000000005, 0.0, 50.0
0.8700000000000006, 0.0, 50.0
0.8800000000000006, 0.0, 50.0
0.8900000000000006, 0.0, 50.0
0.9000000000000006, 0.0, 50.0
0.9100000000000006, 0.0, 50.0
0.9200000000000006, 0.0, 50.0
0.9300000000000006, 0.0, 50.0
0.9400000000000006, 0.0, 50.0
0.9500000000000006, 0.0, 50.0
0.9600000000000006, 0.0, 50.0
0.9700000000000006, 0.0, 50.0
0.9800000000000006, 0.0, 50.0
0.9900000000000007, 0.0, 50.0
1.0000000000000007, 0.0, 50.0
1.0100000000000007, 0.0, 50.0
1.0200000000000007, 0.0, 50.0
1.0300000000000007, 0.0, 50.0
1.0400000000000007, 0.0, 50.0
1.0500000000000007, 0.0, 50.0
1.0600000000000007, 0.0, 50.0
1.0700000000000007, 0.0, 50.0
1.0800000000000007, 0.0, 50.0
1.0900000000000007, 0.0, 50.0
1.1000000000000008, 0.0, 50.0
1.1100000000000008, 0.0, 50.0
1.1200000000000008, 0.0, 50.0
1.1300000000000008, 0.0, 50.0
1.1400000000000008, 0.0, 50.0
1.1500000000000008, 0.0, 50.0
1.1600000000000008, 0.0, 50.0
1.1700000000000008, 0.0, 50.0
1.1800000000000008, 0.0, 50.0
1.1900000000000008, 0.0, 50.0
1.2000000000000008, 0.0, 50.0
1.2100000000000009, 0.0, 50.0
1.2200000000000009, 0.0, 50.0
1.2300000000000009, 0.0, 50.0
1.2400000000000009, 0.0, 50.0
1.2500000000000009, 0.0, 50.0
1.260000000000001, 0.0, 50.0
1.270000000000001, 0.0, 50.0
1.280000000000001, 0.0, 50.0
1.290000000000001, 0.0, 50.0
1.300000000000001, 0.0, 50.0
1.310000000000001, 0.0, 50.0
1.320000000000001, 0.0, 50.0
1.330000000000001, 0.0, 50.0
1.340000000000001, 0.0, 50.0
1.350000000000001, 0.0, 50.0
1.360000000000001, 0.0, 50.0
1.370000000000001, 0.0, 50.0
1.380000000000001, 0.0, 50.0
1.390000000000001, 0.0, 50.0
1.400000000000001, 0.0, 50.0
1.410000000000001, 0.0, 50.0
1.420000000000001, 0.0, 50.0
1.430000000000001, 0.0, 50.0
1.440000000000001, 0.0, 50.0
1.450000000000001, 0.0, 50.0
1.460000000000001, 0.0, 50.0
1.470000000000001, 0.0, 50.0
1.480000000000001, 0.0, 50.0
1.490000000000001, 0.0, 50.0
1.500000000000001, 0.0, 50.0
1.5100000000000011, 0.0, 50.0
1.5200000000000011, 0.0, 50.0
1.5300000000000011, 0.0, 50.0
1.5400000000000011, 0.0, 50.0
1.5500000000000012, 0.0, 50.0
1.5600000000000012, 0.0, 50.0
1.5700000000000012, 0.0, 50.0
1.5800000000000012, 0.0, 50.0
1.5900000000000012, 0.0, 50.0
1.6000000000000012, 0.0, 50.0
1.6100000000000012, 0.0, 50.0
1.6200000000000012, 0.0, 50.0
1.6300000000000012, 0.0, 50.0
1.6400000000000012, 0.0, 50.0
1.6500000000000012, 0.0, 50.0
1.6600000000000013, 0.0, 50.0
1.6700000000000013, 0.0, 50.0
1.6800000000000013, 0.0, 50.0
1.6900000000000013, 0.0, 50.0
1.7000000000000013, 0.0, 50.0
1.7100000000000013, 0.0, 50.0
1.7200000000000013, 0.0, 50.0
1.7300000000000013, 0.0, 50.0
1.7400000000000013, 0.0, 50.0
1.7500000000000013, 0.0, 50.0
1.7600000000000013, 0.0, 50.0
1.7700000000000014, 0.0, 50.0
1.7800000000000014, 0.0, 50.0
1.7900000000000014, 0.0, 50.0
1.8000000000000014, 0.0, 50.0
1.8100000000000014, 0.0, 50.0
1.8200000000000014, 0.0, 50.0
1.8300000000000014, 0.0, 50.0
1.8400000000000014, 0.0, 50.0
1.8500000000000014, 0.0, 50.0
1.8600000000000014, 0.0, 50.0
1.8700000000000014, 0.0, 50.0
1.8800000000000014, 0.0, 50.0
1.8900000000000015, 0.0, 50.0
1.9000000000000015, 0.0, 50.0
1.9100000000000015, 0.0, 50.0
1.9200000000000015, 0.0, 50.0
1.9300000000000015, 0.0, 50.0
1.9400000000000015, 0.0, 50.0
1.9500000000000015, 0.0, 50.0
1.9600000000000015, 0.0, 50.0
1.9700000000000015, 0.0, 50.0
1.9800000000000015, 0.0, 50.0
1.9900000000000015, 0.0, 50.0
2.0000000000000013, 0.0, 50.0
2.010000000000001, 0.0, 50.0
2.020000000000001, 0.0, 50.0
2.0300000000000007, 0.0, 50.0
2.0400000000000005, 0.0, 50.0
2.0500000000000003, 0.0, 50.0
2.06, 0.0, 50.0
2.07, 0.0, 50.0
2.0799999999999996, 0.0, 50.0
2.0899999999999994, 0.0, 50.0
2.099999999999999, 0.0, 50.0
2.109999999999999, 0.0, 50.0
2.1199999999999988, 0.0, 50.0
2.1299999999999986, 0.0, 50.0
2.1399999999999983, 0.0, 50.0
2.149999999999998, 0.0, 50.0
2.159999999999998, 0.0, 50.0
2.1699999999999977, 0.0, 50.0
2.1799999999999975, 0.0, 50.0
2.1899999999999973, 0.0, 50.0
2.199999999999997, 0.0, 50.0
2.209999999999997, 0.0, 50.0
2.2199999999999966, 0.0, 50.0
2.2299999999999964, 0.0, 50.0
2.239999999999996, 0.0, 50.0
2.249999999999996, 0.0, 50.0
2.259999999999996, 0.0, 50.0
2.2699999999999956, 0.0, 50.0
2.2799999999999954, 0.0, 50.0
2.289999999999995, 0.0, 50.0
2.299999999999995, 0.0, 50.0
2.3099999999999947, 0.0, 50.0
2.3199999999999945, 0.0, 50.0
2.3299999999999943, 0.0, 50.0
2.339999999999994, 0.0, 50.0
2.349999999999994, 0.0, 50.0
2.3599999999999937, 0.0, 50.0
2.3699999999999934, 0.0, 50.0
2.3799999999999932, 0.0, 50.0
2.389999999999993, 0.0, 50.0
2.399999999999993, 0.0, 50.0
2.4099999999999926, 0.0, 50.0
2.4199999999999924, 0.0, 50.0
2.429999999999992, 0.0, 50.0
2.439999999999992, 0.0, 50.0
2.4499999999999917, 0.0, 50.0
2.4599999999999915, 0.0, 50.0
2.4699999999999913, 0.0, 50.0
2.479999999999991, 0.0, 50.0
2.489999999999991, 0.0, 50.0
2.4999999999999907, 0.0, 50.0
2.5099999999999905, 0.0, 50.0
2.5199999999999902, 0.0, 50.0
2.52999999999999, 0.0, 50.0
2.53999999999999, 0.0, 50.0
2.5499999999999896, 0.0, 50.0
2.5599999999999894, 0.0, 50.0
2.569999999999989, 0.0, 50.0
2.579999999999989, 0.0, 50.0
2.5899999999999888, 0.0, 50.0
2.5999999999999885, 0.0, 50.0
2.6099999999999883, 0.0, 50.0
2.619999999999988, 0.0, 50.0
2.629999999999988, 0.0, 50.0
2.6399999999999877, 0.0, 50.0
2.6499999999999875, 0.0, 50.0
2.6599999999999873, 0.0, 50.0
2.669999999999987, 0.0, 50.0
2.679999999999987, 0.0, 50.0
2.6899999999999866, 0.0, 50.0
2.6999999999999864, 0.0, 50.0
2.709999999999986, 0.0, 50.0
2.719999999999986, 0.0, 50.0
2.7299999999999858, 0.0, 50.0
2.7399999999999856, 0.0, 50.0
2.7499999999999853, 0.0, 50.0
2.759999999999985, 0.0, 50.0
2.769999999999985, 0.0, 50.0
2.7799999999999847, 0.0, 50.0
2.7899999999999845, 0.0, 50.0
2.7999999999999843, 0.0, 50.0
2.809999999999984, 0.0, 50.0
2.819999999999984, 0.0, 50.0
2.8299999999999836, 0.0, 50.0
2.8399999999999834, 0.0, 50.0
2.849999999999983, 0.0, 50.0
2.859999999999983, 0.0, 50.0
2.869999999999983, 0.0, 50.0
2.8799999999999826, 0.0, 50.0
2.8899999999999824, 0.0, 50.0
2.899999999999982, 0.0, 50.0
2.909999999999982, 0.0, 50.0
2.9199999999999817, 0.0, 50.0
2.9299999999999815, 0.0, 50.0
2.9399999999999813, 0.0, 50.0
2.949999999999981, 0.0, 50.0
2.959999999999981, 0.0, 50.0
2.9699999999999807, 0.0, 50.0
2.9799999999999804, 0.0, 50.0
2.9899999999999802, 0.0, 50.0
2.99999999999998, 0.0, 50.0
3.00999999999998, 0.0, 50.0
3.0199999999999796, 0.0, 50.0
3.0299999999999794, 0.0, 50.0
3.039999999999979, 0.0, 50.0
3.049999999999979, 0.0, 50.0
3.0599999999999787, 0.0, 50.0
3.0699999999999785, 0.0, 50.0
3.0799999999999783, 0.0, 50.0
3.089999999999978, 0.0, 50.0
3.099999999999978, 0.0, 50.0
3.1099999999999777, 0.0, 50.0
3.1199999999999775, 0.0, 50.0
3.1299999999999772, 0.0, 50.0
3.139999999999977, 0.0, 50.0
3.149999999999977, 0.0, 50.0
3.1599999999999766, 0.0, 50.0
3.1699999999999764, 0.0, 50.0
3.179999999999976, 0.0, 50.0
3.189999999999976, 0.0, 50.0
3.1999999999999758, 0.0, 50.0
3.2099999999999755, 0.0, 50.0
3.2199999999999753, 0.0, 50.0
3.229999999999975, 0.0, 50.0
3.239999999999975, 0.0, 50.0
3.2499999999999747, 0.0, 50.0
3.2599999999999745, 0.0, 50.0
3.2699999999999743, 0.0, 50.0
3.279999999999974, 0.0, 50.0
3.289999999999974, 0.0, 50.0
3.2999999999999736, 0.0, 50.0
3.3099999999999734, 0.0, 50.0
3.319999999999973, 0.0, 50.0
3.329999999999973, 0.0, 50.0
3.3399999999999728, 0.0, 50.0
3.3499999999999726, 0.0, 50.0
3.3599999999999723, 0.0, 50.0
3.369999999999972, 0.0, 50.0
3.379999999999972, 0.0, 50.0
3.3899999999999717, 0.0, 50.0
3.3999999999999715, 0.0, 50.0
3.4099999999999713, 0.0, 50.0
3.419999999999971, 0.0, 50.0
3.429999999999971, 0.0, 50.0
3.4399999999999706, 0.0, 50.0
3.4499999999999704, 0.0, 50.0
3.45999999999997, 0.0, 50.0
3.46999999999997, 0.0, 50.0
3.47999999999997, 0.0, 50.0
3.4899999999999696, 0.0, 50.0
3.4999999999999694, 0.0, 50.0
3.509999999999969, 0.0, 50.0
3.519999999999969, 0.0, 50.0
3.5299999999999687, 0.0, 50.0
3.5399999999999685, 0.0, 50.0
3.5499999999999683, 0.0, 50.0
3.559999999999968, 0.0, 50.0
3.569999999999968, 0.0, 50.0
3.5799999999999677, 0.0, 50.0
3.5899999999999674, 0.0, 50.0
3.5999999999999672, 0.0, 50.0
3.609999999999967, 0.0, 50.0
3.619999999999967, 0.0, 50.0
3.6299999999999666, 0.0, 50.0
3.6399999999999664, 0.0, 50.0
3.649999999999966, 0.0, 50.0
3.659999999999966, 0.0, 50.0
3.6699999999999657, 0.0, 50.0
3.6799999999999655, 0.0, 50.0
3.6899999999999653, 0.0, 50.0
3.699999999999965, 0.0, 50.0
3.709999999999965, 0.0, 50.0
3.7199999999999647, 0.0, 50.0
3.7299999999999645, 0.0, 50.0
3.7399999999999642, 0.0, 50.0
3.749999999999964, 0.0, 50.0
3.759999999999964, 0.0, 50.0
3.7699999999999636, 0.0, 50.0
3.7799999999999634, 0.0, 50.0
3.789999999999963, 0.0, 50.0
3.799999999999963, 0.0, 50.0
3.8099999999999627, 0.0, 50.0
3.8199999999999625, 0.0, 50.0
3.8299999999999623, 0.0, 50.0
3.839999999999962, 0.0, 50.0
3.849999999999962, 0.0, 50.0
3.8599999999999617, 0.0, 50.0
3.8699999999999615, 0.0, 50.0
3.8799999999999613, 0.0, 50.0
3.889999999999961, 0.0, 50.0
3.899999999999961, 0.0, 50.0
3.9099999999999606, 0.0, 50.0
3.9199999999999604, 0.0, 50.0
3.92999999999996, 0.0, 50.0
3.93999999999996, 0.0, 50.0
3.9499999999999598, 0.0, 50.0
3.9599999999999596, 0.0, 50.0
3.9699999999999593, 0.0, 50.0
3.979999999999959, 0.0, 50.0
3.989999999999959, 0.0, 50.0
3.9999999999999587, 0.0, 50.0
4.009999999999959, 0.0, 50.0
4.019999999999959, 0.0, 50.0
4.0299999999999585, 0.0, 50.0
4.039999999999958, 0.0, 50.0
4.049999999999958, 0.0, 50.0
4.059999999999958, 0.0, 50.0
4.069999999999958, 0.0, 50.0
4.079999999999957, 0.0, 50.0
4.089999999999957, 0.0, 50.0
4.099999999999957, 0.0, 50.0
4.109999999999957, 0.0, 50.0
4.119999999999957, 0.0, 50.0
4.129999999999956, 0.0, 50.0
4.139999999999956, 0.0, 50.0
4.149999999999956, 0.0, 50.0
4.159999999999956, 0.0, 50.0
4.1699999999999555, 0.0, 50.0
4.179999999999955, 0.0, 50.0
4.189999999999955, 0.0, 50.0
4.199999999999955, 0.0, 50.0
4.209999999999955, 0.0, 50.0
4.2199999999999545, 0.0, 50.0
4.229999999999954, 0.0, 50.0
4.239999999999954, 0.0, 50.0
4.249999999999954, 0.0, 50.0
4.259999999999954, 0.0, 50.0
4.269999999999953, 0.0, 50.0
4.279999999999953, 0.0, 50.0
4.289999999999953, 0.0, 50.0
4.299999999999953, 0.0, 50.0
4.3099999999999525, 0.0, 50.0
4.319999999999952, 0.0, 50.0
4.329999999999952, 0.0, 50.0
4.339999999999952, 0.0, 50.0
4.349999999999952, 0.0, 50.0
4.3599999999999515, 0.0, 50.0
4.369999999999951, 0.0, 50.0
4.379999999999951, 0.0, 50.0
4.389999999999951, 0.0, 50.0
4.399999999999951, 0.0, 50.0
4.40999999999995, 0.0, 50.0
4.41999999999995, 0.0, 50.0
4.42999999999995, 0.0, 50.0
4.43999999999995, 0.0, 50.0
4.4499999999999496, 0.0, 50.0
4.459999999999949, 0.0, 50.0
4.469999999999949, 0.0, 50.0
4.479999999999949, 0.0, 50.0
4.489999999999949, 0.0, 50.0
4.4999999999999485, 0.0, 50.0
4.509999999999948, 0.0, 50.0
4.519999999999948, 0.0, 50.0
4.529999999999948, 0.0, 50.0
4.539999999999948, 0.0, 50.0
4.549999999999947, 0.0, 50.0
4.559999999999947, 0.0, 50.0
4.569999999999947, 0.0, 50.0
4.579999999999947, 0.0, 50.0
4.589999999999947, 0.0, 50.0
4.599999999999946, 0.0, 50.0
4.609999999999946, 0.0, 50.0
4.619999999999946, 0.0, 50.0
4.629999999999946, 0.0, 50.0
4.6399999999999455, 0.0, 50.0
4.649999999999945, 0.0, 50.0
4.659999999999945, 0.0, 50.0
4.669999999999945, 0.0, 50.0
4.679999999999945, 0.0, 50.0
4.689999999999944, 0.0, 50.0
4.699999999999944, 0.0, 50.0
4.709999999999944, 0.0, 50.0
4.719999999999944, 0.0, 50.0
4.729999999999944, 0.0, 50.0
4.739999999999943, 0.0, 50.0
4.749999999999943, 0.0, 50.0
4.759999999999943, 0.0, 50.0
4.769999999999943, 0.0, 50.0
4.7799999999999425, 0.0, 50.0
4.789999999999942, 0.0, 50.0
4.799999999999942, 0.0, 50.0
4.809999999999942, 0.0, 50.0
4.819999999999942, 0.0, 50.0
4.8299999999999415, 0.0, 50.0
4.839999999999941, 0.0, 50.0
4.849999999999941, 0.0, 50.0
4.859999999999941, 0.0, 50.0
4.869999999999941, 0.0, 50.0
4.87999999999994, 0.0, 50.0
4.88999999999994, 0.0, 50.0
4.89999999999994, 0.0, 50.0
4.90999999999994, 0.0, 50.0
4.9199999999999395, 0.0, 50.0
4.929999999999939, 0.0, 50.0
4.939999999999939, 0.0, 50.0
4.949999999999939, 0.0, 50.0
4.959999999999939, 0.0, 50.0
4.9699999999999385, 0.0, 50.0
4.979999999999938, 0.0, 50.0
4.989999999999938, 0.0, 50.0
4.999999999999938, 0.0, 50.0
5.009999999999938, 0.0, 50.0
5.019999999999937, 0.0, 50.0
5.029999999999937, 0.0, 50.0
5.039999999999937, 0.0, 50.0
5.049999999999937, 0.0, 50.0
5.0599999999999365, 0.0, 50.0
5.069999999999936, 0.0, 50.0
5.079999999999936, 0.0, 50.0
5.089999999999936, 0.0, 50.0
5.099999999999936, 0.0, 50.0
5.1099999999999355, 0.0, 50.0
5.119999999999935, 0.0, 50.0
5.129999999999935, 0.0, 50.0
5.139999999999935, 0.0, 50.0
5.149999999999935, 0.0, 50.0
5.159999999999934, 0.0, 50.0
5.169999999999934, 0.0, 50.0
5.179999999999934, 0.0, 50.0
5.189999999999934, 0.0, 50.0
5.199999999999934, 0.0, 50.0
5.209999999999933, 0.0, 50.0
5.219999999999933, 0.0, 50.0
5.229999999999933, 0.0, 50.0
5.239999999999933, 0.0, 50.0
5.2499999999999325, 0.0, 50.0
5.259999999999932, 0.0, 50.0
5.269999999999932, 0.0, 50.0
5.279999999999932, 0.0, 50.0
5.289999999999932, 0.0, 50.0
5.299999999999931, 0.0, 50.0
5.309999999999931, 0.0, 50.0
5.319999999999931, 0.0, 50.0
5.329999999999931, 0.0, 50.0
5.339999999999931, 0.0, 50.0
5.34999999999993, 0.0, 50.0
5.35999999999993, 0.0, 50.0
5.36999999999993, 0.0, 50.0
5.37999999999993, 0.0, 50.0
5.3899999999999295, 0.0, 50.0
5.399999999999929, 0.0, 50.0
5.409999999999929, 0.0, 50.0
5.419999999999929, 0.0, 50.0
5.429999999999929, 0.0, 50.0
5.4399999999999284, 0.0, 50.0
5.449999999999928, 0.0, 50.0
5.459999999999928, 0.0, 50.0
5.469999999999928, 0.0, 50.0
5.479999999999928, 0.0, 50.0
5.489999999999927, 0.0, 50.0
5.499999999999927, 0.0, 50.0
5.509999999999927, 0.0, 50.0
5.519999999999927, 0.0, 50.0
5.5299999999999265, 0.0, 50.0
5.539999999999926, 0.0, 50.0
5.549999999999926, 0.0, 50.0
5.559999999999926, 0.0, 50.0
5.569999999999926, 0.0, 50.0
5.5799999999999255, 0.0, 50.0
5.589999999999925, 0.0, 50.0
5.599999999999925, 0.0, 50.0
5.609999999999925, 0.0, 50.0
5.619999999999925, 0.0, 50.0
5.629999999999924, 0.0, 50.0
5.639999999999924, 0.0, 50.0
5.649999999999924, 0.0, 50.0
5.659999999999924, 0.0, 50.0
5.6699999999999235, 0.0, 50.0
5.679999999999923, 0.0, 50.0
5.689999999999923, 0.0, 50.0
5.699999999999923, 0.0, 50.0
5.709999999999923, 0.0, 50.0
5.709999999999923, 0.0, 50.0
5.7199999999999225, 0.8642643171092488, 49.7489080045647
5.729999999999922, 1.6202274241950196, 49.296797534143245
5.739999999999922, 2.228815330520646, 48.704369505789074
5.749999999999922, 2.6765601913067205, 48.0309697460373
5.759999999999922, 2.9688434873423444, 47.32739308641439
5.769999999999921, 3.1229117583358965, 46.63273402705943
5.779999999999921, 3.1619404963854505, 45.97408598777655
5.789999999999921, 3.1106350497389634, 45.36792010537318
5.799999999999921, 2.992364301645581, 44.82222236378436
5.809999999999921, 2.82757315291657, 44.3387668170369
5.81999999999992, 2.6331371206181573, 43.915166562659564
5.82999999999992, 2.4223367980849213, 43.546540816779576
5.83999999999992, 2.2051895559794286, 43.22676436266461
5.84999999999992, 1.988947515484414, 42.94933721784051
5.8599999999999195, 1.778636461881782, 42.70794391033579
5.869999999999919, 1.5775624174169667, 42.496778234830636
5.879999999999919, 1.3877497567170305, 42.310702303583064
5.889999999999919, 1.2102988875796001, 42.145295941313975
5.899999999999919, 1.0456656431470324, 41.996838704307244
5.909999999999918, 0.8938716635367596, 41.862254464943476
5.919999999999918, 0.7546577101151193, 41.739038553058556
5.929999999999918, 0.6275919306072864, 41.62517999694355
5.939999999999918, 0.5121438537857125, 41.51908615662182
5.949999999999918, 0.40773313623739105, 41.41951353942939
5.959999999999917, 0.3137602654638396, 41.32550637985868
5.969999999999917, 0.2296247718367117, 41.23634326351183
5.979999999999917, 0.15473510735554785, 41.15149137500849
5.989999999999917, 0.08851322560119705, 41.07056762922107
5.9999999999999165, 0.03039602093541415, 40.99330584950717
6.009999999999916, -0.020164882486330582, 40.91952918301916
6.019999999999916, -0.06370400031825454, 40.8491270268037
6.029999999999916, -0.10074289165354117, 40.78203584051352
6.039999999999916, -0.13179073748690337, 40.71822332076821
6.0499999999999154, -0.15734442287725395, 40.657675498243115
6.059999999999915, -0.1778880811955783, 40.600386387908436
6.069999999999915, -0.1938921442004684, 40.546349875812496
6.079999999999915, -0.20581199385273605, 40.49555356470264
6.089999999999915, -0.21408633918223366, 40.447974328695494
6.099999999999914, -0.21913545069208268, 40.40357534731869
6.109999999999914, -0.22135938087265916, 40.36230440440566
6.119999999999914, -0.22113628649649675, 40.324093249879645
6.129999999999914, -0.21882094975856306, 40.28885783417958
6.1399999999999135, -0.21474357363981694, 40.25649923716133
6.149999999999913, -0.20920890417969182, 40.2269051264508
6.159999999999913, -0.20249571024253474, 40.19995159470923
6.169999999999913, -0.19485663103275175, 40.17550524104937
6.179999999999913, -0.18651838386404643, 40.153425378637465
6.1899999999999125, -0.17768231001033666, 40.13356626790916
6.199999999999912, -0.16852522507859072, 40.11577929232632
6.209999999999912, -0.15920053224264447, 40.09991501070779
6.219999999999912, -0.14983955168274668, 40.08582503641793
6.229999999999912, -0.14055301738030337, 40.07336370870139
6.239999999999911, -0.13143269262793889, 40.06238953490792
6.249999999999911, -0.12255305779185337, 40.05276639405302
6.259999999999911, -0.11397302755331819, 40.044364502000555
6.269999999999911, -0.10573765961916887, 40.03706114651329
6.2799999999999105, -0.09787982232134004, 40.03074120655582
6.28999999999991, -0.0904217942649516, 40.025297474670865
6.29999999999991, -0.08337677493198906, 40.02063080415207
6.30999999999991, -0.07675029066225401, 40.016650104299664
6.31999999999991, -0.07054148553378463, 40.013272207482835
6.3299999999999095, -0.06474429122623722, 40.01042163125862
6.339999999999909, -0.05934847389787082, 40.00803025762007
6.349999999999909, -0.054340559407804113, 40.00603694975852
6.359999999999909, -0.049704640873157804, 40.00438712469835
6.369999999999909, -0.04542307459565076, 40.003032297945715
6.379999999999908, -0.041477071873802666, 40.00192961400857
6.389999999999908, -0.03784719519747024, 40.00104137439206
6.399999999999908, -0.034513767870275706, 40.000334572525674
6.409999999999908, -0.03145720629396183, 39.9997804430892
6.419999999999908, -0.028658284046596344, 39.99935403140905
6.429999999999907, -0.02609833655925877, 39.9990337870127
6.439999999999907, -0.023759414702571834, 39.998801184063964
6.449999999999907, -0.021624394987087937, 39.99864037025107
6.459999999999907, -0.019677053404248284, 39.99853784475278
6.4699999999999065, -0.017902109223806063, 39.998482165148765
6.479999999999906, -0.016285244348302957, 39.99846368254971
6.489999999999906, -0.014813103127743945, 39.998474303780625
6.499999999999906, -0.013473276874412589, 39.9985072791354
6.509999999999906, -0.01225427670008252, 39.99855701401278
6.519999999999905, -0.011145497732722729, 39.998618902623626
6.529999999999905, -0.010137177260728167, 39.998689181910116
6.539999999999905, -0.00922034890059145, 39.99876480382346
6.549999999999905, -0.008386794487584576, 39.99884332415488
6.559999999999905, -0.007628995045788859, 39.99892280619307
6.569999999999904, -0.006940081900046491, 39.99900173758141
6.579999999999904, -0.006313788743861544, 39.99907895886128
6.589999999999904, -0.005744405269399168, 39.9991536023082
6.599999999999904, -0.005226732793909357, 39.99922503979016
6.6099999999999035, -0.004756042176637621, 39.99929283849901
6.619999999999903, -0.004328034207309016, 39.99935672352264
6.629999999999903, -0.003938802557630405, 39.99941654633742
6.639999999999903, -0.003584799317348846, 39.99947225840399
6.649999999999903, -0.0032628030830069246, 39.99952388914586
6.659999999999902, -0.002969889527807915, 39.99957152767819
6.669999999999902, -0.002703404352460755, 39.99961530773367
6.679999999999902, -0.0024609384973826587, 39.99965539530414
6.689999999999902, -0.0022403054843707342, 39.999691978580536
6.699999999999902, -0.002039520749277577, 39.99972525983058
6.709999999999901, -0.0018567828250535602, 39.99975544890368
6.719999999999901, -0.0016904562356865856, 39.999782758096714
6.729999999999901, -0.0015390559652109467, 39.99980739815287
6.739999999999901, -0.0014012333713604803, 39.999829575199165
6.7499999999999005, -0.001275763420047491, 39.999849488457684
6.7599999999999, -0.0011615331242061826, 39.99986732859057
6.7699999999999, -0.0010575310783019357, 39.99988327656066
6.7799999999999, -0.00096283798770528, 39.99989750290842
6.7799999999999, -0.0008766180999630803, 39.9999101673617
6.7899999999999, 9.141566641152593, 40.810540954579
6.7999999999998995, 17.525544390727294, 41.10108985809021
6.809999999999899, 25.18639971986681, 40.98125923562685
6.819999999999899, 32.16574012431742, 40.54440625199634
6.829999999999899, 38.508827048374584, 39.86906948637674
6.839999999999899, 44.262539280091644, 39.02057424910015
6.849999999999898, 49.473825704629796, 38.05263176279111
6.859999999999898, 54.18856663921728, 37.00887340000469
6.869999999999898, 58.450769554143406, 35.924281845851475
6.879999999999898, 62.30203311491313, 34.82649701293826
6.8899999999998975, 65.78122220694841, 33.73698647994316
6.899999999999897, 68.92430526448636, 32.672078851018966
6.909999999999897, 71.76431338895596, 31.64386439035084
6.919999999999897, 74.33138815462515, 30.660971153115973
6.929999999999897, 76.65289153574062, 29.729227108091933
6.9399999999998965, 78.75355701608012, 28.852219842906486
6.949999999999896, 80.65566568616178, 28.03176569690524
6.959999999999896, 82.37923506045313, 27.268299844967732
6.969999999999896, 83.94221154255645, 26.561198163531454
6.979999999999896, 85.36066002466437, 25.909040801665967
6.989999999999895, 86.64894612282816, 25.309826367625433
6.999999999999895, 87.81990811083335, 24.761144604032648
7.009999999999895, 88.88501680359028, 24.260314416041783
7.019999999999895, 89.85452252712705, 23.804493170258446
7.0299999999998946, 90.73758895771674, 23.39076231717879
7.039999999999894, 91.54241406893219, 23.016193615389238
7.049999999999894, 92.27633873517561, 22.67789955350599
7.059999999999894, 92.94594373826456, 22.37307097283676
7.069999999999894, 93.55713603793276, 22.099004384082008
7.0799999999998935, 94.11522521980395, 21.853121037498795
7.089999999999893, 94.62499104288892, 21.632979439567276
7.099999999999893, 95.09074298637094, 21.436282702000998
7.109999999999893, 95.51637265262919, 21.260881852941033
7.119999999999893, 95.90539982781303, 21.104776027971134
7.129999999999892, 96.2610129385274, 20.966110283503813
7.139999999999892, 96.5861045774659, 20.843171631197603
7.149999999999892, 96.88330270507497, 20.734383774216774
7.159999999999892, 97.15499807057087, 20.638300929900733
7.169999999999892, 97.40336833519123, 20.553601044998167
7.179999999999891, 97.63039932425812, 20.479078645862298
7.189999999999891, 97.83790378289599, 20.41363751424215
7.199999999999891, 98.02753796324791, 20.356283337337516
7.209999999999891, 98.2008163287378, 20.30611644679621
7.2199999999998905, 98.35912462317422, 20.26232473383233
7.22999999999989, 98.50373151903541, 20.22417680541879
7.23999999999989, 98.63579902981625, 20.191015428568605
7.24999999999989, 98.75639184552898, 20.162251295267055
7.25999999999989, 98.86648572799281, 20.13735712900325
7.269999999999889, 98.96697508309009, 20.115862144551933
7.279999999999889, 99.0586798103835, 20.09734686525163
7.289999999999889, 99.14235151607555, 20.081438296171736
7.299999999999889, 99.21867916296222, 20.067805446981584
7.309999999999889, 99.28829422052395, 20.0561551948033
7.319999999999888, 99.35177536937185, 20.046228474663245
7.329999999999888, 99.40965280670675, 20.037796783202552
7.339999999999888, 99.46241219306344, 20.03065897994056
7.349999999999888, 99.5104982752288, 20.024638369502124
7.3599999999998875, 99.55431821569098, 20.01958004773338
7.369999999999887, 99.59424465516597, 20.01534849446806
7.379999999999887, 99.63061853154143, 20.011825395805328
7.389999999999887, 99.66375167588029, 20.008907679068667
7.399999999999887, 99.69392920384946, 20.00650574408839
7.4099999999998865, 99.7214117190145, 20.004541875050336
7.419999999999886, 99.74643734280481, 20.002948817847976
7.429999999999886, 99.76922358455711, 20.001668508636982
7.439999999999886, 99.7899690638434, 20.00065094009761
7.449999999999886, 99.80885509624959, 19.999853152741384
7.459999999999885, 99.8260471528611, 19.999238339438783
7.469999999999885, 99.84169620291112, 19.99877505218064
7.479999999999885, 99.85593994833364, 19.998436500907033
7.489999999999885, 99.86890395832339, 19.99819993503549
7.4999999999998845, 99.88070271142514, 19.99804609908828
7.509999999999884, 99.89144055214531, 19.99795875455213
7.519999999999884, 99.90121256859193, 19.99792426079887
7.529999999999884, 99.91010539719919, 19.99793120855057
7.539999999999884, 99.91819796017353, 19.997970099985785
7.5499999999998835, 99.925562140908, 19.998033070155046
7.559999999999883, 99.93226340224537, 19.99811364490296
7.569999999999883, 99.93836135212747, 19.998206530983115
7.579999999999883, 99.94391026084593, 19.998307434500752
7.589999999999883, 99.94895953380633, 19.99841290422932
7.599999999999882, 99.95355414343342, 19.998520196721607
7.609999999999882, 99.95773502357707, 19.99862716047689
7.619999999999882, 99.96153942952814, 19.998732136733963
7.629999999999882, 99.96500126651745, 19.998833874738665
7.6399999999998816, 99.96815138935078, 19.99893145958528
7.649999999999881, 99.97101787562679, 19.999024250956555
7.659999999999881, 99.97362627479149, 19.999111831288836
7.669999999999881, 99.97599983510412, 19.99919396206891
7.679999999999881, 99.9781597104216, 19.99927054712987
7.6899999999998805, 99.98012514855331, 19.99934160195588
7.69999999999988, 99.9819136627942, 19.99940722813242
7.70999999999988, 99.98354118811005, 19.999467592190516
7.71999999999988, 99.98502222332566, 19.99952290819237
7.72999999999988, 99.98636996055193, 19.999573423492897
7.739999999999879, 99.98759640298312, 19.999619407188312
7.749999999999879, 99.98871247209786, 19.999661140830035
7.759999999999879, 99.98972810520866, 19.99969891104107
7.769999999999879, 99.99065234422214, 19.99973300372331
7.779999999999879, 99.99149341639729, 19.999763699589167
7.789999999999878, 99.99225880781934, 19.999791270789707
7.799999999999878, 99.99295533024414, 19.999815978445504
7.809999999999878, 99.99358918190941, 19.99983807091562
7.819999999999878, 99.99416600285636, 19.999857782665465
7.8299999999998775, 99.99469092525682, 19.999875333616227
7.839999999999877, 99.99516861919665, 19.999890928877225
7.849999999999877, 99.9956033343256, 19.999904758778797
7.859999999999877, 99.99599893774717, 19.999916999137113
7.869999999999877, 99.99635894848839, 19.999927811694036
7.879999999999876, 99.99668656885848, 19.999937344685293
7.889999999999876, 99.99698471297785, 19.999945733498667
7.899999999999876, 99.99725603273323, 19.999953101391178
7.909999999999876, 99.9975029413916, 19.99995956024026
7.919999999999876, 99.9977276350846, 19.999965211309092
7.929999999999875, 99.99793211235588, 19.999970146010465
7.939999999999875, 99.99811819194652, 19.99997444665718
7.949999999999875, 99.99828752897749, 19.99997818718984
7.959999999999875, 99.99844162967419, 19.9999814338754
7.9699999999998745, 99.99858186476459, 19.999984245971806
7.979999999999874, 99.99870948167056, 19.99998667635557
7.989999999999874, 99.99882561560162, 19.999988772110598
7.999999999999874, 99.99893129964977, 19.99999057507747
8.009999999999874, 99.99902747397574, 19.999992122363228
8.009999999999874, 99.99911499416842, 19.999993446812386
8.019999999999873, 115.21261936989384, 23.949661299605292
8.029999999999873, 128.67076453774092, 30.819455716572698
8.039999999999873, 139.9182648736948, 39.75112935337729
8.049999999999873, 148.811182856791, 49.937950310711216
8.059999999999873, 155.4302134558814, 60.6951829032956
8.069999999999872, 159.9980610917995, 71.48838300288875
8.079999999999872, 162.81114692587613, 81.93302024679522
8.089999999999872, 164.1889743214938, 91.77741144270057
8.099999999999872, 164.44032323520634, 100.87809103901188
8.109999999999872, 163.84340378054807, 109.17375520915859
8.119999999999871, 162.6364708945033, 116.6613830037486
8.129999999999871, 161.0155908089742, 123.37625786959141
8.139999999999871, 159.13682385925807, 129.37636596328278
8.14999999999987, 157.12077026957115, 134.7309169693466
8.15999999999987, 155.05806171255742, 139.51237607191885
8.16999999999987, 153.01490251955002, 143.79128226285292
8.17999999999987, 151.03815378602403, 147.6331560287114
8.18999999999987, 149.1597226807529, 151.09689650256195
8.19999999999987, 147.40019118237063, 154.23418832113703
8.20999999999987, 145.77171848336798, 157.0895554072977
8.21999999999987, 144.28030186761228, 159.70079998954702
8.229999999999869, 142.92749977020864, 162.0996461243806
8.239999999999869, 141.71172094787312, 164.31246827394534
8.249999999999869, 140.62917406568266, 166.3610298116057
8.259999999999868, 139.67455817994718, 168.26318710279918
8.269999999999868, 138.8415599084799, 170.0335353603215
8.279999999999868, 138.12320932754062, 171.68398565083464
8.289999999999868, 137.51213464377497, 173.22427049536304
8.299999999999867, 137.0007457088564, 174.66238016094312
8.309999999999867, 136.58136841162985, 176.00493420547056
8.319999999999867, 136.24634568674458, 177.25749395770004
8.329999999999867, 135.9881160572091, 178.4248219510489
8.339999999999867, 135.799277017499, 179.51109424201817
8.349999999999866, 135.67263792424444, 180.52007124989373
8.359999999999866, 135.60126518661446, 181.45523237858848
8.369999999999866, 135.57852126579, 182.31987928891147
8.379999999999866, 135.59809816099244, 183.1172123088469
8.389999999999866, 135.6540455639188, 183.85038410886375
8.399999999999865, 135.7407936122218, 184.5225344270401
8.409999999999865, 135.85317009266757, 185.13680929931758
8.419999999999865, 135.98641197807473, 185.69636792783893
8.429999999999865, 136.13617128417886, 186.20438000111636
8.439999999999864, 136.29851536892733, 186.6640159621424
8.449999999999864, 136.4699219420366, 187.0784324052183
8.459999999999864, 136.6472691889766, 187.45075447182592
8.469999999999864, 136.82782152902246, 187.78405681415518
8.479999999999864, 137.00921161472922, 188.0813444063782
8.489999999999863, 137.18941923716267, 188.34553421292148
8.499999999999863, 137.366747827498, 188.57943847388427
8.509999999999863, 137.53979924340814, 188.78575014365737
8.519999999999863, 137.7074475017205, 188.9670308220083
8.529999999999863, 137.86881207170987, 189.1257013486367
8.539999999999862, 138.0232312810783, 189.2640350926383
8.549999999999862, 138.17023631408043, 189.38415385664769
8.559999999999862, 138.30952620299678, 189.48802623005017
8.569999999999862, 138.4409441343204, 189.57746816429992
8.579999999999862, 138.56445531302936, 189.65414550335322
8.589999999999861, 138.68012655488846, 189.71957818054142
8.599999999999861, 138.7881077098628, 189.77514578679464
8.60999999999986, 138.88861496076882, 189.82209422095428
8.61999999999986, 138.98191599097015, 189.86154314810943
8.62999999999986, 139.06831697346837, 189.8944940138415
8.63999999999986, 139.14815130094945, 189.92183838864673
8.64999999999986, 139.221769951714, 189.9443664456528
8.65999999999986, 139.2895333692079, 189.9627754044226
8.66999999999986, 139.35180472219795, 189.9776778028559
8.67999999999986, 139.40894440755778, 189.98960948698036
8.68999999999986, 139.46130565717297, 189.99903723407567
8.699999999999859, 139.50923111371537, 190.00636594765243
8.709999999999859, 139.55305024610317, 190.01194538306842
8.719999999999859, 139.5930774835774, 190.01607637993737
8.729999999999858, 139.6296109568073, 190.0190165920221
8.739999999999858, 139.66293174470817, 190.02098571715487
8.749999999999858, 139.69330353624318, 190.02217023910856
8.759999999999858, 139.72097262701058, 190.02272770050502
8.769999999999857, 139.74616818059897, 190.02279053106835
8.779999999999857, 139.76910269432048, 190.0224694590867
8.789999999999857, 139.7899726178601, 190.02185653610513
8.799999999999857, 139.80895908152564, 190.0210278058892
8.809999999999857, 139.8262286981046, 190.02004564879985
8.819999999999856, 139.8419344088266, 190.01896083211383
8.829999999999856, 139.85621634961842, 190.0178142956837
8.839999999999856, 139.86920271875715, 190.01663870081322
8.849999999999856, 139.8810106312382, 190.01545976845028
8.859999999999856, 139.89174694873293, 190.0142974308765
8.869999999999855, 139.90150907698643, 190.01316681908074
8.879999999999855, 139.91038572496328, 190.0120791060095
8.889999999999855, 139.9184576220522, 190.01104222393607
8.899999999999855, 139.92579819125126, 190.01006147232061
8.909999999999854, 139.93247417753088, 190.00914003076863
8.919999999999854, 139.93854623156048, 190.00827939004887
8.929999999999854, 139.94406944973815, 190.00747971261566
8.939999999999854, 139.94909387201582, 190.00674013269554
8.949999999999854, 139.9536649394052, 190.00605900474278
8.959999999999853, 139.95782391331164, 190.0054341079403
8.969999999999853, 139.96160825899943, 190.0048628134133
8.979999999999853, 139.96505199556688, 190.004342219927
8.989999999999853, 139.96818601482022, 190.00386926304682
8.999999999999853, 139.97103837139835, 190.00344080204215
9.009999999999852, 139.97363454642718, 190.00305368820324
9.019999999999852, 139.97599768688477, 190.00270481770713
9.029999999999852, 139.9781488227433, 190.0023911717041
9.039999999999852, 139.9801070638291, 190.00210984589341
9.049999999999851, 139.98188977821147, 190.00185807150947
9.059999999999851, 139.9835127537992, 190.0016332293389
9.069999999999851, 139.98499034469484, 190.00143285813195
9.07999999999985, 139.9863356037297, 190.00125465855007
9.08999999999985, 139.98756040248335, 190.00109649360286
9.09999999999985, 139.98867553997604, 190.00095638636662
9.10999999999985, 139.98969084111738, 190.00083251563925
9.11999999999985, 139.99061524589334, 190.00072321007062
9.12999999999985, 139.9914568901829, 190.00062694120902
9.13999999999985, 139.99222317901015, 190.00054231582115
9.14999999999985, 139.9929208529611, 190.00046806777377
9.15999999999985, 139.99355604842228, 190.00040304970676
9.169999999999849, 139.9941343522354, 190.00034622467837
9.179999999999849, 139.99466085130288, 190.00029665792263
9.189999999999849, 139.9951401776268, 190.00025350882623
9.199999999999848, 139.99557654921605, 190.0002160232035
9.209999999999848, 139.9959738072533, 190.00018352592616
9.219999999999848, 139.99633544987515, 190.00015541394578
9.229999999999848, 139.99666466288363, 190.0001311497322
9.239999999999847, 139.9969643476761, 190.0001102551393
9.249999999999847, 139.9972371466526, 190.00009230569995
9.259999999999847, 139.99748546633418, 190.00007692534487
9.269999999999847, 139.99771149840376, 190.00006378153464
9.279999999999847, 139.99791723885966, 190.00005258078957
9.289999999999846, 139.99810450545482, 190.00004306459974
9.299999999999846, 139.99827495357746, 190.00003500569497
9.309999999999846, 139.99843009071475, 190.00002820465357
9.319999999999846, 139.99857128962717, 190.00002248682796
9.329999999999846, 139.9986998003501, 190.0000176995651
9.339999999999845, 139.9988167611275, 190.0000137097
9.349999999999845, 139.99892320837358, 190.00001040130104
9.359999999999845, 139.99902008574912, 190.0000076736464
