0.01, 0.0, 0.0
0.02, 0.0, 0.0
0.03, 0.0, 0.0
0.04, 0.0, 0.0
0.05, 0.0, 0.0
0.060000000000000005, 0.0, 0.0
0.07, 0.0, 0.0
0.08, 0.0, 0.0
0.09, 0.0, 0.0
0.09999999999999999, 0.0, 0.0
0.10999999999999999, 0.0, 0.0
0.11999999999999998, 0.0, 0.0
0.12999999999999998, 0.0, 0.0
0.13999999999999999, 0.0, 0.0
0.15, 0.0, 0.0
0.16, 0.0, 0.0
0.17, 0.0, 0.0
0.18000000000000002, 0.0, 0.0
0.19000000000000003, 0.0, 0.0
0.20000000000000004, 0.0, 0.0
0.21000000000000005, 0.0, 0.0
0.22000000000000006, 0.0, 0.0
0.23000000000000007, 0.0, 0.0
0.24000000000000007, 0.0, 0.0
0.25000000000000006, 0.0, 0.0
0.26000000000000006, 0.0, 0.0
0.2700000000000001, 0.0, 0.0
0.2800000000000001, 0.0, 0.0
0.2900000000000001, 0.0, 0.0
0.3000000000000001, 0.0, 0.0
0.3100000000000001, 0.0, 0.0
0.3200000000000001, 0.0, 0.0
0.3300000000000001, 0.0, 0.0
0.34000000000000014, 0.0, 0.0
0.35000000000000014, 0.0, 0.0
0.36000000000000015, 0.0, 0.0
0.37000000000000016, 0.0, 0.0
0.38000000000000017, 0.0, 0.0
0.3900000000000002, 0.0, 0.0
0.4000000000000002, 0.0, 0.0
0.4100000000000002, 0.0, 0.0
0.4200000000000002, 0.0, 0.0
0.4300000000000002, 0.0, 0.0
0.4400000000000002, 0.0, 0.0
0.45000000000000023, 0.0, 0.0
0.46000000000000024, 0.0, 0.0
0.47000000000000025, 0.0, 0.0
0.48000000000000026, 0.0, 0.0
0.49000000000000027, 0.0, 0.0
0.5000000000000002, 0.0, 0.0
0.5100000000000002, 0.0, 0.0
0.5200000000000002, 0.0, 0.0
0.5300000000000002, 0.0, 0.0
0.5400000000000003, 0.0, 0.0
0.5500000000000003, 0.0, 0.0
0.5600000000000003, 0.0, 0.0
0.5700000000000003, 0.0, 0.0
0.5800000000000003, 0.0, 0.0
0.5900000000000003, 0.0, 0.0
0.6000000000000003, 0.0, 0.0
0.6100000000000003, 0.0, 0.0
0.6200000000000003, 0.0, 0.0
0.6300000000000003, 0.0, 0.0
0.6400000000000003, 0.0, 0.0
0.6500000000000004, 0.0, 0.0
0.6600000000000004, 0.0, 0.0
0.6700000000000004, 0.0, 0.0
0.6800000000000004, 0.0, 0.0
0.6900000000000004, 0.0, 0.0
0.7000000000000004, 0.0, 0.0
0.7100000000000004, 0.0, 0.0
0.7100000000000004, 0.0, 0.0
0.7200000000000004, 1.8, 0.0
0.7300000000000004, 3.4379999999999997, 0.0
0.7400000000000004, 4.92858, 0.0
0.7500000000000004, 6.2850078, 0.0
0.7600000000000005, 7.519357098, 0.0
0.7700000000000005, 8.642614959180001, 0.0
0.7800000000000005, 9.6647796128538, 0.0
0.7900000000000005, 10.594949447696958, 0.0
0.8000000000000005, 11.441403997404231, 0.0
0.8100000000000005, 12.21167763763785, 0.0
0.8200000000000005, 12.912626650250443, 0.0
0.8300000000000005, 13.550490251727904, 0.0
0.8400000000000005, 14.130946129072393, 0.0
0.8500000000000005, 14.659160977455878, 0.0
0.8600000000000005, 15.13983648948485, 0.0
0.8700000000000006, 15.577251205431214, 0.0
0.8800000000000006, 15.975298596942405, 0.0
0.8900000000000006, 16.337521723217588, 0.0
0.9000000000000006, 16.667144768128004, 0.0
0.9100000000000006, 16.967101738996483, 0.0
0.9200000000000006, 17.2400625824868, 0.0
0.9300000000000006, 17.48845695006299, 0.0
0.9400000000000006, 17.71449582455732, 0.0
0.9500000000000006, 17.920191200347162, 0.0
0.9600000000000006, 18.107373992315917, 0.0
0.9700000000000006, 18.277710333007484, 0.0
0.9800000000000006, 18.43271640303681, 0.0
0.9900000000000007, 18.5737719267635, 0.0
1.0000000000000007, 18.702132453354785, 0.0
1.0100000000000007, 18.818940532552855, 0.0
1.0200000000000007, 18.9252358846231, 0.0
1.0300000000000007, 19.02196465500702, 0.0
1.0400000000000007, 19.10998783605639, 0.0
1.0500000000000007, 19.190088930811317, 0.0
1.0600000000000007, 19.2629809270383, 0.0
1.0700000000000007, 19.32931264360485, 0.0
1.0800000000000007, 19.389674505680414, 0.0
1.0900000000000007, 19.444603800169176, 0.0
1.1000000000000008, 19.49458945815395, 0.0
1.1100000000000008, 19.540076406920093, 0.0
1.1200000000000008, 19.581469530297284, 0.0
1.1300000000000008, 19.619137272570526, 0.0
1.1400000000000008, 19.65341491803918, 0.0
1.1500000000000008, 19.68460757541565, 0.0
1.1600000000000008, 19.712992893628243, 0.0
1.1700000000000008, 19.7388235332017, 0.0
1.1800000000000008, 19.762329415213546, 0.0
1.1900000000000008, 19.783719767844328, 0.0
1.2000000000000008, 19.803184988738337, 0.0
1.2100000000000009, 19.82089833975189, 0.0
1.2200000000000009, 19.83701748917422, 0.0
1.2300000000000009, 19.85168591514854, 0.0
1.2400000000000009, 19.86503418278517, 0.0
1.2500000000000009, 19.877181106334504, 0.0
1.260000000000001, 19.888234806764398, 0.0
1.270000000000001, 19.898293674155603, 0.0
1.280000000000001, 19.9074472434816, 0.0
1.290000000000001, 19.915776991568254, 0.0
1.300000000000001, 19.92335706232711, 0.0
1.310000000000001, 19.93025492671767, 0.0
1.320000000000001, 19.936531983313078, 0.0
1.330000000000001, 19.9422441048149, 0.0
1.340000000000001, 19.94744213538156, 0.0
1.350000000000001, 19.95217234319722, 0.0
1.360000000000001, 19.95647683230947, 0.0
1.370000000000001, 19.960393917401618, 0.0
1.380000000000001, 19.96395846483547, 0.0
1.390000000000001, 19.96720220300028, 0.0
1.400000000000001, 19.970154004730254, 0.0
1.410000000000001, 19.97284014430453, 0.0
1.420000000000001, 19.975284531317122, 0.0
1.430000000000001, 19.977508923498583, 0.0
1.440000000000001, 19.97953312038371, 0.0
1.450000000000001, 19.981375139549176, 0.0
1.460000000000001, 19.98305137698975, 0.0
1.470000000000001, 19.984576753060672, 0.0
1.480000000000001, 19.98596484528521, 0.0
1.490000000000001, 19.98722800920954, 0.0
1.500000000000001, 19.98837748838068, 0.0
1.5100000000000011, 19.98942351442642, 0.0
1.5200000000000011, 19.99037539812804, 0.0
1.5300000000000011, 19.991241612296516, 0.0
1.5400000000000011, 19.992029867189828, 0.0
1.5500000000000012, 19.992747179142743, 0.0
1.5600000000000012, 19.993399933019894, 0.0
1.5700000000000012, 19.993993939048103, 0.0
1.5800000000000012, 19.994534484533773, 0.0
1.5900000000000012, 19.995026380925733, 0.0
1.6000000000000012, 19.995474006642418, 0.0
1.6100000000000012, 19.9958813460446, 0.0
1.6200000000000012, 19.99625202490059, 0.0
1.6300000000000012, 19.996589342659536, 0.0
1.6400000000000012, 19.99689630182018, 0.0
1.6500000000000012, 19.99717563465636, 0.0
1.6600000000000013, 19.99742982753729, 0.0
1.6700000000000013, 19.997661143058934, 0.0
1.6800000000000013, 19.99787164018363, 0.0
1.6900000000000013, 19.998063192567102, 0.0
1.7000000000000013, 19.998237505236062, 0.0
1.7100000000000013, 19.998396129764817, 0.0
1.7200000000000013, 19.998540478085985, 0.0
1.7300000000000013, 19.998671835058246, 0.0
1.7400000000000013, 19.998791369903003, 0.0
1.7500000000000013, 19.99890014661173, 0.0
1.7600000000000013, 19.998999133416675, 0.0
1.7700000000000014, 19.999089211409174, 0.0
1.7700000000000014, 19.999171182382348, 0.0
1.7800000000000014, 25.039602321538904, 0.7173499918459553
1.7900000000000014, 29.598397809661332, 1.9888716303636436
1.8000000000000014, 33.645863320067704, 3.664508714286876
1.8100000000000014, 37.18445489241974, 5.6134361387284635
1.8200000000000014, 40.23882048018261, 7.726497502128677
1.8300000000000014, 42.84753697322673, 9.916125784012495
1.8400000000000014, 45.056648496070174, 12.114698669554066
1.8500000000000014, 46.91488766166114, 14.27205512076651
1.8600000000000014, 48.47034589883004, 16.35269033737984
1.8700000000000014, 49.768317238432786, 18.33297027798089
1.8800000000000014, 50.850044143201586, 20.198569840393958
1.8900000000000015, 51.75212341807606, 21.942238800682457
1.9000000000000015, 52.50637069786526, 23.561931278541337
1.9100000000000015, 53.13998442390381, 25.059291212488464
1.9200000000000015, 53.67588940778439, 26.43846163333926
1.9300000000000015, 54.13317354458634, 27.705173822125044
1.9400000000000015, 54.52755822080946, 28.866069250110442
1.9500000000000015, 54.871863723120654, 29.928209159978707
1.9600000000000015, 55.17644627230776, 30.898731372586788
1.9700000000000015, 55.4495941565278, 31.784619796150103
1.9800000000000015, 55.69787779376877, 32.59255817491096
1.9900000000000015, 55.92645328837434, 33.32884527055244
2.0000000000000013, 56.13932188895825, 33.99935364007311
2.010000000000001, 56.33954928224576, 34.609518362021646
2.020000000000001, 56.529449307907264, 35.16434548230356
2.0300000000000007, 56.71073677452293, 35.66843267306265
2.0400000000000005, 56.884653823635254, 36.12599672041517
2.0500000000000003, 57.052073882404095, 36.54090408105525
2.06, 57.21358676718925, 36.916701969707674
2.07, 57.36956801361107, 37.2566483432582
2.0799999999999996, 57.52023504980809, 37.56373980399733
2.0899999999999994, 57.66569241737173, 37.840736911605255
2.099999999999999, 57.80596788591311, 38.09018671742754
2.109999999999999, 57.94104100247199, 38.31444255143804
2.1199999999999988, 58.07086536209078, 38.51568123008456
2.1299999999999986, 58.19538567497064, 38.69591793345468
2.1399999999999983, 58.31455053216975, 38.857019039241216
2.149999999999998, 58.42832162939694, 39.000713211205074
2.159999999999998, 58.536680091268536, 39.12860103054125
2.1699999999999977, 58.63963044138456, 39.24216343671963
2.1799999999999975, 58.73720268253501, 39.342769215168786
2.1899999999999973, 58.829452882872765, 39.43168173639504
2.199999999999997, 58.9164626053241, 39.51006511751918
2.209999999999997, 58.99833746681841, 39.578989944690676
2.2199999999999966, 59.07520506959066, 39.63943866469503
2.2299999999999964, 59.147212507741266, 39.69231072710601
2.239999999999996, 59.21452361764083, 39.738427534980204
2.249999999999996, 59.277316110083746, 39.77853724249074
2.259999999999996, 59.33577869493082, 39.8133194219859
2.2699999999999956, 59.39010828504571, 39.843389610520454
2.2799999999999954, 59.44050734539834, 39.869303736627295
2.289999999999995, 59.48718143508761, 39.891562421596575
2.299999999999995, 59.53033697454564, 39.91061514540209
2.3099999999999947, 59.57017925714626, 39.92686426524985
2.3199999999999945, 59.60691071366454, 39.940668874124874
2.3299999999999943, 59.64072942932585, 39.95234848731227
2.339999999999994, 59.671827906338436, 39.962186546336824
2.349999999999994, 59.70039205961505, 39.970433731815085
2.3599999999999937, 59.726600429647554, 39.9773110791019
2.3699999999999934, 59.75062359399934, 39.98301289314223
2.3799999999999932, 59.772623757426636, 39.98770946145249
2.389999999999993, 59.79275450004689, 39.99154956653647
2.399999999999993, 59.81116066306944, 39.99466280120597
2.4099999999999926, 59.8279783522369, 39.99716169217194
2.4199999999999924, 59.84333504015922, 39.99914363886877
2.429999999999992, 59.85734975003746, 40.00069267576273
2.439999999999992, 59.870133304771386, 40.001881067381184
2.4499999999999917, 59.88178862704084, 40.0027707459986
2.4599999999999915, 59.89241107757779, 40.00341460235318
2.4699999999999913, 59.902088820451944, 40.00385763997359
2.479999999999991, 59.910903205737405, 40.00413800370053
2.489999999999991, 59.91892916138223, 40.00428789282464
2.4999999999999907, 59.926235587447756, 40.00433436896278
2.5099999999999905, 59.93288574710823, 40.0043000683877
2.5199999999999902, 59.93893764989852, 40.0042038280391
2.52999999999999, 59.944444423668116, 40.004061233900785
2.53999999999999, 59.94945467254649, 40.00388509984966
2.5499999999999896, 59.95401281895457, 40.00368588448602
2.5599999999999894, 59.95815942831758, 40.00347205285447
2.569999999999989, 59.96193151565462, 40.00325038937391
2.579999999999989, 59.96536283365058, 40.00302626772119
2.5899999999999888, 59.96848414216572, 40.00280388286442
2.5999999999999885, 59.97132345941717, 40.002586449922575
2.6099999999999883, 59.97390629528469, 40.002376374041624
2.619999999999988, 59.97625586735806, 40.00217539502575
2.629999999999988, 59.978393300464354, 40.00198471004609
2.6399999999999877, 59.98033781049656, 40.001805077368495
2.6499999999999875, 59.98210687341765, 40.00163690369556
2.6599999999999873, 59.9837163803414, 40.00148031740479
2.669999999999987, 59.98518077959854, 40.001335229683036
2.679999999999987, 59.986513206687924, 40.00120138530501
2.6899999999999866, 59.98772560299149, 40.0010784045785
2.6999999999999864, 59.98882882410138, 40.00096581777919
2.709999999999986, 59.98983273857093, 40.000863093221064
2.719999999999986, 59.99074631785967, 40.00076965995247
2.7299999999999858, 59.99157771819844, 40.00068492593088
2.7399999999999856, 59.9923343550552, 40.00060829240927
2.7499999999999853, 59.99302297083596, 40.00053916516217
2.759999999999985, 59.99364969641042, 40.0004769630879
2.769999999999985, 59.99422010700718, 40.00042112464427
2.7799999999999847, 59.994739272981334, 40.00037111250599
2.7899999999999845, 59.99521180591648, 40.00032641677261
2.7999999999999843, 59.995641900485, 40.00028655700452
2.809999999999984, 59.9960333724543, 40.000251083320265
2.819999999999984, 59.996389693193414, 40.00021957675067
2.8299999999999836, 59.996714021002695, 40.00019164901281
2.8399999999999834, 59.99700922956086, 40.000166941839055
2.849999999999983, 59.99727793375679, 40.0001451259731
2.859999999999983, 59.99752251314906, 40.000125899924626
2.869999999999983, 59.997745133273824, 40.00010898855746
2.8799999999999826, 59.99794776500117, 40.00009414157169
2.8899999999999824, 59.998132202121354, 40.000081131928354
2.899999999999982, 59.99830007732537, 40.000069754255
2.909999999999982, 59.99845287672885, 40.00005982326224
2.9199999999999817, 59.998591953074275, 40.0000511721943
2.9299999999999815, 59.99871853773367, 40.00004365133087
2.9399999999999813, 59.99883375162259, 40.000037126552826
2.949999999999981, 59.99893861512561, 40.00003147798043
2.959999999999981, 59.999034057124284, 40.00002659868964
2.959999999999981, 59.99912092320977, 40.000022393509525
2.9699999999999807, 65.06478044355576, 40.50957981025216
2.9799999999999804, 69.67675772122244, 41.626434632181414
2.9899999999999802, 73.78960669585459, 43.194845482911056
2.99999999999998, 77.39470261749081, 45.0764077956976
3.00999999999998, 80.5095471802406, 47.15392148368166
3.0199999999999796, 83.1686570727265, 49.332212061713186
3.0299999999999794, 85.4162864718368, 51.53697993850591
3.039999999999979, 87.30094099644006, 53.712522591354166
3.049999999999979, 88.87147841398179, 55.81894669907741
3.0599999999999787, 90.17452089586685, 57.82928887766451
3.0699999999999785, 91.25289222639327, 59.72680490947945
3.0799999999999783, 92.14481617485808, 61.502568906232476
3.089999999999978, 92.88365161945777, 63.15344110987706
3.099999999999978, 93.49798443155181, 64.68040927514731
3.1099999999999777, 94.01193872146186, 66.08727676214126
3.1199999999999775, 94.44560726418393, 67.3796542750145
3.1299999999999772, 94.81553141270292, 68.56420642831357
3.139999999999977, 95.1351845477275, 69.64810503766724
3.149999999999977, 95.41543080109768, 70.63864535633593
3.1599999999999766, 95.66494342719993, 71.54298746914377
3.1699999999999764, 95.89057583817922, 72.36799147171031
3.179999999999976, 96.09768393628111, 73.12012117911026
3.189999999999976, 96.29040179491513, 73.80539654952636
3.1999999999999758, 96.47187461986036, 74.42937962854045
3.2099999999999755, 96.64445376971472, 74.99718260951614
3.2199999999999753, 96.80985880335638, 75.51348963140282
3.229999999999975, 96.96931131711324, 75.9825862979943
3.239999999999975, 97.12364491735424, 76.40839271231464
3.2499999999999747, 97.27339516502012, 76.79449718164176
3.2599999999999745, 97.41887280215714, 77.14418875613934
3.2699999999999743, 97.56022307059081, 77.46048749615734
3.279999999999974, 97.697473482264, 77.74617188459568
3.289999999999974, 97.83057200865885, 78.00380316284951
3.2999999999999736, 97.9594173239479, 78.23574661213921
3.3099999999999734, 98.08388245911826, 78.44418995765429
3.319999999999973, 98.20383299592736, 78.63115916473863
3.329999999999973, 98.31914074295646, 78.7985319423918
3.3399999999999728, 98.42969368406713, 78.94804928328864
3.3499999999999726, 98.53540286566732, 79.08132536155863
3.3599999999999723, 98.6362067876342, 79.19985608736214
3.369999999999972, 98.73207377872984, 79.30502658652982
3.379999999999972, 98.82300276700614, 79.39811783837428
3.3899999999999717, 98.90902279597624, 79.48031266827219
3.3999999999999715, 98.99019158590586, 79.55270125590359
3.4099999999999713, 99.06659339471527, 79.61628628659304
3.419999999999971, 99.13833639343173, 79.67198784296987
3.429999999999971, 99.20554973600984, 79.72064810768794
3.4399999999999706, 99.26838047203545, 79.7630359254448
3.4499999999999704, 99.3269904229328, 79.79985125400607
3.45999999999997, 99.38155311751996, 79.83172951919255
3.46999999999997, 99.43225086089701, 79.85924587752488
3.47999999999997, 99.47927199154086, 79.88291938206766
3.4899999999999696, 99.52280836497218, 79.90321704155222
3.4999999999999694, 99.5630530883045, 79.92055775965602
3.509999999999969, 99.6001985182247, 79.93531613994966
3.519999999999969, 99.63443452531708, 79.94782614209495
3.5299999999999687, 99.66594701994431, 79.95838457602105
3.5399999999999685, 99.69491672894404, 79.9672544227022
3.5499999999999683, 99.72151820798769, 79.97466797253259
3.559999999999968, 99.74591907137852, 79.980829774913
3.569999999999968, 99.7682794191391, 79.9859193953468
3.5799999999999677, 99.78875144026665, 79.99009397894652
3.5899999999999674, 99.8074791708404, 79.99349062167455
3.5999999999999672, 99.82459838608523, 79.99622855280947
3.609999999999967, 99.84023660638549, 79.99841113400173
3.619999999999967, 99.85451319847336, 80.0001276818383
3.6299999999999666, 99.86753955447824, 80.00145512207231
3.6399999999999664, 99.87941933312389, 80.00245948460427
3.649999999999966, 99.89024874902303, 80.00319724894518
3.659999999999966, 99.90011689768468, 80.00371655027904
3.6699999999999657, 99.90910610546989, 80.00405825640233
3.6799999999999655, 99.91729229527283, 80.00425692578604
3.6899999999999653, 99.924745360142, 80.00434165681322
3.699999999999965, 99.93152953837455, 80.00433683792455
3.709999999999965, 99.93770378480815, 80.00426280798443
3.7199999999999647, 99.94332213409523, 80.00413643568767
3.7299999999999645, 99.94843405267719, 80.00397162628413
3.7399999999999642, 99.95308477698515, 80.00377976332703
3.749999999999964, 99.95731563608685, 80.00357009256494
3.759999999999964, 99.96116435758533, 80.00335005451332
3.7699999999999636, 99.96466535606388, 80.00312557166785
3.7799999999999634, 99.9678500037728, 80.00290129576891
3.789999999999963, 99.97074688357847, 80.00268081999864
3.799999999999963, 99.97338202445187, 80.00246686049566
3.8099999999999627, 99.97577911997254, 80.00226141110785
3.8199999999999625, 99.97795973047388, 80.00206587487487
3.8299999999999623, 99.9799434695623, 80.00188117533696
3.839999999999962, 99.98174817581618, 80.00170785040687
3.849999999999962, 99.98339007051418, 80.00154613121511
3.8599999999999617, 99.98488390226356, 80.00139600804388
3.8699999999999615, 99.98624307940128, 80.00125728520104
3.8799999999999613, 99.9874797910287, 80.00112962644847
3.889999999999961, 99.98860511751765, 80.00101259238967
3.899999999999961, 99.98962913129385, 80.00090567103435
3.9099999999999606, 99.99056098866733, 80.00080830259374
3.9199999999999604, 99.9914090134376, 80.0007198994152
3.92999999999996, 99.99218077295906, 80.00063986183754
3.93999999999996, 99.992883147307, 80.00056759063757
3.9499999999999598, 99.99352239214105, 80.00050249664119
3.9599999999999596, 99.994104195819, 80.00044400798801
3.9699999999999593, 99.99463373127189, 80.00039157546556
3.979999999999959, 99.99511570311071, 80.00034467626536
3.989999999999959, 99.99555439039688, 80.00030281645901
3.9999999999999587, 99.99595368547193, 80.00026553244501
4.009999999999959, 99.99631712920848, 80.0002323915767
4.019999999999959, 99.99664794301223, 80.00020299214724
4.0299999999999585, 99.99694905787604, 80.00017696287777
4.039999999999958, 99.99722314075947, 80.00015396202983
4.049999999999958, 99.99747261854272, 80.00013367624142
4.059999999999958, 99.99769969978044, 80.00011581916849
4.069999999999958, 99.99790639446076, 80.00010012999745
4.079999999999957, 99.99809453195476, 80.00008637188236
4.089999999999957, 99.99826577732524, 80.00007433034871
4.099999999999957, 99.998421646147, 80.00006381169732
4.109999999999957, 99.9985635179768, 80.00005464143392
4.119999999999957, 99.99869264859846, 80.00004666274405
4.129999999999956, 99.99881018115583, 80.00003973502746
4.139999999999956, 99.99891715627678, 80.00003373250229
4.149999999999956, 99.99901452128078, 80.00002854288573
